time value.DAX value.Dow.Jones value.Nikkei
2013-01-02 35.9302441021427 41.7962084111245 22.2735474867329
2013-01-03 35.8270561896025 41.6103631652576 22.2735474867329
2013-01-04 35.9191138269789 42.0708482642106 22.7470750227888
2013-01-07 35.7172171784257 42.1134195349622 22.4008104996878
2013-01-08 35.5470987627594 41.9614508692916 22.2801422211607
2013-01-09 35.6609117464908 42.0172574819328 22.4805418853132
2013-01-10 35.6054836535067 42.3869421805505 22.6795133579669
2013-01-11 35.638091862039 42.2922450094238 22.7538688058668
2013-01-14 35.7027128659098 41.6278442170823 22.7538688058668
2013-01-15 35.4550884886885 41.6348065461691 22.1598868457727
2013-01-16 35.5253885256342 41.6149458156335 21.732303915565
2013-01-17 35.7301494994155 42.0682917244024 22.0012407788839
2013-01-18 35.5766599596882 42.1203013737407 22.4038881924754
2013-01-21 35.7920437505849 42.1203013737407 21.8120718755137
2013-01-22 35.54885344528 42.3481480937086 21.8317767690866
2013-01-23 35.6011871633551 42.5330797911728 21.51783324864
2013-01-24 35.7886719673086 42.6942967334602 21.9385836977746
2013-01-25 36.2960253119335 42.8609774571474 22.3296346515672
2013-01-28 36.1806876953624 42.4041878427877 21.5401812083154
2013-01-29 36.2526048330639 42.6573036801625 21.6440343541566
2013-01-30 36.0805016898151 42.5101603545429 22.1818228213789
2013-01-31 35.9176343033689 42.1480027092275 22.0306970703689
2013-02-01 36.1824897411885 42.4667041673053 22.0578461606705
2013-02-04 35.2810434637731 41.8452838222436 21.6540024643831
2013-02-05 35.4031246515159 42.2963419254448 21.3464082348492
2013-02-06 35.0175299770367 42.5246774476971 22.2436577179507
2013-02-07 35.0621954216838 42.3204605469035 21.7935276381313
2013-02-08 35.3452945867413 42.6420191418237 21.5107309480984
2013-02-11 35.2603052922095 42.9867150627073 21.5107309480984
2013-02-12 35.3824766937926 43.0747311157485 22.2426062960103
2013-02-13 35.6212802997246 42.8590857399464 21.7312055771042
2013-02-14 35.2485254690811 42.6994224349458 21.9156024549136
2013-02-15 35.0744804487847 42.9419749175324 21.7748122310363
2013-02-18 35.2371628901607 42.9419749175324 22.234452731578
2013-02-19 35.8086275219133 43.246427885744 22.0838883837914
2013-02-20 35.6998485360627 42.8811323159584 22.328959717051
2013-02-21 35.0285677796653 42.6440852726311 21.9927122890624
2013-02-22 35.390422380207 43.5164854256101 22.4541218775226
2013-02-25 35.9044245693928 42.973789574662 23.0462249186129
2013-02-26 35.0911093247237 43.2795317278205 22.4014849809122
2013-02-27 35.454718607786 44.2878901398478 22.7862658223201
2013-02-28 35.758973188615 44.1782503350529 23.4279771346945
2013-03-01 35.6040514885832 44.1605361637791 23.3233156386206
2013-03-04 35.5279303332652 44.6236338548188 23.2848995693534
2013-03-05 36.3530231469869 45.0595213259806 23.397091287985
2013-03-06 36.579446994588 45.1036363525385 23.8993040573936
2013-03-07 36.6738592450685 45.2050697968618 23.925763995587
2013-03-08 36.8895678076381 45.4426654068173 24.3546146343937
2013-03-11 36.8794975578006 45.6853325136348 24.0842769132929
2013-03-12 36.7955705472898 45.687064269243 23.9790857583349
2013-03-13 36.8176957745473 45.6299005075258 23.770028934618
2013-03-14 37.221674012105 45.9757800589589 24.1721297972848
2013-03-15 37.1499869240844 46.0382338672321 24.5447274540217
2013-03-18 37.0014862730083 45.4522708759251 23.8854749299192
2013-03-19 36.710903774974 45.9739040021856 24.7367536280236
2013-03-20 36.9611624277425 46.1481465018717 24.7367536280236
2013-03-21 36.6403240755851 45.9464475484413 24.9997343104799
2013-03-22 36.5425874051338 46.1776663459713 24.3346875718597
2013-03-25 36.3557476363744 45.746586465305 24.898045640959
2013-03-26 36.3962564267104 46.182685226286 24.7616367611467
2013-03-27 35.9778663445529 46.44182884204 25.0858858724655
2013-03-28 36.0065975658364 46.7802232764059 24.797611422141
2013-03-29 36.0065975658364 46.7802232764059 25.0462057959245
2013-04-01 36.0065975658364 46.7510199980398 24.4684236734693
2013-04-02 36.6927976248818 47.0480643946135 24.3279963341329
2013-04-03 36.3735312688696 46.5916081787677 25.1556411188783
2013-04-04 36.1085856172097 46.8394539279518 25.7119698124309
2013-04-05 35.375825595156 46.6211702323365 25.6624520619277
2013-04-08 35.3937941681024 46.2606611989385 25.3437402565053
2013-04-09 35.2777167897264 46.4076656894933 25.0293017117306
2013-04-10 36.0773599516007 46.6356318711395 25.0025695281747
2013-04-11 36.3591194242698 46.7299809284306 25.3819193683516
2013-04-12 35.7731527340771 46.7047381264478 25.1806231386266
2013-04-15 35.6246971922306 45.7889704346502 25.0507301338477
2013-04-16 35.4858969100895 46.3999834935778 25.1256070225444
2013-04-17 34.6565527154458 45.8952874408555 25.5220549465747
2013-04-18 34.5212166891162 45.5352860570651 25.0292388773476
2013-04-19 34.4576128646558 45.840107017318 25.3160971723055
2013-04-22 34.5414474026315 45.8985405301837 25.4355176960256
2013-04-23 35.3733311508304 46.3677215244869 25.3258868767336
2013-04-24 35.8390186991064 46.3489221439488 26.1282239698658
2013-04-25 36.1800404014735 46.4977091752817 26.217099841053
2013-04-26 36.0964359131788 46.420625112044 26.1118796970241
2013-04-29 36.3677575091837 46.7664691029291 26.1118796970241
2013-04-30 36.5534876306166 46.6788681225236 26.3860454115846
2013-05-01 36.5534876306166 46.1151334410632 26.2340846313947
2013-05-02 36.7752000025529 46.2637658960913 25.9770901398319
2013-05-03 37.5169206271176 46.8714258448137 25.9770901398319
2013-05-06 37.4697607381449 46.9377261610741 25.9770901398319
2013-05-07 37.7917042248582 47.2547418316992 26.5518780119435
2013-05-08 38.105474234171 47.4698678075137 26.8194504821
2013-05-09 38.1647815730988 47.265517687584 26.624109320245
2013-05-10 38.2388706375288 47.349061736588 27.3225629113514
2013-05-13 38.2421048436594 47.7781338759384 27.2701140411481
2013-05-14 38.5184153329345 48.2250271907086 27.2076742567795
2013-05-15 38.6260824173827 48.3904876732957 27.825857511981
2013-05-16 38.6604949258169 48.5702220537345 27.7405920445727
2013-05-17 38.7904270733632 49.0212110622433 27.9796903759068
2013-05-20 39.0575446517516 49.1203297900854 28.2263074468369
2013-05-21 39.1331583490213 49.2265047157924 28.3984607826534
2013-05-22 39.4042453871937 48.8552494927575 28.7963302288422
2013-05-23 38.5778625030838 48.7278312176705 26.5649683749205
2013-05-24 38.3623388763465 48.857425671864 27.0286146634362
2013-05-27 38.7225267587512 48.857425671864 26.2874298321853
2013-05-28 39.1732047859197 48.9951775197004 26.6693517982545
2013-05-29 38.5067279777222 48.7693870727024 26.5258145522258
2013-05-30 38.8005897911167 48.8689380950151 25.2352808240009
2013-05-31 38.5633559318731 47.8611371494043 25.5641811985566
2013-06-03 38.2721735032554 48.2623901825749 24.7294860986589
2013-06-04 38.3191033425472 47.9171598391086 25.2714108427417
2013-06-05 37.8582174883954 47.0660153928359 24.2522794459288
2013-06-06 37.4084664175589 47.2852350064654 24.1010499402841
2013-06-07 38.1284294416928 47.7114429972677 24.179548890305
2013-06-10 38.3732864697538 47.4074867606379 25.5166666551542
2013-06-11 37.9796062730197 47.0590745576371 24.9117555773537
2013-06-12 37.6138273219236 46.4570989909515 24.9835730790239
2013-06-13 37.392669771341 46.8867015161063 23.6471150032461
2013-06-14 37.54311004077 46.4548221306691 24.4429015093396
2013-06-17 37.948522697327 46.7753562118156 25.2706571452826
2013-06-18 38.0121693769413 47.2229947008644 25.0628889152908
2013-06-19 37.8623763967822 46.4693773963924 25.3628039370844
2013-06-20 36.6217104628257 45.3507223690125 24.8274422781727
2013-06-21 35.9785609971283 45.9785537249443 24.9958089632518
2013-06-24 35.5314870569928 45.9432426586733 24.7603238376822
2013-06-25 36.0804543265097 46.3225369908838 24.5793819887274
2013-06-26 36.6794954229895 46.7642017644637 24.4160239797355
2013-06-27 36.9093361677157 47.3648773902794 25.2406268643302
2013-06-28 36.7636998464867 47.0640163260234 26.069261321643
2013-07-01 36.8777879845097 47.3357353774742 26.1513674321167
2013-07-02 36.5399080203569 47.1070939938747 26.4603163216725
2013-07-03 36.1636889339019 47.2872576432128 26.2618723023631
2013-07-04 36.9257801078225 47.2872576432128 26.2558882756746
2013-07-05 36.0559744861482 47.988129203908 26.8940614037371
2013-07-08 36.806748185759 48.8003087197311 26.4638914119932
2013-07-09 37.2188096868769 48.9931484926449 27.1269899680793
2013-07-10 37.2591335321426 48.9653553032524 27.0401968342269
2013-07-11 37.6855595191739 49.6077696340592 27.3516708506387
2013-07-12 37.9348461017617 48.6618547278271 27.2734746585966
2013-07-15 38.0366492126837 48.7283917270558 27.2734746585966
2013-07-16 37.8807125965553 48.6785484300565 27.3320085933339
2013-07-17 38.1286143821441 48.5662261551987 27.2779200236185
2013-07-18 38.5090825908262 48.6699739635497 27.5945804258107
2013-07-19 38.4835878297492 48.7811911092698 27.0774273291613
2013-07-22 38.4812287084936 48.6421019569178 26.9899251117317
2013-07-23 38.4034949605714 48.6153630935147 27.3544764445373
2013-07-24 38.7031756428814 48.4327530141856 27.2774240971918
2013-07-25 38.3330550924041 48.4010653781754 26.8452485288902
2013-07-26 38.0833038976839 48.4147465771146 26.0668857907873
2013-07-29 38.1485248275191 48.0708959126727 25.4975153941649
2013-07-30 38.2039033031219 48.0847280254405 25.9846177338305
2013-07-31 38.2267682968034 48.0593392789032 25.5834936279657
2013-08-01 38.8492292083184 48.4394538165375 26.2251892713955
2013-08-02 38.8317229888096 48.5884271250529 26.9422216509151
2013-08-05 38.7921817558838 48.3428370771423 26.4252551207202
2013-08-06 38.3365193482156 48.0971147412369 26.7922863974123
2013-08-07 38.1552232940802 47.915630922545 25.8527976039687
2013-08-08 38.4223859770792 47.8930610293597 25.655345849546
2013-08-09 38.5147165146715 47.4896360250281 25.747280739975
2013-08-12 38.611440523102 47.5286163177155 25.6418654233545
2013-08-13 38.8724595701318 47.7325145036518 26.2703963063776
2013-08-14 38.9757422046639 47.4822181347008 26.3528922543896
2013-08-15 38.6901485952807 46.8724227543067 25.7240835288833
2013-08-16 38.7624378725795 46.6891056449159 25.5690642854424
2013-08-19 38.643958517794 46.3202043610171 25.7714039194086
2013-08-20 38.3379041452147 46.2581083035696 25.0263984158706
2013-08-21 38.2703737115052 45.7956691873925 25.0920893515555
2013-08-22 38.7899173566201 45.9373328953273 24.9126642051266
2013-08-23 38.8781431113583 46.2639500588545 25.3506944035945
2013-08-26 38.9620250172584 45.9288551651591 25.1275550361485
2013-08-27 38.072446522736 45.4258150091059 24.9999131493615
2013-08-28 37.6814028602438 45.5949986122925 24.8362591159725
2013-08-29 37.850689046189 45.6728901489917 25.1833508225542
2013-08-30 37.4285121860039 45.8565540067264 25.0392458322417
2013-09-02 38.078499949484 45.8565540067264 25.4616890959491
2013-09-03 37.7867626995125 46.1976040212439 26.0438375953389
2013-09-04 37.8570176272285 46.598219925033 26.0985038624271
2013-09-05 38.037438596489 46.6082391085605 26.0870059063517
2013-09-06 38.2253834951853 46.5933131103961 25.6538971075816
2013-09-09 38.2283876516349 46.9966968086286 26.476509444969
2013-09-10 39.0146338896251 47.3133071929751 26.7052281553561
2013-09-11 39.2418448669557 47.5446123637335 26.4968385640382
2013-09-12 39.2338518172359 47.392583820454 26.3261189540317
2013-09-13 39.3050765564378 47.5259633862908 26.4993468076185
2013-09-16 39.783513739328 47.9253364773748 26.4993468076185
2013-09-17 39.7093795656683 47.8104943517106 26.3780832873012
2013-09-18 39.8900260718391 48.3034780343774 26.680549017291
2013-09-19 40.158483347235 48.0853568078505 27.1705514534171
2013-09-20 40.073266261717 46.9532643346832 26.8508767198357
2013-09-23 39.8864716021873 46.8298874946203 26.7169820532512
2013-09-24 40.0218527331276 46.6578514811606 26.8109501890843
2013-09-25 40.0266115767168 46.5642635558183 26.7067838439864
2013-09-26 40.0195432292533 46.7112890579058 27.0756621621204
2013-09-27 40.0075807243684 46.4633602505613 26.9414653390113
2013-09-30 39.6976020012347 46.0105219902347 26.49332660912
2013-10-01 40.1352033634213 46.2470392750315 26.6607090973462
2013-10-02 39.8593574862787 45.9734785891771 25.9841264270438
2013-10-03 39.7138136329658 45.5347709425288 26.077677797822
2013-10-04 39.8295639855932 45.5606392438131 25.7432190333275
2013-10-07 39.6845749536341 45.3050293105152 25.5274944196048
2013-10-08 39.5197205809106 44.7776577422503 25.691069919984
2013-10-09 39.3386590892266 44.8445926053008 25.9736515804027
2013-10-10 40.1196367668844 45.9384282305672 26.2459527013258
2013-10-11 40.3000577361449 46.3543959241527 26.5235228676679
2013-10-14 40.2953440017853 46.4636223461685 26.2672857336958
2013-10-15 40.6677785689075 45.9809078755721 26.3699377803407
2013-10-16 40.8597425447691 46.7253902952177 26.4265908421543
2013-10-17 40.7026060674738 46.7394911290863 26.6526376283325
2013-10-18 40.9479637867367 46.5527127205689 26.5273867029252
2013-10-21 40.9577566282068 46.2514042216487 26.7519000455199
2013-10-22 41.3283868908082 46.5121360216615 26.7118327015001
2013-10-23 41.2009040829768 46.2405656769581 26.0834589805519
2013-10-24 41.4815990175491 46.3019011017971 26.2530278069424
2013-10-25 41.5052037684166 46.4168303328932 25.5408578922986
2013-10-28 41.4724557286627 46.3859039551927 26.073729671381
2013-10-29 41.6728728489869 46.7246375006715 25.8890687119152
2013-10-30 41.6185047813291 46.6425001759519 26.2253099179964
2013-10-31 41.7277461206172 46.5021369611147 25.8293503914589
2013-11-01 41.6072369290196 46.9705867352318 25.7195981175096
2013-11-04 41.7430375628626 47.6867486778006 25.7195981175096
2013-11-05 41.613150524546 47.5771600802088 26.0025154366729
2013-11-06 41.759849125177 47.9939781503994 26.2821026018239
2013-11-07 41.945349196929 47.4857336861723 26.0198474256052
2013-11-08 41.9326469256201 48.1071336238208 25.8112274392067
2013-11-11 42.0692775397275 48.5505472160782 26.235451538884
2013-11-12 41.924333616998 48.4037222154257 26.7812036623017
2013-11-13 41.8243302932072 48.5238872726224 26.5734115417439
2013-11-14 42.2623511582966 48.5934642096622 27.0969445929128
2013-11-15 42.350252141362 48.75712156532 27.504941913691
2013-11-18 42.612331213718 48.6815355168835 27.3067520503129
2013-11-19 42.4638779259473 48.6289213129957 27.250884018993
2013-11-20 42.5044340749698 48.3878549776935 27.1840789440939
2013-11-21 42.4767651377074 48.7020513286057 27.6671917953327
2013-11-22 42.5828173754757 49.1486239961298 27.6798425961087
2013-11-25 42.9565420129861 48.7516862445588 27.6976731272453
2013-11-26 42.9109067568531 48.8569772232726 27.4714293948974
2013-11-27 43.1929413884328 48.8845695136989 27.3831360505122
2013-11-28 43.3603353100925 48.8845695136989 27.7276264750692
2013-11-29 43.4431526778958 48.6824463826352 27.4634487691377
2013-12-02 43.4277259125805 48.4367886327636 27.3844740159524
2013-12-03 42.6029578751506 48.2264374336289 27.5202788746365
2013-12-04 42.2206402573369 48.179533598406 26.9057952575684
2013-12-05 41.9634553470212 47.9019262817944 26.5547948923464
2013-12-06 42.3674335845789 48.3894903836061 26.80356298189
2013-12-09 42.4725611200909 48.0806966096356 27.0188266857209
2013-12-10 42.0996709709964 47.8920361601527 26.8849515260175
2013-12-11 41.9272430514558 47.3722151581393 26.6456974167766
2013-12-12 41.6495928697923 47.0062717175983 26.4339387605563
2013-12-13 41.60090834798 47.0367696791721 26.4908037487546
2013-12-16 42.3265526592646 47.5329403225053 25.9998992234502
2013-12-17 41.9642402180559 47.4498369935004 26.2526125385673
2013-12-18 42.4105743963863 48.3141884487475 26.7989748280776
2013-12-19 43.1218564804524 48.34738912892 27.2425254391805
2013-12-20 43.4195028177987 48.7957317294971 27.1525798446995
2013-12-23 43.828934546902 49.005989125771 27.1544878328834
2013-12-24 43.828934546902 49.1485533412628 27.177294722943
2013-12-25 43.828934546902 49.1485533412628 27.3299195500434
2013-12-26 43.828934546902 49.5342095053834 27.614516849868
2013-12-27 44.293465089165 49.5189311296904 27.4949617323918
2013-12-30 44.1215017771378 49.3622421734079 27.4407813405466
2013-12-31 44.1215017771378 49.5174733632456 27.4407813405466
2014-01-02 43.4188577779856 49.038473716876 27.4407813405466
2014-01-03 43.5810327659323 49.3817663552326 27.4407813405466
2014-01-06 43.5480050544972 49.7074252919219 27.1897237371985
2014-01-07 43.9092123611501 49.9688948329932 27.0871367558174
2014-01-08 43.8705958350994 49.6860527387344 27.5898199211379
2014-01-09 43.5184912208739 49.7120491509843 27.1123841605688
2014-01-10 43.7569700458951 49.7472540775374 27.1894328152502
2014-01-13 43.9275485609232 48.9100118995376 27.2047056324474
2014-01-14 44.0676885354527 49.2767664005882 26.561500971251
2014-01-15 44.9605418279459 49.576632030855 27.1941655926729
2014-01-16 44.8861776092243 49.5407625072063 26.9550219680205
2014-01-17 45.0028075548783 49.728180664958 26.9124030759809
2014-01-20 44.8778191913725 49.728180664958 26.9620433510913
2014-01-21 44.9435002159505 49.8328516596022 27.2704523188119
2014-01-22 44.8972650338531 49.7080767183422 27.2267435860038
2014-01-23 44.4858485679293 49.1375106768183 27.0172349390918
2014-01-24 43.3818109893853 47.9915235292771 26.4522547032373
2014-01-27 43.1841183630676 47.6184440528552 26.0949028640185
2014-01-28 43.4505909016429 47.8875821047465 26.0225588654858
2014-01-29 43.1264303835904 47.3655365019024 26.6630568612078
2014-01-30 43.2961789183542 47.7169897542797 26.0191678111743
2014-01-31 42.986705399193 47.4327768433343 26.0423204050165
2014-02-03 42.4326048970329 46.8781615460826 25.8678388166856
2014-02-04 42.1618877397629 47.0537050067366 24.8053312116245
2014-02-05 42.108354160521 46.9792793538177 25.2179390913988
2014-02-06 42.7562151065022 47.5381418086696 25.1473049317245
2014-02-07 42.9656401972618 47.9424145378245 25.5849531778543
2014-02-10 42.9099369499862 47.6597653494963 25.6758156570108
2014-02-11 43.7825099115828 48.2524272250337 25.6758156570108
2014-02-12 44.0653339223487 48.0642255073242 25.7795881573142
2014-02-13 44.3275528259263 48.4118110378346 25.3609810799021
2014-02-14 44.6307022768184 48.708951339021 25.0081789657037
2014-02-17 44.6046481862361 48.708951339021 25.1408813144573
2014-02-18 44.618599931474 48.398864791399 25.9085510368516
2014-02-19 44.6198449018705 48.0591709842443 25.6021392711758
2014-02-20 44.4295408772996 48.2314063977139 25.0234097667935
2014-02-21 44.6055277792626 48.2541782616454 25.8310452331505
2014-02-24 44.845671077583 48.5087849569935 25.6579000706956
2014-02-25 44.8013710010679 48.4335874666428 26.042614712257
2014-02-26 44.6276079019094 48.4720737257177 25.9141555416276
2014-02-27 44.2885709271247 48.765197306059 25.8773022356535
2014-02-28 44.7677929810497 49.0552037926797 25.8436280213451
2014-03-03 43.2287838030957 48.1708578828046 25.3949256188356
2014-03-04 44.2923599592281 48.9632267419558 25.6702597634611
2014-03-05 44.0746621516864 48.952590383896 25.9235791722891
2014-03-06 44.0785910150113 49.1765990236387 26.2330851807192
2014-03-07 43.1911867059122 49.1401050401188 26.2948776425241
2014-03-10 42.7974162953377 48.6497720423058 25.6920186339948
2014-03-11 42.9927543131705 48.4464822173599 25.8813274690315
2014-03-12 42.4426322963354 48.4657638361435 25.2331341381792
2014-03-13 41.653242066055 47.7490429600044 25.2881345509396
2014-03-14 41.8316286857327 47.4703859675427 24.4649516990297
2014-03-17 42.4066004238317 48.0309811652583 24.657988370587
2014-03-18 42.6914091667992 48.2974734517002 24.8288439110869
2014-03-19 42.8507649341284 47.9259208325575 24.8985900663979
2014-03-20 42.938850853026 48.2788045445907 24.5013977337575
2014-03-21 43.1551142415684 48.5687798868922 24.5013977337575
2014-03-24 42.4429976644674 48.5332763386368 24.9922109490156
2014-03-25 43.1341437662481 48.7910313856351 24.8704991125971
2014-03-26 43.6430645942476 48.4050268023006 24.9388361854514
2014-03-27 43.6552120442027 48.4504554472731 25.2184204300992
2014-03-28 44.283306884182 48.7528401123139 25.4527213764671
2014-03-31 44.1388230561953 49.2120438370145 25.5320740122455
2014-04-01 44.3596107258754 49.382298731103 25.3913556011066
2014-04-02 44.4503760341689 49.4347235557611 25.5338684523648
2014-04-03 44.4755956317164 49.4297983573559 25.6529798511073
2014-04-04 44.784834593045 49.095484742908 25.671475880791
2014-04-07 43.9306880404429 48.7488855846458 25.4723717999689
2014-04-08 43.8380327311778 48.7299224714712 25.1231934424261
2014-04-09 43.9099025055738 49.0972537509455 24.6680244158265
2014-04-10 43.6705937002884 48.1738910158764 24.7406300453685
2014-04-11 43.0273968712855 47.5329777228942 24.1009013390403
2014-04-14 43.1376982358999 47.9018083153655 24.0062604352508
2014-04-15 42.3734373939457 48.3369342688641 24.2279228999687
2014-04-16 43.0390842218788 48.907676574034 24.9635308681555
2014-04-17 43.4635232226327 48.8166937627005 24.8536988623235
2014-04-18 43.4635232226327 48.8166937627005 25.0079765154619
2014-04-21 43.4635232226327 48.9803327297807 24.9800671142155
2014-04-22 44.3428893774013 49.1777963947789 24.734076177263
2014-04-23 44.084689550989 49.1719669464348 25.0154122933931
2014-04-24 44.1054254684768 49.0972591396141 24.7707029489392
2014-04-25 43.4258313988383 48.6766297358267 24.8264628871449
2014-04-28 43.6328116626536 48.9044542693125 24.6081568276022
2014-04-29 44.2691250846441 49.1123055726703 24.564719425873
2014-04-30 44.357395948612 49.2544743874731 24.5279427581301
2014-05-01 44.357395948612 49.2318832407409 24.9014761161679
2014-05-02 44.1393282601679 48.9536162747437 24.8171994280521
2014-05-05 44.0168343409876 49.0024385681995 24.8171994280521
2014-05-06 43.7305956917914 48.6079504785709 24.8627709504146
2014-05-07 43.978957576742 48.8436047006878 24.1164774784407
2014-05-08 44.3766568506414 48.8832655543942 24.3645235724333
2014-05-09 44.2567926942378 49.05284864415 24.4416636111463
2014-05-12 44.815737741057 49.8977530182423 24.5901499089883
2014-05-13 45.0557863127664 49.9538032574334 25.0285808866631
2014-05-14 45.0556013676962 49.7445528810537 24.9766370987369
2014-05-15 44.6013688708758 49.3266521307888 24.8947526684503
2014-05-16 44.4768857067235 49.4998244501428 24.6158765927019
2014-05-19 44.6167956315722 49.5868376888035 24.5341124585706
2014-05-20 44.5229855703699 49.1163739412815 24.6599633321052
2014-05-21 44.7945372160558 49.6178970413817 24.6108608425026
2014-05-22 44.9009593347265 49.6914828338801 25.1888072151073
2014-05-23 45.118512798276 49.9615719425466 25.3542692765125
2014-05-26 45.6950136773663 49.9615719425466 25.5855851999211
2014-05-27 45.9167260493026 50.2986501481822 25.6451577890863
2014-05-28 45.9091028851043 50.1379017775496 25.6814611419893
2014-05-29 45.9078579193268 50.4316324739021 25.7669998803727
2014-05-30 45.9280390108418 50.5318229561418 25.7602458078337
2014-06-02 45.9596819206588 50.5041546452669 26.2244724249958
2014-06-03 45.819357005678 50.5103240423415 26.3363499232725
2014-06-04 45.8513652882458 50.5636318721258 26.3177736119188
2014-06-05 45.949104212773 50.853968288934 26.2755054101661
2014-06-06 46.1309099836515 51.1428263097518 26.3075636822979
2014-06-09 46.2299389831859 51.0758466054745 26.3325437509039
2014-06-10 46.323104009194 51.1555959323984 26.1431100226309
2014-06-11 45.9582475016594 51.0574465054257 26.4189722378351
2014-06-12 45.9069332124515 50.8448741205275 26.3665587079425
2014-06-13 45.7876238820207 50.9485360611384 26.6278168721659
2014-06-16 45.6541823740522 50.9570134929235 26.3147306024585
2014-06-17 45.8220363904548 51.0216234547195 26.4224456997931
2014-06-18 45.8682715771712 51.2778566233516 26.6074571218299
2014-06-19 46.2085535177334 51.3190869920006 27.0003130400426
2014-06-20 46.1311400287134 51.2117271097177 26.9563266251739
2014-06-23 45.824805993691 51.2159219632103 26.9581513240882
2014-06-24 45.9040688872234 50.8706546455487 27.0131693862087
2014-06-25 45.5792137119766 50.9862626977792 26.8031655979865
2014-06-26 45.2889108810045 50.876764844724 26.8708805150326
2014-06-27 45.3363459242687 50.8827963371122 26.5286532792155
2014-06-30 45.419027964383 50.7023515364876 26.6716029279286
2014-07-01 45.7393092411108 51.0438557367799 26.954429886511
2014-07-02 45.7802307628842 51.0037690981122 26.9438332963168
2014-07-03 46.3260134436518 51.3627871902761 26.9097031007054
2014-07-04 46.2320184373793 51.3627871902761 27.0245995625145
2014-07-07 45.7562155300362 51.5015715165889 26.9856921963357
2014-07-08 45.1400380949501 51.1458333055778 26.8948432145849
2014-07-09 45.3041527012496 51.3432482737482 26.9285725024231
2014-07-10 44.6155957750243 51.0737157296134 26.7672452357775
2014-07-11 44.648898640751 51.1417201005532 26.7213472335331
2014-07-14 45.1877979145061 51.5466904847897 27.0120167289332
2014-07-15 44.8940308231035 51.5322895876122 27.1364714648428
2014-07-16 45.5400423599532 51.8159149831508 27.0967457649347
2014-07-17 45.0532467592112 51.5363582533877 27.1613982703531
2014-07-18 44.8968455309504 51.9876203851919 26.9881780807389
2014-07-21 44.3981325299342 51.8518256782896 27.0314977887337
2014-07-22 44.9629460584311 52.0282352837934 27.260121982298
2014-07-23 45.0517672309822 52.0580346697829 27.2478851796595
2014-07-24 45.2388370448035 52.1769748530777 27.2469987827835
2014-07-25 44.5457558374405 51.800607019914 27.5058585193271
2014-07-28 44.3340212428065 52.0030317219789 27.6452616351222
2014-07-29 44.5901912324066 51.7717910636304 27.799046035904
2014-07-30 44.3132808171671 51.7015370447548 27.8227293693342
2014-07-31 43.4532251818091 50.8364548113512 27.7288528240581
2014-08-01 42.5414312461888 50.6482790818848 27.4494357186146
2014-08-04 42.2830419665547 50.7298631305048 27.3416367448005
2014-08-05 42.447481349146 50.3392908209361 27.0947594769035
2014-08-06 42.1717256858437 50.4682680088799 26.8459702573823
2014-08-07 41.7510712090415 50.365663530115 27.0986610523848
2014-08-08 41.6141203314129 50.9064739694057 26.3294605440674
2014-08-11 42.405910279408 50.8038736244771 26.923368251484
2014-08-12 41.8919509453761 50.8469526408659 26.9880174528221
2014-08-13 42.4896974586972 51.2380978158974 27.106912044493
2014-08-14 42.6108065762593 51.4204997932563 27.2528612786589
2014-08-15 41.99878804956 51.2569410526203 27.2257435615207
2014-08-18 42.7042512693296 51.6741266357557 27.2074972361169
2014-08-19 43.1151129092807 51.9959551475333 27.4393452055147
2014-08-20 43.0240724466956 52.3314447243357 27.4636472677105
2014-08-21 43.425741180379 52.6991589670444 27.6493465623438
2014-08-22 43.1376982358999 52.7116179890319 27.4778700373434
2014-08-25 43.9274087250826 53.0301220332164 27.6188578257126
2014-08-26 44.2877409514794 53.2998449488502 27.5120254949116
2014-08-27 44.2025644624205 53.3677650636859 27.576282027897
2014-08-28 43.7076359761181 53.29607636577 27.4732614980219
2014-08-29 43.7427882509762 53.3024087521014 27.4366142626689
2014-09-01 43.7837142809012 53.3024087521014 27.5694067042911
2014-09-02 43.9129968804828 53.453285713374 27.87879494583
2014-09-03 44.4648329833793 53.5153838816605 27.834594568208
2014-09-04 44.9164312092716 53.4270604253524 27.6618508123068
2014-09-05 45.0215587401646 53.8852769650852 27.787564363501
2014-09-08 45.0724174427812 54.3354791202215 28.0956817456847
2014-09-09 44.8537994457539 54.0716431100462 28.1351924898091
2014-09-10 44.8051600331712 54.4267972373839 28.0680176876476
2014-09-11 44.7640986755572 54.2377814859321 28.1280709769973
2014-09-12 44.5786437130349 54.0588907696667 28.1094179163861
2014-09-15 44.6179052788987 54.0304978161803 27.905404463558
2014-09-16 44.4945768713026 54.4259506312266 27.9092731265299
2014-09-17 44.6265433638126 54.4923589576768 27.8912762785863
2014-09-18 45.25763785209 54.8347686077727 28.1343315080179
2014-09-19 45.2628567904221 55.1681453877004 28.3925853614193
2014-09-22 45.0332009861471 55.0442765435892 28.210199535934
2014-09-23 44.3195191797474 54.6060172314978 28.210199535934
2014-09-24 44.6287130364654 55.0268494503491 28.1553448109444
2014-09-25 43.9268087991182 54.3255210299039 28.580702465692
2014-09-26 43.8369230884703 55.1976435120594 28.4205452899186
2014-09-29 43.5244950256217 55.3445500063727 28.6485328747052
2014-09-30 43.7618642125543 55.2483807209912 28.3667662577624
2014-10-01 43.3356705292798 54.6226314307368 28.259612891352
2014-10-02 42.4749157331949 54.7752505701628 27.5788526458995
2014-10-03 42.4749157331949 55.3195076485269 27.8381748279527
2014-10-06 42.5387969706417 55.8401797432297 28.1714901044558
2014-10-07 41.9692742159367 54.7782645510662 27.9917774138231
2014-10-08 41.5494993321611 55.3216994715497 27.6848490859273
2014-10-09 41.5942549906485 54.0899670617367 27.4910981993133
2014-10-10 40.5955795054491 53.4502332620998 27.120878624575
2014-10-13 40.7046810135157 53.1387893470354 27.3960960118969
2014-10-14 40.7637131935328 52.9352458355703 26.7442713397299
2014-10-15 39.5939043719515 52.3146966930338 27.0174055375297
2014-10-16 39.644483412125 52.2106054194088 26.4712693266984
2014-10-17 40.8794635415413 52.6278414340443 26.0765055540497
2014-10-20 40.2673999102313 52.859034315341 26.981718390116
2014-10-21 41.0489369220134 53.5105311297471 26.369834273599
2014-10-22 41.2945743083385 52.99129244767 27.1386365551007
2014-10-23 41.7895930084813 54.0310785432695 27.1287084726435
2014-10-24 41.5147169428245 54.6421796221187 27.3580126754534
2014-10-27 41.1212261993122 54.5836594651234 27.3428485191348
2014-10-28 41.8860418626202 55.0888669660758 27.250285967032
2014-10-29 41.9535677835592 54.8918954139501 27.5900551614522
2014-10-30 42.1015158673573 55.5632316394414 27.686303764215
2014-10-31 43.0808853412978 56.7195356684098 29.0644699498422
2014-11-03 42.7336748891126 57.0202116572927 29.0644699498422
2014-11-04 42.3399946969975 57.228780529642 29.0375797194775
2014-11-05 43.0282764689311 57.4361155820675 29.0085054358416
2014-11-06 43.3143301730571 57.6796929647315 28.5995072845408
2014-11-07 42.9190351296429 57.9473443236337 28.7291171552186
2014-11-10 43.1963605350146 58.1578858026612 28.6252032747304
2014-11-11 43.2756234285471 58.119719075927 29.2481851207748
2014-11-12 42.5454954325838 58.2603840236994 29.1925688785479
2014-11-13 42.71893827284 58.2540789326809 29.4325054944643
2014-11-14 42.7394035441877 58.2225499694477 29.5696426724654
2014-11-17 42.986100955839 57.9445191772064 28.38029252447
2014-11-18 43.679786606556 58.1643191038079 29.0612311102486
2014-11-19 43.7549357009313 58.203987751213 28.8751650160105
2014-11-20 43.8065296572014 58.1320481977303 28.6244402407589
2014-11-21 44.9547229636494 58.4074995770317 28.5070343432432
2014-11-24 45.1994852650994 59.1358610647145 28.9463249895846
2014-11-25 45.549005221159 59.0640670205763 28.9387195588448
2014-11-26 45.8000464862673 58.9307543456464 28.8239760396952
2014-11-27 46.0740023624384 58.9307543456464 28.5727577810278
2014-11-28 46.1016216823196 58.6964754982061 28.9484684030824
2014-12-01 46.0215288131418 58.7151436075371 29.000522641384
2014-12-02 45.8855928562287 59.007125964403 29.1131913017845
2014-12-03 46.0597754582899 59.2255762021754 29.2074853239502
2014-12-04 45.5034601788663 59.6058993653032 29.5303550989239
2014-12-05 46.5924859822271 59.8691984648604 29.5131917625967
2014-12-08 46.2593174937391 59.752139926573 29.2572145864097
2014-12-09 45.2372221981235 59.5805019051266 29.1280295326038
2014-12-10 45.2650309712264 58.3887156631847 28.6206440742396
2014-12-11 45.5551037525176 58.3816768962229 28.475143049384
2014-12-12 44.3181343827483 57.159631628841 28.7121840283654
2014-12-15 43.1138634353516 56.7011997821816 28.1229637054144
2014-12-16 44.1756803915738 56.4086234323109 27.6860971353264
2014-12-17 44.0857946855449 57.1949334441633 28.0111262796916
2014-12-18 45.3173601765309 58.6583564754318 28.7023801678555
2014-12-19 45.2060438958199 59.4618921055036 29.3462057841557
2014-12-22 45.5700208057089 60.4001618641525 29.3751157131839
2014-12-23 45.8303045990852 60.5287594487598 29.3751157131839
2014-12-24 45.8303045990852 60.7126522593255 29.5922777258642
2014-12-25 45.8303045990852 60.7126522593255 29.5329788898993
2014-12-26 45.8303045990852 60.886505500236 29.539852904128
2014-12-29 45.8534898516689 60.8992218487965 29.4442308367964
2014-12-30 45.2919105293026 60.6980455362836 28.945239260017
2014-12-31 45.2919105293026 60.3015273492326 29.1437662782613
2015-01-02 45.1033657000228 60.6043316154887 29.2904192691149
2015-01-05 43.7566001649926 59.9689074823966 29.3127729757166
2015-01-06 43.7404336378722 59.8275051880801 28.657780883509
2015-01-07 43.9645457321422 60.6215760355033 28.9602021378176
2015-01-08 45.4399984443223 62.1164284220413 29.6124195476584
2015-01-09 44.5664962630798 61.7803545450934 29.6463545488357
2015-01-12 45.182673702785 61.2625338543079 29.6463545488357
2015-01-13 45.9175560295669 61.1940506671839 29.6582683199708
2015-01-14 45.3451689496339 60.6842135064013 29.2812989938928
2015-01-15 46.3407049553137 60.4673837808223 30.1808953651271
2015-01-16 46.9650062504191 61.4623862346766 29.9076849551102
2015-01-19 47.3094922085978 61.4623862346766 30.4780450366391
2015-01-20 47.3777624087313 62.1595876494092 31.0948854538732
2015-01-21 47.572225341689 62.3304408278603 30.708631768131
2015-01-22 48.2022101826399 63.2853532804446 30.9031470984345
2015-01-23 49.1904929004049 62.9244182452346 31.2954826696157
2015-01-26 49.8775703030201 64.8726576439487 32.2282402286467
2015-01-27 49.0934937376827 63.7291052558992 32.6674580208583
2015-01-28 49.4740521648242 62.6039726099561 32.4994908134009
2015-01-29 49.5983052746766 63.1176803706162 32.0500342535359
2015-01-30 49.3971483879284 62.4800988042861 32.3045455802926
2015-02-02 50.0146610118703 63.2610539915318 32.2249237336369
2015-02-03 50.3053833411262 64.1690594346243 31.7310290098623
2015-02-04 50.3994730693906 63.8715440565685 32.2278256102391
2015-02-05 50.3721740130307 64.2364186461051 31.6615153093536
2015-02-06 50.099557829248 64.3503806012334 32.1510350534824
2015-02-09 49.2548342372135 64.4256555623022 31.9865913092642
2015-02-10 49.6720244582041 64.8811602877435 31.9601834710683
2015-02-11 49.6640810304845 64.8972358403553 31.9411835849296
2015-02-12 50.4379497688386 65.3439473325349 32.309650660763
2015-02-13 50.6400313578431 65.3241321571562 32.1145565176298
2015-02-16 50.4544861768615 65.3241321571562 32.3833425085428
2015-02-17 50.3269537470299 65.1107921261173 32.4113964893638
2015-02-18 50.6289439332143 65.1726081185222 32.8081163545874
2015-02-19 50.8180480966183 64.9504733822998 32.7759610572007
2015-02-20 51.0429901619147 65.4515455260843 32.9651345372858
2015-02-23 51.4138053695863 65.4755420957975 33.2072066125464
2015-02-24 51.7594009704725 65.9716347538461 33.529530334656
2015-02-25 51.7803218284116 66.1497401948789 33.5263607194642
2015-02-26 52.3203803668745 65.9789594446306 33.9083071369075
2015-02-27 52.6643566083101 65.9035265189595 33.990711291216
2015-03-02 52.7045428810491 67.1707613760342 34.2260433545224
2015-03-03 52.1040718737215 66.8934562238874 34.1486458238906
2015-03-04 52.612252939916 66.5319321686371 33.9892378376335
2015-03-05 53.1371102499739 66.9740175661248 34.2635764308485
2015-03-06 53.3540186737103 66.4571339801368 34.8470762031713
2015-03-09 53.4978574618838 68.2465167804988 34.9266418604247
2015-03-10 53.1203437922701 66.9166063135218 34.6142104282074
2015-03-11 54.531960371614 67.3145377233877 34.8419439303547
2015-03-12 54.5014722137343 69.2186055807227 35.8411481756394
2015-03-13 54.9736304375851 68.9851366227754 36.5274495749514
2015-03-16 56.2027917027049 70.4375588113553 36.7784026735089
2015-03-17 55.3396371796673 69.6427612768577 37.0154600152125
2015-03-18 55.0713648493417 70.2025182760131 37.0376495298874
2015-03-19 54.9634226106019 69.4523520603353 36.8229635933768
2015-03-20 55.6099438595757 69.4837144165799 36.8238769424936
2015-03-23 54.9469764164194 68.8424747495187 36.6538421097593
2015-03-24 55.4543771243497 68.1980816436426 36.8643767628098
2015-03-25 54.8060064616255 66.6117806297047 36.7337835835804
2015-03-26 54.7060482516833 66.4056080654766 36.2082215549378
2015-03-27 54.8199085941012 66.449963616978 35.9786945297676
2015-03-30 55.8253727597021 67.8849398327579 36.4338500061229
2015-03-31 55.2718315916662 67.370216657012 36.0279691406441
2015-04-01 55.4344666743557 67.5604751687112 35.8375709663505
2015-04-02 55.2774655155115 67.8781436705681 36.4708552417506
2015-04-03 55.2774655155115 67.8781436705681 36.548727430324
2015-04-06 55.2774655155115 67.0075824958818 36.1772034938413
2015-04-07 55.998630654888 66.9079746138924 36.55398072395
2015-04-08 55.5937322278446 67.6124505180845 36.9079659816924
2015-04-09 56.1968826199491 68.1753921032032 37.3468674768266
2015-04-10 57.1589759240616 69.1702734865097 37.5417642572326
2015-04-13 56.9926916451094 69.7318387664997 38.0265513707928
2015-04-14 56.4793773416526 70.1021122229972 38.071530547943
2015-04-15 56.4966535160994 70.2709639184784 38.1348719909667
2015-04-16 55.4228289411437 70.0330071755782 38.14154780918
2015-04-17 53.9901967726308 68.4562439434452 37.5057798735879
2015-04-20 54.9288251570975 68.6357281448349 37.2053264092956
2015-04-21 55.1490128961942 68.5520169867708 37.8316517502393
2015-04-22 54.8154745268037 69.1927084922926 38.2737756188266
2015-04-23 54.1513072224806 69.1420526085674 38.2416036419259
2015-04-24 54.5544058623928 69.1790989992692 37.8446032612378
2015-04-27 55.6089740480897 68.2117460772657 37.6058624585686
2015-04-28 54.5581497852664 68.5476936398918 37.751103289031
2015-04-29 52.8078210074296 67.9401242979269 37.751103289031
2015-04-30 52.9078694358311 66.5230442961438 36.2272036120812
2015-05-01 52.9078694358311 66.4304257228927 35.7797079643365
2015-05-04 53.672175382396 66.3633143129408 35.7797079643365
2015-05-05 52.3226402533676 66.017947699126 35.4437232271546
2015-05-06 52.4264326046427 65.824233955697 35.5204928121563
2015-05-07 52.6935005656499 65.4808775906937 34.8581751331087
2015-05-08 54.0873357711935 66.0924544315121 34.8888738247251
2015-05-11 53.9192922969501 66.4553975065482 35.5924739134275
2015-05-12 52.9911514065288 66.5693564498718 35.6980026118744
2015-05-13 52.4324815186202 66.2913997954358 35.7840345537856
2015-05-14 53.3948995944056 66.5851564305071 35.3478224271394
2015-05-15 52.8739215302914 66.0151217949896 35.4183362928494
2015-05-18 53.5540704212836 65.7348481283332 35.449899123586
2015-05-19 54.750623477871 66.1009500486365 35.7605422180368
2015-05-20 54.7281734789408 66.9913731588549 36.4466412467081
2015-05-21 54.8026324242733 67.6312743579101 36.5745829699029
2015-05-22 54.5736216598115 67.4083342535705 36.6315240498518
2015-05-25 54.5736216598115 67.4083342535705 37.1386314306293
2015-05-26 53.6965650089172 67.5543554231067 37.2708800666313
2015-05-27 54.3709401402235 68.4140049244459 37.2957837619629
2015-05-28 53.9387877568119 68.4758221630378 37.2582941652205
2015-05-29 52.7205244630992 67.8465154275459 37.0012400480983
2015-06-01 52.8232026635153 67.5008073134418 36.7068067420181
2015-06-02 52.32781408247 67.7209925162823 36.794023028527
2015-06-03 52.747313807335 67.4632688259694 36.3351372540633
2015-06-04 52.3823174685789 65.8521050593295 35.9265105132051
2015-06-05 51.7197244190957 65.0869273399215 35.5332039199087
2015-06-08 51.1089508581739 65.7464885100099 35.6794422300693
2015-06-09 50.8150439355497 65.4486143696602 35.0048832688376
2015-06-10 52.0349220759424 65.6140469643674 34.7860047717568
2015-06-11 52.3461998950054 65.6339245041372 35.6137707718604
2015-06-12 51.7166751487973 65.2901410272234 35.7353871822023
2015-06-15 50.7396602879609 64.9261848403327 35.7118792692944
2015-06-16 51.0123666855839 65.5432631200065 35.56886869686
2015-06-17 50.7075121741714 65.5060888511554 35.4116004405833
2015-06-18 51.272370811898 66.1286232022283 34.9310997488032
2015-06-19 50.9943056401024 65.139538931966 35.1079934013407
2015-06-22 52.9361383036769 65.6592719250677 35.7209737738699
2015-06-23 53.3150818795194 65.6605097861678 36.2392576536801
2015-06-24 52.9858377462048 65.7219240449998 36.537312489188
2015-06-25 52.9944758311187 65.7490880065827 36.4651439794228
2015-06-26 53.0836217799616 65.8854169049148 36.3899492858649
2015-06-29 51.1933875808087 64.7611675952695 35.3932486274612
2015-06-30 50.5548999780139 65.3022473737222 36.1821335889509
