time value.DAX value.Dow.Jones value.Nikkei
2012-02-01 74.0043048226904 25.1968671159583 0.798828061351252
2012-02-02 74.4403885431588 25.2383082996433 0.808127913466907
2012-02-03 75.6823241363805 25.4740790726266 0.802034669894179
2012-02-06 75.6617462640188 25.4498831366048 0.806440430264264
2012-02-07 75.5428555452441 25.632349694826 0.808838290684046
2012-02-08 75.482006661559 25.5170957188369 0.812548722435253
2012-02-09 75.9298374623757 25.3278432309477 0.802520538400312
2012-02-10 74.857909583168 25.1278871787529 0.793799715382076
2012-02-13 75.366922411407 25.4163277199864 0.79927148150698
2012-02-14 75.251941920553 25.3517056783988 0.801621205367053
2012-02-15 75.5846830131452 25.3092532018432 0.820943902114878
2012-02-16 75.517799481082 25.613423743822 0.816188543523704
2012-02-17 76.5922995887426 25.873822110179 0.832408329726295
2012-02-20 77.7137771016517 25.873822110179 0.825109102054149
2012-02-21 77.2650561205474 25.5392142897056 0.818182159640515
2012-02-22 76.5457754719312 25.4571232336848 0.823309794336036
2012-02-23 76.1609125171846 25.5592497329062 0.823537715619438
2012-02-24 76.7757309843823 25.4634885454449 0.823942279682669
2012-02-27 76.6098628715437 25.140843886799 0.802380018934978
2012-02-28 77.0352098366512 25.2353368026142 0.814755978943181
2012-02-29 76.6823386908774 25.1249138027558 0.818359382151994
2012-03-01 75.9473706387072 25.8584390512807 0.819802185797194
2012-03-02 75.7241827500749 26.0663901699311 0.827365642683104
2012-03-05 75.1234307865921 26.2932229018892 0.821639919188055
2012-03-06 72.5704325843577 25.866408954367 0.819511617558406
2012-03-07 72.9861767066718 26.0901068142264 0.81945630527619
2012-03-08 74.7742065772178 26.3055129084902 0.841474090050391
2012-03-09 75.273864515061 26.2005593757127 0.845214794718208
2012-03-12 75.5051510335522 26.4371811875532 0.835753905922317
2012-03-13 76.5396980945831 26.8900258119368 0.839091234344819
2012-03-14 77.4533479464337 26.8968769377367 0.848390027269416
2012-03-15 78.1648204141239 27.1737357736148 0.850763338998439
2012-03-16 78.3110926423941 27.1407568359221 0.848507257497847
2012-03-19 78.2717106349105 26.896499125447 0.84388447911952
2012-03-20 77.1855214144571 26.7381785595656 0.84388447911952
2012-03-21 77.3647277323898 26.5670785695807 0.835012809985818
2012-03-22 76.3794135279487 26.3743118028207 0.835725716543316
2012-03-23 76.536524883807 26.5283883743393 0.835837504279314
2012-03-26 77.4512698603789 26.7110168115617 0.8386225534908
2012-03-27 77.4476585975261 26.5944055118573 0.853533125151391
2012-03-28 76.5713126889857 26.3274092865173 0.841215719895936
2012-03-29 75.218504257487 26.4082956111245 0.83705258407887
2012-03-30 76.0027308853406 26.5872143208024 0.840551888769397
2012-04-02 76.5430203497429 26.0612449103802 0.826231834789251
2012-04-03 75.7363325505749 25.9453200581565 0.823754369206154
2012-04-04 73.5862561358957 25.7308771165324 0.810974461033698
2012-04-05 73.4907999328053 25.9888955306516 0.811244585411994
2012-04-06 73.4907999328053 25.9888955306516 0.812208389768623
2012-04-09 73.4907999328053 25.8843169100482 0.807100746403568
2012-04-10 71.6595164027345 25.487720756891 0.809356816909515
2012-04-11 72.4003599134737 25.6278473656616 0.803383784404273
2012-04-12 73.1434861616105 25.9785711488664 0.812582843650488
2012-04-13 71.4151319929626 25.6263211162299 0.818762379083885
2012-04-16 71.8630023477782 25.9055260078688 0.808879374124111
2012-04-17 73.7700025689331 26.3430748634747 0.812287749262573
2012-04-18 73.0218871538868 26.0252579476676 0.825750566688504
2012-04-19 72.3622897218745 25.9256882275656 0.813324742312362
2012-04-20 73.2181118029256 26.0321678495673 0.808150648515122
2012-04-23 70.7545547356493 25.6561370207371 0.800316497694854
2012-04-24 71.4857482926691 25.8978785686532 0.800262976814221
2012-04-25 72.7232733750054 26.0576592997693 0.808726066920055
2012-04-26 73.1072537986902 26.2167065234035 0.80450376306118
2012-04-27 73.7734716789613 26.2180743079657 0.802553392399621
2012-04-30 73.3381854604638 26.141550168127 0.802553392399621
2012-05-01 74.2132108502652 25.2679951054602 0.801083065265037
2012-05-02 73.6597839740971 25.230384174667 0.804579888253175
2012-05-03 73.4805392543652 25.2248919532578 0.804579888253175
2012-05-04 72.0210165374394 24.9772710985616 0.804579888253175
2012-05-07 72.1089345495043 25.0517803273506 0.792893167746243
2012-05-08 70.7397470023287 25.0193568702893 0.802091531022363
2012-05-09 71.0752922078587 24.8163845752146 0.789475687718156
2012-05-10 71.543872091025 24.9642566793878 0.791328989655949
2012-05-11 72.2236395949094 24.9377543397349 0.787141836744678
2012-05-14 70.8191058295586 24.7514747786247 0.789175994174268
2012-05-15 70.2602979607341 24.7198178324001 0.785715026499917
2012-05-16 70.0758920059191 24.7679020721825 0.779958224569148
2012-05-17 69.2493747280119 24.6264161097776 0.788411562167428
2012-05-18 68.835129935043 24.4932635827316 0.76815541500796
2012-05-21 69.4917334693731 24.658033517236 0.776654463612724
2012-05-22 70.6394216385854 24.6431618052101 0.782677597521619
2012-05-23 68.994613991433 24.6473965355356 0.763950515776046
2012-05-24 69.3254427895818 24.9678638732893 0.77322241002947
2012-05-25 69.5894219398104 24.9567929778448 0.780110545829327
2012-05-28 69.4055680187419 24.9567929778448 0.781818655673682
2012-05-29 70.2139753890623 25.2089899752595 0.787240711851538
2012-05-30 68.9402789012357 24.974147595664 0.787275744033116
2012-05-31 68.7600480329767 25.0893050328113 0.786769402030446
2012-06-01 70.0348045434589 23.8453380219118 0.75597990244767
2012-06-04 69.2006772346978 23.7349947079406 0.747012617741753
2012-06-05 69.0984651452199 23.75253246463 0.752151842146413
2012-06-06 70.5406537830173 24.2480341653323 0.761210353035717
2012-06-07 71.1220882066368 24.2837024002075 0.763736091217412
2012-06-08 70.9669727066457 24.3233815252301 0.739026795651507
2012-06-11 71.0853892974537 24.1077297259111 0.755009045395857
2012-06-12 71.3191025144315 24.351672600639 0.744824790205516
2012-06-13 71.2178173635041 24.3741739709302 0.755249078512349
2012-06-14 71.0571458810281 24.5967999483533 0.750406996445136
2012-06-15 72.1081997531157 24.7261724219308 0.749241954942267
2012-06-18 72.3257028315212 24.5541120990789 0.76472696761493
2012-06-19 73.6587273291373 24.726429654012 0.755069652270994
2012-06-20 73.9917531368958 24.7386644648728 0.765854994285564
2012-06-21 73.4245562917018 24.1420482324774 0.767288256924729
2012-06-22 72.4999110339046 24.3594029928953 0.760731981561552
2012-06-25 70.9851497796981 24.2370160435878 0.754250438235095
2012-06-26 71.0349219279379 24.4078239568426 0.755551457538902
2012-06-27 72.1033389687559 24.6151729721627 0.766712816663798
2012-06-28 71.1879518104029 24.5944753855598 0.77956085818947
2012-06-29 74.271299019062 25.1851038500275 0.794253068501141
2012-07-02 74.1898010068012 25.2600245594713 0.800830371318169
2012-07-03 75.1277820050832 25.4984935815905 0.810937362323739
2012-07-04 74.9746285966947 25.4984935815905 0.814947328182795
2012-07-05 74.6406901428607 25.4988904546244 0.813576043781273
2012-07-06 73.2079607174608 25.4537810922275 0.814209784441645
2012-07-09 72.9505376272254 25.772230899552 0.81722551627
2012-07-10 73.5302554105804 25.5831062297477 0.813546301650635
2012-07-11 73.7075049490091 25.4973081292502 0.814926524964233
2012-07-12 73.3134906967214 25.4942437327123 0.805257969813927
2012-07-13 74.8866925301312 25.9987221224862 0.808378090491138
2012-07-16 74.9851403259106 25.8211270040436 0.808378090491138
2012-07-17 75.1212742144369 26.005516784705 0.814008446034161
2012-07-18 76.3407744215739 26.1338734359793 0.808871011373359
2012-07-19 77.1855662753359 26.2147198414821 0.815753581299865
2012-07-20 75.7194892995142 25.9510469120624 0.807095148400871
2012-07-23 73.313262054248 26.0154443604039 0.801771076071229
2012-07-24 72.982976215319 25.8855403405626 0.804503290782747
2012-07-25 73.1669621868674 26.0382679305176 0.794429918734023
2012-07-26 75.1820303441663 26.4560054104995 0.80176079354913
2012-07-27 76.3976492939248 26.6345969256485 0.807266726806725
2012-07-30 77.3645277999805 26.376286734321 0.803058353845715
2012-07-31 77.3439671883777 26.3427206358411 0.813229991585961
2012-08-01 77.3344377198692 26.330705428334 0.834774667601645
2012-08-02 75.6356905751859 26.1078628174712 0.835347187627498
2012-08-03 78.6076119787024 26.6959974156626 0.828466455562862
2012-08-06 79.2151172199564 26.3962408845657 0.832870630028981
2012-08-07 79.7787703978926 26.488355631467 0.841000454066412
2012-08-08 79.758158143517 26.4683390171411 0.846780765429205
2012-08-09 79.7448806537933 26.5200229100153 0.857834661005177
2012-08-10 79.5109676385017 26.6859596070921 0.851524493192824
2012-08-13 79.1116142993577 26.70989532997 0.856760029458114
2012-08-14 79.8525037972161 26.6633190431434 0.859286659309524
2012-08-15 79.5366113611006 26.5814987538828 0.853596645637468
2012-08-16 80.10324428825 26.8364055901542 0.869189387667188
2012-08-17 80.6137707453861 26.882852797169 0.871902560707441
2012-08-20 80.5313385012381 26.8168146195959 0.866857497886629
2012-08-21 81.1683784597035 26.6771300185475 0.866305964016691
2012-08-22 80.348947723759 26.4604209656929 0.860064253043054
2012-08-23 79.5683263854068 26.0963150030484 0.862331173311032
2012-08-24 79.8144882429909 26.1295731812798 0.853627493856886
2012-08-27 80.6889968015176 26.1425957784873 0.856481418575888
2012-08-28 80.176407450768 26.0973271081213 0.850619083161299
2012-08-29 80.2667390976222 26.0833426813621 0.85483893389427
2012-08-30 78.9491481374167 25.8193381921023 0.844670829556458
2012-08-31 79.8112848757665 26.035677649824 0.832240515201713
2012-09-03 78.9472026007248 26.8798170305518 0.852183409515726
2012-09-04 78.021534075371 26.6670782219096 0.851975517816892
2012-09-05 78.3829090240946 26.6652473270344 0.840977708668651
2012-09-06 80.6634877085236 27.2298533084363 0.842672705970711
2012-09-07 81.1943535096031 27.1431549523202 0.855489728820897
2012-09-10 81.1853522413366 26.6123456682805 0.845970649599018
2012-09-11 82.2703783228856 26.8137934043831 0.841653103307859
2012-09-12 82.6464971060489 26.7982667631722 0.857519507951384
2012-09-13 82.2727412929677 27.0485376013219 0.857711044126145
2012-09-14 83.4185451492682 27.0692728682469 0.872849438155383
2012-09-17 83.32355926884 26.5676003526721 0.872849438155383
2012-09-18 82.6933168685992 26.6064366164202 0.84749479803073
2012-09-19 83.1780388308484 26.718100842533 0.858234663682005
2012-09-20 83.163751100583 26.8169494960062 0.845967666140958
2012-09-21 83.8629812182366 26.912465690174 0.857207742687264
2012-09-24 83.4301401801329 26.8800200361577 0.854807134692882
2012-09-25 83.5646261090945 26.7718724647452 0.86148981679614
2012-09-26 81.8922317910712 26.692515453229 0.846407337659652
2012-09-27 82.0442806287288 26.9555290713788 0.855013441502564
2012-09-28 81.2129220488289 26.8433132576944 0.847737250806625
2012-10-01 80.5936278153455 27.4403892492701 0.869955492714217
2012-10-02 80.3640576733378 27.3547467877361 0.867881542714662
2012-10-03 80.542479148452 27.2820592137135 0.859640773980939
2012-10-04 80.3569087869932 27.4538164211746 0.864962649709966
2012-10-05 81.376165419401 27.4200839969532 0.863206552514645
2012-10-08 80.2029095550719 27.1966764200299 0.863206552514645
2012-10-09 79.579430728703 27.0925643245552 0.853660505539759
2012-10-10 79.2571344811713 26.9253130637196 0.840832766022113
2012-10-11 80.098302650804 27.0172943772432 0.840476165385534
2012-10-12 79.5569957795984 26.9908383914799 0.838565394394425
2012-10-15 79.8733516277582 27.0538669291501 0.836400557092244
2012-10-16 81.138565537442 27.3404686118985 0.847680099517382
2012-10-17 81.3396421695625 27.2163793081668 0.851154148004795
2012-10-18 81.8091217530101 26.9781992030608 0.861722420479678
2012-10-19 81.1866365846853 26.5894342985381 0.859960378941261
2012-10-22 80.6081458179362 26.7493638065227 0.864394023013447
2012-10-23 78.910195782545 26.211281591154 0.859574009859782
2012-10-24 79.1209564583658 26.2191580335155 0.853282502462438
2012-10-25 79.2021347554851 26.3793489656041 0.866899451938582
2012-10-26 79.549954318718 26.3661225995226 0.851749944489124
2012-10-29 79.2343665307275 26.3661225995226 0.858666508758316
2012-10-30 80.1279992796906 26.3661225995226 0.851339913518973
2012-10-31 79.8665303747795 26.4259529157448 0.858648888626304
2012-11-01 79.2964504788226 26.9987283884255 0.855953311902626
2012-11-02 79.6010699552206 26.7533684351175 0.864098537695487
2012-11-05 79.1970043316674 27.0369607144332 0.863166837522129
2012-11-06 79.7514294058866 27.3799435724847 0.863165425136003
2012-11-07 78.1847817854781 26.747672910641 0.864881356342824
2012-11-08 77.8835139563598 26.4820858947218 0.852378888654209
2012-11-09 77.4353438806547 26.6026838070007 0.851428352052592
2012-11-12 77.4922004157202 26.6836553813838 0.84963176362297
2012-11-13 77.496095704839 26.5484817999854 0.848124652041037
2012-11-14 76.7696812135049 26.2083134957064 0.850420720789314
2012-11-15 76.1373132904201 26.0809584370623 0.859706997240726
2012-11-16 75.133198025296 26.1251555439596 0.866447244470425
2012-11-19 77.006629171613 26.5811125745191 0.874256106487533
2012-11-20 77.5379305398713 26.5011615951284 0.871648845676496
2012-11-21 77.6646173675997 26.5453050922226 0.875552746184314
2012-11-22 78.3162295221295 26.5453050922226 0.881889132587505
2012-11-23 79.0095604046171 26.7767911007987 0.881889132587505
2012-11-26 78.8247133369793 26.4514176549173 0.868926619879465
2012-11-27 79.2603477401267 26.2957258225716 0.874888607463463
2012-11-28 79.380120148887 26.510078067707 0.865109141235425
2012-11-29 80.0022167413962 26.6672989446821 0.878743413145082
2012-11-30 80.0512932376894 26.5885984565632 0.877985608220758
2012-12-03 79.5678576578087 27.0911366698033 0.858882974861365
2012-12-04 79.5668961927471 26.9605316618933 0.85518996101754
2012-12-05 79.7748228898045 27.0559028957362 0.859048907664541
2012-12-06 80.6308379299058 27.0944701496886 0.862914137149797
2012-12-07 80.4516924097312 27.3775249455603 0.862349690280957
2012-12-10 80.5920972681529 27.6435672033318 0.869316823448111
2012-12-11 81.2216670176092 27.834304023512 0.870670570579206
2012-12-12 81.4896328543978 27.7164263235345 0.872113615836791
2012-12-13 81.1385161921986 27.4352204333736 0.878570148366813
2012-12-14 81.2935833607058 27.2624673574197 0.868043083995141
2012-12-17 81.3842220859473 27.280911549992 0.869252016720874
2012-12-18 81.9047442389965 27.5233077854474 0.873842021154412
2012-12-19 82.0644097005219 27.2736498460511 0.892565047639562
2012-12-20 82.1029361290587 27.2580968893857 0.873409037856071
2012-12-21 81.7190722626496 27.0452709567623 0.867644338533625
2012-12-24 81.7190722626496 27.0328023958307 0.867644338533625
2012-12-25 81.7190722626496 27.0328023958307 0.879317458867114
2012-12-26 81.7190722626496 26.9827241772222 0.889948821453947
2012-12-27 81.9293555892934 26.9226573100678 0.894565298162018
2012-12-28 81.4639503166174 26.5110718790681 0.889644872665109
2012-12-31 81.4639503166174 26.9020665289094 0.889644872665109
2013-01-02 80.8538929339782 27.5290038997938 0.872764884419914
2013-01-03 80.6216889887758 27.4065972343876 0.872764884419914
2013-01-04 80.8288464557562 27.709894987145 0.891319549118998
2013-01-07 80.3745180643474 27.7379344845801 0.877751548033273
2013-01-08 79.9917002875665 27.6378405729807 0.873023291960701
2013-01-09 80.2478138495828 27.6745975065743 0.880875736203184
2013-01-10 80.1230839122373 27.918089725051 0.888672218305414
2013-01-11 80.1964622225528 27.8557175891003 0.89158575616601
2013-01-14 80.3418789838027 27.4181111004092 0.89158575616601
2013-01-15 79.7846494023175 27.4226968270066 0.868311215051361
2013-01-16 79.9428457019114 27.4096155895175 0.851556840074274
2013-01-17 80.4036196895332 27.7082111264068 0.862094840389246
2013-01-18 80.0582219021896 27.7424671963684 0.877872144098702
2013-01-21 80.5429004342746 27.7424671963684 0.854682461369512
2013-01-22 79.9956488527989 27.8925380635832 0.855454576326588
2013-01-23 80.1134155127206 28.0143430218371 0.84315303879647
2013-01-24 80.5353129043026 28.1205282956133 0.859639690387435
2013-01-25 81.6770110483337 28.2303122800186 0.874962599353436
2013-01-28 81.4174666022958 27.9294485521081 0.844028719442073
2013-01-29 81.5793018666292 28.0961628819261 0.848098092714594
2013-01-30 81.1920178537993 27.9992471726118 0.869170752546499
2013-01-31 80.8255170811153 27.7607126354078 0.863249053333939
2013-02-01 80.9973258956909 27.5778397247499 0.874313149416299
2013-02-04 78.9793680815232 27.174289908162 0.858305881462708
2013-02-05 79.2526563438862 27.4672066371746 0.84611368111789
2013-02-06 78.3894725846747 27.6154875212134 0.881678215192001
2013-02-07 78.4894596668859 27.4828692483899 0.863836280631968
2013-02-08 79.1231992325427 27.691689112486 0.852626987444131
2013-02-11 78.9329440666853 27.91553433538 0.852626987444131
2013-02-12 79.2064342797676 27.9726918815464 0.881636539680194
2013-02-13 79.7410147808081 27.8326519672684 0.86136600329583
2013-02-14 78.9065740136639 27.728966759726 0.868674995017221
2013-02-15 78.516960658411 27.8864801250971 0.863094452694614
2013-02-18 78.8811379943513 27.8864801250971 0.881313354517606
2013-02-19 80.1604061527068 28.0841916104996 0.875345392453483
2013-02-20 79.9168959069895 27.846968994023 0.8850593548981
2013-02-21 78.4141815669221 27.6930308559854 0.871731419540927
2013-02-22 79.2242213186523 28.259566735481 0.890020443207111
2013-02-25 80.3748553166545 27.9071405349976 0.913489800589684
2013-02-26 78.5541856944254 28.1056892159522 0.887934059499665
2013-02-27 79.3681534398613 28.760516267339 0.903185727628815
2013-02-28 80.0492510540649 28.6893162761135 0.928621422231606
2013-03-01 81.1584406548087 27.6326958197519 0.876052277849294
2013-03-04 80.9849246079501 27.9224712333445 0.874609323275041
2013-03-05 82.8657006252136 28.1952203199404 0.878823381524128
2013-03-06 83.3818274599437 28.2228245389072 0.897687107737947
2013-03-07 83.5970375472047 28.2862947717535 0.898680975397472
2013-03-08 84.0887391890713 28.4349661373742 0.91478913020723
2013-03-11 84.0657843359115 28.5868109049123 0.90463491457046
2013-03-12 83.8744750602225 28.5878945211931 0.900683806060058
2013-03-13 83.9249088976166 28.5521252806751 0.892831375922986
2013-03-14 84.8457660037012 28.7685534598887 0.907934776405254
2013-03-15 84.6823572893671 28.8076328560355 0.921930000367544
2013-03-18 84.3438542040813 28.4409765944274 0.897167668786287
2013-03-19 83.6814795181666 28.7673795496362 0.929142738459656
2013-03-20 84.2519371253739 28.8764087963565 0.929142738459656
2013-03-21 83.52059506528 28.7501991460336 0.939020614721587
2013-03-22 83.2978070555736 28.894880330978 0.914040645352234
2013-03-25 82.8719110226551 28.6251395114306 0.935201063850453
2013-03-26 82.964249678483 28.8980208089961 0.930077379391087
2013-03-27 82.0105411752744 29.0601754685591 0.942256572819792
2013-03-28 82.0760331914911 29.2719199645329 0.93142863168288
2013-03-29 82.0760331914911 29.2719199645329 0.940766140585472
2013-04-01 83.0984861097581 28.2932393873782 0.896993799473254
2013-04-02 84.682145492482 28.4730076196283 0.891845840032047
2013-04-03 83.9453207813472 28.1967649839526 0.922186668276244
2013-04-04 83.3338611033245 28.3467586977391 0.942581254999331
2013-04-05 81.6427474566358 28.2146556365724 0.94076597193255
2013-04-08 81.6842165570324 27.9964792548877 0.929082239580277
2013-04-09 81.4163252519181 28.0854448698082 0.917555161712807
2013-04-10 83.2617963786547 28.2234076725409 0.916575180198021
2013-04-11 83.9120601416519 28.2805067575239 0.930481856778857
2013-04-12 82.55972617628 28.2652300718102 0.923102490117144
2013-04-15 82.2171103331838 27.7110168262309 0.918340711367665
2013-04-16 81.896777558157 28.0807956833719 0.921085641150681
2013-04-17 79.9827603585926 27.7753587915536 0.935619120479583
2013-04-18 79.6704226298322 27.557489634222 0.917552858252123
2013-04-19 79.5236333778407 27.7419641633143 0.92806886514078
2013-04-22 79.7171124528005 27.7773275279601 0.932446730700747
2013-04-23 81.6369906075816 28.0612710694783 0.928427748258379
2013-04-24 82.7117361508432 28.0498938765545 0.957840815778839
2013-04-25 83.4987693367884 28.1399382669318 0.961098937611351
2013-04-26 83.3058211862009 28.0932877798573 0.957241647169059
2013-04-29 83.9319957042366 28.3025890277276 0.957241647169059
2013-04-30 84.3606363689879 28.2495738098931 0.967292353715208
2013-05-01 84.0522411842215 28.6179723867625 0.907288961612307
2013-05-02 84.5620535979598 28.7102102092813 0.898400972240225
2013-05-03 86.2675893721988 29.0873097498325 0.898400972240225
2013-05-06 86.1591484375825 29.128454174198 0.898400972240225
2013-05-07 86.8994354347184 29.3251866789346 0.918279641496764
2013-05-08 87.6209280803899 29.4586888240255 0.927533463462171
2013-05-09 87.7573012441746 29.3318739228639 0.920777714885851
2013-05-10 87.9276639733214 29.3837194041424 0.944933283578764
2013-05-13 87.9351008088013 29.6499915304402 0.94311937310111
2013-05-14 88.5704578538245 29.9273230610595 0.940959933276201
2013-05-15 88.8180309401767 30.0300039635843 0.962339403975425
2013-05-16 88.8971601463386 30.1415429130036 0.95939055256806
2013-05-17 89.1959302203054 30.4214161352883 0.967659614736889
2013-05-20 89.8101487963858 30.4829268976939 0.976188707683868
2013-05-21 89.9840173143222 30.5488165713285 0.982142520194791
2013-05-22 90.6073633912996 30.3184242699633 0.995902579360641
2013-05-23 88.7071525499259 30.239351470951 0.918732363289782
2013-05-24 88.211570731893 30.3197747557785 0.934767272285973
2013-05-27 89.0397980974851 30.3197747557785 0.909133871107429
2013-05-28 90.0761013531085 30.4052603281589 0.922342396919579
2013-05-29 88.5435835810046 30.265140061877 0.917378253488165
2013-05-30 89.2192986937147 30.3269190961123 0.87274597366371
2013-05-31 88.6737956830114 29.7015014190779 0.884120781799665
2013-06-03 88.2571031405593 30.0496370474689 0.952677695860657
2013-06-04 88.365325153777 29.8346860995426 0.973554782204585
2013-06-05 87.3025046593403 29.3047375912174 0.934293806581335
2013-06-06 86.2653614032088 29.4412304130261 0.928467847383922
2013-06-07 87.9256238096011 29.7066005155405 0.931491937675772
2013-06-10 88.4902735277162 29.517348086175 0.983003006940572
2013-06-11 87.5824318624237 29.3004160153953 0.959699437691277
2013-06-12 86.7389315419943 28.9256076558856 0.962466132144233
2013-06-13 86.2289337298653 29.1930912990857 0.910980476713836
2013-06-14 86.5758547735409 28.9241900131863 0.941637323038808
2013-06-17 87.5107519421378 29.1237643144872 0.973525746794958
2013-06-18 87.6575236316734 29.4024776992472 0.965521692127913
2013-06-19 87.3120952619335 28.9332525658378 0.977075605977007
2013-06-20 84.4510719315792 28.2367438055603 0.956451355653754
2013-06-21 82.9679445433732 28.6276507685475 0.962937506840277
2013-06-24 81.9369748535374 28.6056650210288 0.953865687638612
2013-06-25 83.2029144773328 28.841825247946 0.946895091360982
2013-06-26 84.5843262707591 29.1168192151433 0.940601894204116
2013-06-27 85.1143478623334 29.4908181917945 0.972368861498206
2013-06-28 84.778504907853 29.3034929112104 1.00429114093233
2013-07-01 85.1688080910776 28.9981392979379 0.919341570980233
2013-07-02 84.3884783750753 28.8580722927881 0.930202553994378
2013-07-03 83.5196049169398 28.9684415636628 0.923226328489645
2013-07-04 85.2796453230185 28.9684415636628 0.923015962262685
2013-07-05 83.2708396945456 29.3977994469814 0.945450700623241
2013-07-08 85.0047425297384 29.895345213345 0.930328234961553
2013-07-09 85.9563936137234 30.0134799492384 0.953639217450302
2013-07-10 86.0495210496851 29.9964536841744 0.950588037192393
2013-07-11 87.0343467412305 30.3900003377369 0.961537790099611
2013-07-12 87.6100711073725 29.8105275145901 0.958788832125491
2013-07-15 87.8451841684064 29.851288456756 0.958788832125491
2013-07-16 87.4850504277658 29.8207541710218 0.960846570775556
2013-07-17 88.0575766218832 29.7519449099717 0.958945107275287
2013-07-18 88.9362633767293 29.815501404329 0.970077185640762
2013-07-19 88.8773835324606 29.883633657017 0.951896861359627
2013-07-22 88.8719351702768 29.7984268553782 0.94882075353296
2013-07-23 88.6924100137851 29.7820464763802 0.961636419706991
2013-07-24 89.3845189475147 29.6701785086521 0.958927673166674
2013-07-25 88.5297299849173 29.650766483557 0.94373470220892
2013-07-26 87.9529326026399 29.6591476634296 0.916371650380083
2013-07-29 88.1035595561597 29.4485028010299 0.896355646388734
2013-07-30 88.231455479933 29.4569764315678 0.91347954751317
2013-07-31 88.2842619080105 29.4414231418001 0.899378179139181
2013-08-01 87.7876533880613 29.88979954802 0.947610292868516
2013-08-02 87.7480945612405 29.9817242494503 0.973519248419654
2013-08-05 87.6587431861586 29.8301817211048 0.954839390668712
2013-08-06 86.6290822553885 29.6785575638114 0.96810154912251
2013-08-07 86.2194073278443 29.5665720946429 0.934154444242212
2013-08-08 86.823115187467 29.552645232757 0.927019803081015
2013-08-09 87.0317546224431 29.3037098802281 0.930341740915006
2013-08-12 87.2503219891436 29.3277628585949 0.926532706859167
2013-08-13 87.8401470666364 29.4535792216143 0.949243785432316
2013-08-14 88.0735349692042 29.2991326350801 0.952224660370801
2013-08-15 87.4281787214411 28.9228554426427 0.929503542350686
2013-08-16 87.5915308946631 28.8097387325707 0.923902140234685
2013-08-19 87.3238029437228 28.5821064089176 0.931213398041727
2013-08-20 86.6322114829548 28.5437897359663 0.904293673036488
2013-08-21 86.4796128747341 28.2584394399442 0.906667322513673
2013-08-22 87.6536263202197 28.3458537169391 0.900184047453353
2013-08-23 87.8529901720821 28.5473944193538 0.916011651988818
2013-08-26 88.0425382231182 28.340622492485 0.907948825095646
2013-08-27 86.0323565507907 28.0302191281948 0.903336665218788
2013-08-28 85.1487146819037 28.1346146898213 0.897423257124608
2013-08-29 85.5312508947961 28.1826780397353 0.909964927284635
2013-08-30 84.5772572988962 28.2960087125521 0.904757896339665
2013-09-02 84.200635633953 28.6684974912086 0.908890782626346
2013-09-03 83.5555350675366 28.8817143736664 0.929671391611917
2013-09-04 83.7108854510327 29.1321705250604 0.931622780857534
2013-09-05 84.1098391995673 29.1384342957262 0.931212345153264
2013-09-06 84.5254301486693 29.129102893701 0.915751917779689
2013-09-09 84.5320730543232 29.3812894086117 0.94511622147174
2013-09-10 86.2706508105741 29.5792271779434 0.95328065733857
2013-09-11 86.7730684147242 29.7238340253445 0.94584189795264
2013-09-12 86.7553938774405 29.6287891619436 0.939747821500613
2013-09-13 86.9128887451906 29.7121750994917 0.945931433232965
2013-09-16 87.9708273447604 29.9618542720287 0.945931433232965
2013-09-17 87.8068990242482 29.8900575297133 0.941602761420584
2013-09-18 88.206351488626 30.1982599617511 0.952399700814989
2013-09-19 88.7999744847755 30.0618954230081 0.969891026546804
2013-09-20 88.6115392056283 29.3541363920514 0.958479787579278
2013-09-23 88.1984917093694 29.2770039361478 0.953700229245859
2013-09-24 88.4978516445858 29.1694508474542 0.957054553941189
2013-09-25 88.5083745815615 29.1109417583829 0.953336189830992
2013-09-26 88.4927447812778 29.2028588317226 0.966503819912375
2013-09-27 88.466292832897 29.0478592565187 0.961713475677084
2013-09-30 87.7808560232674 28.7647548494979 0.945716533785239
2013-10-01 86.9486400741689 29.6041336394041 0.938553692977599
2013-10-02 86.3510493837606 29.4290191406281 0.914735528145658
2013-10-03 86.0357441390825 29.148189059317 0.918028875828441
2013-10-04 86.2865049402158 29.1647481441849 0.906254713805259
2013-10-07 85.9724016568621 29.001124467004 0.898660424691029
2013-10-08 85.6152622301898 28.6635379181292 0.904418875803524
2013-10-09 85.2230118078071 28.706384955733 0.914366775538125
2013-10-10 86.9149167020156 29.4065823421506 0.923952762981713
2013-10-11 87.3057795008412 29.6728558892493 0.933724239941668
2013-10-14 87.2955676977882 29.7427750374803 0.92470376312354
2013-10-15 88.1024074896455 29.4337748523608 0.928317487616705
2013-10-16 88.5182769819029 29.9103406474662 0.930311880946212
2013-10-17 88.1778575530251 29.9193670192473 0.938269547982697
2013-10-18 88.7093988991206 29.7998044904155 0.933860260961836
2013-10-21 88.7306140463462 29.6069277742289 0.941763945220406
2013-10-22 89.53354500478 29.7738301137651 0.940353429335014
2013-10-23 89.2573670900101 29.5999896927754 0.918232394436333
2013-10-24 89.8654627464784 29.6392523600126 0.924201832369943
2013-10-25 89.9165999232015 29.7128220494409 0.89913086741639
2013-10-28 89.8456547856894 29.6930251363243 0.917889887452772
2013-10-29 90.2798371144042 29.9098587608266 0.911389151676294
2013-10-30 90.1620544909177 29.8572801660473 0.923226062110538
2013-10-31 90.3987142084474 29.7674294115939 0.909286850120922
2013-11-01 89.6010306305235 30.5072153256413 0.96718451399748
2013-11-04 89.8934767925547 30.9723597513035 0.96718451399748
2013-11-05 89.6137655365881 30.9011823789021 0.977823609079225
2013-11-06 89.9296804297358 31.1719041114324 0.988337473845347
2013-11-07 90.3291541472375 30.8418012878154 0.978475377867191
2013-11-08 90.3017998530179 31.2453981559585 0.970630231172711
2013-11-11 90.5960333744744 31.5333935777225 0.986583162388735
2013-11-12 90.2838971736893 31.4380313048315 1.00710615033898
2013-11-13 90.068540386277 31.5160780470445 0.999292135508111
2013-11-14 91.0118166969975 31.561267999896 1.0189795760872
2013-11-15 91.2011111384796 31.6675628225862 1.03432229989673
2013-11-18 91.765497450165 31.6184699750077 1.02686937758376
2013-11-19 91.4458038447609 31.58429725206 1.02476846237998
2013-11-20 91.5331413614775 31.427725594987 1.02225626006626
2013-11-21 91.4735564075574 31.6317949157694 1.04042370055645
2013-11-22 91.7019395088174 31.9218421447619 1.04089943344093
2013-11-25 92.5067541315734 31.6640326026688 1.04156994988963
2013-11-26 92.4084787765053 31.7324186881477 1.03306206289559
2013-11-27 93.0158393110717 31.750339774595 1.02974179502094
2013-11-28 93.3763215014077 31.750339774595 1.04269634440113
2013-11-29 93.5546683962506 31.6190615788081 1.03276195176587
2013-12-02 93.3982369915514 31.8000820625147 1.00817287275848
2013-12-03 91.6244420482473 31.6619807229493 1.01317259539088
2013-12-04 90.80220715742 31.6311870669032 0.990550078956143
2013-12-05 90.2490900715133 31.4489302390128 0.977627827963156
2013-12-06 91.1179095728337 31.7690294628879 0.986786347470948
2013-12-09 91.3440030711636 31.5662978691998 0.994711386548399
2013-12-10 90.5420434523926 31.4424371025211 0.989782706732584
2013-12-11 90.1712097659677 31.101160337722 0.980974449086585
2013-12-12 89.5740788565584 30.8609084183045 0.973178450059954
2013-12-13 89.4693750432572 30.8809311677097 0.975271962554586
2013-12-16 91.0299886359045 31.2066808224738 0.957199071133047
2013-12-17 90.2507780616018 31.1521212045342 0.966502836059754
2013-12-18 91.2106907553738 31.719591674472 0.986617432332869
2013-12-19 92.7404160923435 31.7413888328679 1.00294696612449
2013-12-20 93.3805519173484 32.0357380639569 0.999635574847558
2013-12-23 94.261100020273 32.1737778193679 0.99970581837049
2013-12-24 94.261100020273 32.2673751423901 1.00054546523962
2013-12-25 94.261100020273 32.2673751423901 1.00616442327775
2013-12-26 94.261100020273 32.5205690062511 1.01664201277523
2013-12-27 95.2601468910078 32.5105383329853 1.01224053235356
2013-12-30 94.8903124169923 32.4076677296955 1.01024585459338
2013-12-31 94.8903124169923 32.5095812692765 1.01024585459338
2014-01-02 95.0290310890617 32.3553322235277 1.02577622827271
2014-01-03 95.3839766763053 32.5818349370511 1.02577622827271
2014-01-06 95.3116903109474 32.7967030250952 1.01639133072749
2014-01-07 96.1022495778222 32.9692192807302 1.01255648049036
2014-01-08 96.0177312085602 32.7826015246521 1.03134750669837
2014-01-09 95.2470946224269 32.7997538234741 1.01350026511872
2014-01-10 95.7690432142782 32.8229818525743 1.01638045564288
2014-01-13 96.142381248425 32.2705737785153 1.01695137571346
2014-01-14 96.4490997269369 32.5125565081263 0.992907452066336
2014-01-15 98.403250242 32.7104063055265 1.0165573737311
2014-01-16 98.2404923986467 32.6867397786878 1.00761783799897
2014-01-17 98.4957554640213 32.8103973132552 1.00602468196646
2014-01-20 98.2221986804205 32.8103973132552 1.00788030748751
2014-01-21 98.3659519813135 32.8794586960672 1.01940908226064
2014-01-22 98.2647589794292 32.7971328328899 1.01777518639864
2014-01-23 97.3643090336766 32.4206762992801 1.0099434491404
2014-01-24 94.9479483382522 31.6645598855299 0.988823668030989
2014-01-27 94.5152667871048 31.4184039697667 0.975465337695895
2014-01-28 95.0984840445034 31.5959798693188 0.972761014045919
2014-01-29 94.3890075284382 31.2515368710849 0.996703758609726
2014-01-30 94.7605290196269 31.4834239156809 0.972634251514693
2014-01-31 94.0831973214053 31.2959017018179 0.973499729071307
2014-02-03 93.5063623320389 31.8368964051757 1.00934001507988
2014-02-04 92.9097980471309 31.9561152223631 0.967881915324632
2014-02-05 92.7918290874201 31.9055696863669 0.983981507043321
2014-02-06 94.2194840829759 32.2851162703849 0.981225425087806
2014-02-07 94.6809824629483 32.5596745843855 0.998302069583651
2014-02-10 94.5582323269275 32.367715842169 1.00184744253622
2014-02-11 96.4810726452672 32.7702170092899 1.00184744253622
2014-02-12 97.1043161272795 32.6424014467256 1.00589655300746
2014-02-13 97.6821532849966 32.8784611419404 0.989562877943924
2014-02-14 98.3501868046135 33.0802613976389 0.975796853894188
2014-02-17 98.2927728598383 33.0802613976389 0.980974781267298
2014-02-18 98.3235175418711 32.8696688110764 1.01092856962468
2014-02-19 98.3262610136253 32.6389687112606 0.998972655627394
2014-02-20 97.9068986596536 32.7559408969242 0.976391146177765
2014-02-21 98.2947111698819 32.7714062106018 1.00790436224381
2014-02-24 98.8239015488098 32.9443201371834 1.00114839232604
2014-02-25 98.7262799435368 32.8932504144966 1.01615961475041
2014-02-26 98.3433679033904 32.9193880231993 1.01114725240584
2014-02-27 97.5962510510288 33.11846035781 1.00970926925343
2014-02-28 98.6522859355367 33.315415745284 1.00839533142435
2014-03-03 98.4080361742584 33.5058104601632 1.06225037782348
2014-03-04 100.829210948073 34.0569520004249 1.07376739518144
2014-03-05 100.333633422293 34.0495537556603 1.08436355292478
2014-03-06 100.342577271511 34.2053656169088 1.09730995329343
2014-03-07 98.3224483743209 34.1799817946458 1.09989468486083
2014-03-10 97.4260508956255 33.8389248733209 1.07467755214713
2014-03-11 97.8707275446992 33.6975242289793 1.08259619638975
2014-03-12 96.618403917471 33.7109357871853 1.05548276353567
2014-03-13 94.8213988781694 33.2124120970492 1.05778338886973
2014-03-14 95.2274865673861 33.0185889271249 1.0233502777599
2014-03-17 96.5363792685953 33.4085175533751 1.03142485456211
2014-03-18 97.1847312835016 33.5938794180182 1.03857161156283
2014-03-19 97.5474962455542 33.3354415952321 1.04148904006579
2014-03-20 97.7480191733517 33.5808940386706 1.02487478760651
2014-03-21 98.2403313202717 33.7825898208158 1.02487478760651
2014-03-24 96.619235658667 33.757894907526 1.04540513021015
2014-03-25 98.1925931441687 33.9371794818404 1.04031401688453
2014-03-26 99.3511244477493 33.6686894242743 1.04317250454259
2014-03-27 99.3787774740304 33.7002878560817 1.05486730034425
2014-03-28 100.80860210234 33.9106150895631 1.06466793030235
2014-03-31 100.479692322323 34.2300196764578 1.06798719055939
2014-04-01 100.481342389315 34.2117264378436 1.08463036218154
2014-04-02 100.686939775551 34.2480460059042 1.09071801531452
2014-04-03 100.744066043673 34.2446338613743 1.09580603982127
2014-04-04 101.444539863098 34.0130236241875 1.09659612585251
2014-04-07 99.5097665231551 33.7729020443756 1.08809109230146
2014-04-08 99.2998879939682 33.7597645263377 1.07317540783163
2014-04-09 99.4626840891178 34.01424918113 1.05373217077369
2014-04-10 98.9206128308901 33.3745496509988 1.0568336306368
2014-04-11 97.4636730665144 32.9305292061572 1.02950664623536
2014-04-14 97.7135226256623 33.1860525749709 1.02546391612804
2014-04-15 95.982354247975 33.4875049267166 1.03493256534733
2014-04-16 97.4901467135408 33.8829113802983 1.06635517820393
2014-04-17 98.4515663441521 33.819879096831 1.06166353707472
2014-04-18 98.4515663441521 33.819879096831 1.06825374160845
2014-04-21 98.4515663441521 33.9332470792897 1.06706154909783
2014-04-22 100.443465962679 34.0700485863463 1.05655367219548
2014-04-23 99.8586036354842 34.0660099835036 1.06857137216892
2014-04-24 99.9055736785201 34.0142529143636 1.05811824043881
2014-04-25 98.3661885649068 33.7228436753476 1.06050011098253
2014-04-28 98.8350307034183 33.8806789891286 1.05117483571373
2014-04-29 100.276378491997 34.0246769825987 1.04931934105209
2014-04-30 100.476325578101 34.1231705870887 1.04774836977035
2014-05-01 100.384800329232 34.178855951933 1.08358825379501
2014-05-02 99.8912934203035 33.9856712528937 1.07992095194974
2014-05-05 99.6140785983899 34.0195657542905 1.07992095194974
2014-05-06 98.9662946374162 33.7456954348424 1.08190399769807
2014-05-07 99.5283600539487 33.9092965644765 1.04942902166283
2014-05-08 100.428389493182 33.9368308068522 1.06022275262866
2014-05-09 100.157126062363 34.0545625614614 1.06357950302598
2014-05-12 101.422069274651 34.6411309190854 1.07004088738089
2014-05-13 101.96532091116 34.680043366168 1.08911922054042
2014-05-14 101.964902363733 34.5347729031797 1.08685888552285
2014-05-15 100.936933126107 34.244648524316 1.08329568282702
2014-05-16 100.655216462842 34.3648720739438 1.07116038456054
2014-05-19 100.971845281321 34.4252803450545 1.06760241655442
2014-05-20 100.759544625223 34.098664509976 1.07307881994737
2014-05-21 101.374090568426 34.4468430614865 1.07094212408575
2014-05-22 101.614933451668 34.4979294314637 1.09609147257242
2014-05-23 102.107276623135 34.6854367160044 1.10329155763368
2014-05-26 103.41195027224 34.6854367160044 1.11335727487679
2014-05-27 103.91370542967 34.9194506654326 1.11594957733976
2014-05-28 103.896453519372 34.8078523465649 1.1175293185003
2014-05-29 103.893636049178 35.0117726213633 1.12125153848936
2014-05-30 103.939307685189 35.08132909239 1.12095763488163
2014-06-02 103.710812712376 35.311291318293 1.11949038179179
2014-06-03 103.394161021845 35.3156048124776 1.12426629420025
2014-06-04 103.466389654853 35.352876366081 1.12347329438112
2014-06-05 103.686943472302 35.5558726119589 1.12166891698314
2014-06-06 104.097199232692 35.757835198886 1.12303744507883
2014-06-09 104.320664182722 35.7110045991708 1.12410381339647
2014-06-10 104.530896720457 35.7667634121878 1.1160171211896
2014-06-11 103.707575858813 35.6981396913692 1.12779333890014
2014-06-12 103.59178204965 35.549514187941 1.12555586995741
2014-06-13 103.322553301624 35.6219921258304 1.13670865874464
2014-06-16 103.021434436945 35.6279193424227 1.1233433920606
2014-06-17 103.400207216273 35.6730930751396 1.12794161670686
2014-06-18 103.504539722285 35.8522451493903 1.13583952611511
2014-06-19 104.272406581502 35.8810724323881 1.15261006070363
2014-06-20 104.097718343341 35.8060089825429 1.15073233490702
2014-06-23 103.406456994133 35.8089419233031 1.15081022905304
2014-06-24 103.585318525864 35.5675393115324 1.15315888226407
2014-06-25 102.852263099222 35.6483696836023 1.14419407956968
2014-06-26 102.197177135294 35.5718114159684 1.14708474585682
2014-06-27 102.304217190455 35.57602849051 1.13247548727287
2014-06-30 102.490794234043 35.4498658219834 1.13857783145815
2014-07-01 102.924623151329 35.043610756397 1.11100397975869
2014-07-02 103.01670657535 35.0160897052984 1.11056721096308
2014-07-03 104.244850980514 35.2625697192921 1.1091604372597
2014-07-04 104.033339246751 35.2625697192921 1.11389622380267
2014-07-07 102.962666432817 35.3578506074655 1.11229254534059
2014-07-08 101.576116628003 35.1136223606392 1.10854794451961
2014-07-09 101.94541459702 35.2491554860701 1.10993819366161
2014-07-10 100.395993249697 35.0641108136702 1.10328862859785
2014-07-11 100.470932835836 35.1107984839205 1.10139681106094
2014-07-14 101.683587893117 35.3888265503393 1.11337758630062
2014-07-15 101.022540149315 35.3789397691009 1.11850734446941
2014-07-16 102.476223973685 35.5736597372228 1.11686993604035
2014-07-17 101.380814913308 35.3817330678766 1.11953477410681
2014-07-18 101.028873929803 35.6915422362434 1.11239500818165
2014-07-21 99.906647806543 35.5983138391567 1.11418055394117
2014-07-22 101.177616269684 35.7194259585241 1.12360395447268
2014-07-23 101.377485613239 35.7398844068197 1.12309957962639
2014-07-24 101.798438408767 35.8215415118035 1.123063044242
2014-07-25 100.238836323281 35.5631502195267 1.13373268922095
2014-07-28 99.762381743569 35.7021227239398 1.13947858765365
2014-07-29 100.338826820675 35.54336693433 1.1458172519108
2014-07-30 99.7157107175228 35.4951347924589 1.14679342828721
2014-07-31 97.7803753653475 34.9012218792965 1.1429240377697
2014-08-01 99.0359066573436 33.7195867960972 1.0690278289729
2014-08-04 98.4343797263145 33.7739021738056 1.06482956041382
2014-08-05 98.8171925012506 33.5138748415569 1.05521483927972
2014-08-06 98.1752368516392 33.5997426649543 1.04552565652409
2014-08-07 97.1959586214715 33.5314327304393 1.05536678749495
2014-08-08 96.8771387337488 33.8914825658625 1.02541000594647
2014-08-11 98.7204155837464 33.8231753834894 1.04853994834596
2014-08-12 97.5239248419025 33.8518556596714 1.0510577339959
2014-08-13 98.9154710631718 34.1122643827008 1.0556881252547
2014-08-14 99.1974115365147 34.2337002817841 1.06137216898296
2014-08-15 97.7726402510355 34.1248094517083 1.06031606004957
2014-08-18 99.4149495842353 34.4025548309318 1.05960545055533
2014-08-19 100.371430215735 34.6168153079522 1.0686348504278
2014-08-20 100.159489185768 34.8401707725255 1.06958130269935
2014-08-21 101.094568849309 35.0849801233651 1.07681342636917
2014-08-22 100.424008566613 35.0932748390181 1.07013521341353
2014-08-25 102.262444463149 35.3053220192476 1.0756260319082
2014-08-26 103.101293267566 35.4848926863951 1.07146540959775
2014-08-27 102.903003492805 35.530111166646 1.07396790264201
2014-08-28 101.750816320543 35.4823837153783 1.06995573224546
2014-08-29 101.832650365841 35.4865995634663 1.06852849290805
2014-09-01 102.412913380926 34.8693846337726 1.10548040751725
2014-09-02 102.715313665828 34.9680853664065 1.11788628345815
2014-09-03 104.006093672381 35.0087087634674 1.1161139329687
2014-09-04 105.062410861337 34.9509293001693 1.10918723919839
2014-09-05 105.30831089271 35.2506855240167 1.11422811183288
2014-09-08 105.427272657177 35.5451988955119 1.12658302874759
2014-09-09 104.915911153001 35.3726025807407 1.12816733391544
2014-09-10 104.802140450137 35.6049374068835 1.12547375300291
2014-09-11 104.70609530345 35.4812870298458 1.12788177489091
2014-09-12 104.272304262082 35.3642602511522 1.12713382288501
2014-09-15 104.364139580534 35.3456861409161 1.11895327415611
2014-09-16 104.075666532233 35.6043835738312 1.11910840013196
2014-09-17 104.38434461468 35.6478265913625 1.11838676099724
2014-09-18 105.860515063548 35.8718242318263 1.12813281019458
2014-09-19 105.872722494738 36.0899127467625 1.13848829510447
2014-09-22 105.335542852103 36.0088801917509 1.13117497281047
2014-09-23 103.666195373919 35.7221795926519 1.13117497281047
2014-09-24 104.389419618048 35.9974797310314 1.12897540339695
2014-09-25 102.747620628589 35.5386845092087 1.14603143070122
2014-09-26 102.537372191472 36.1092098379884 1.13960943468803
2014-09-29 101.806582931954 36.2053131694388 1.14875130019287
2014-09-30 102.361804670902 36.1424011194878 1.13745299849695
2014-10-01 103.340838829589 35.1853232035556 1.11549675574199
2014-10-02 101.28823132248 35.2836332557647 1.08862498477471
2014-10-03 101.28823132248 35.6342179988733 1.09886125566364
2014-10-06 101.44056635232 35.9696104077584 1.11201826920831
2014-10-07 100.082448236575 35.2855747201255 1.10492443801759
2014-10-08 99.0814278743854 35.6356298678998 1.09280900121633
2014-10-09 99.1881549016581 34.8422059371154 1.08516103780399
2014-10-10 96.8066534480385 34.4301195927765 1.07054729429234
2014-10-13 97.0668234471056 34.2295021101637 1.08141099946274
2014-10-14 97.2075951237961 34.0983889790439 1.05568140755678
2014-10-15 94.4179988531952 33.6986604860744 1.06646288261446
2014-10-16 94.5386126656708 33.631609796475 1.04490515025211
2014-10-17 97.4836203453263 33.900373560552 1.029322569225
2014-10-20 96.0240567040088 34.0492971117929 1.06505419745962
2014-10-21 97.8877567318961 34.4689606355107 1.04090118625282
2014-10-22 98.4735183744577 34.1344915634405 1.07124825626114
2014-10-23 99.6539696536071 34.8042727306591 1.07085636328603
2014-10-24 98.998483702837 35.1979152265652 1.07990772910961
2014-10-27 98.0601420778063 35.1602193011974 1.07930915165414
2014-10-28 99.8839673753256 35.4856501480876 1.07565541347411
2014-10-29 100.044993735997 35.3587703632453 1.08906718367543
2014-10-30 100.397799609223 35.7912134999718 1.09286642199264
2014-10-31 102.733262790593 36.5360500249646 1.14726702241315
2014-11-03 103.914313764888 35.3805790305469 1.12168704253539
2014-11-04 102.957012360021 35.5099943248257 1.12064926606732
2014-11-05 104.630688405738 35.6386440438452 1.11952720028454
2014-11-06 105.32627740999 35.7897818349357 1.10374270713786
2014-11-07 104.365049215185 35.9558573330975 1.10874474958952
2014-11-10 105.039413852993 36.0864966138268 1.10473439421458
2014-11-11 105.232155273192 36.0628144693326 1.12877717447682
2014-11-12 103.456722903803 36.1500959289561 1.12663077310195
2014-11-13 103.878479136316 36.1461836710989 1.13589066304894
2014-11-14 103.928243979467 36.1266202050401 1.14118320737812
2014-11-17 104.528131358819 35.9541043526448 1.09528253716648
2014-11-18 106.214947869448 36.090488425029 1.12156204578123
2014-11-19 106.397685876238 36.1151024991224 1.11438118449864
2014-11-20 106.523145495008 36.0704645894507 1.10470494639322
2014-11-21 109.315175897696 36.2413799370299 1.10017389269818
2014-11-24 109.910357722257 36.6933223348002 1.11712746614227
2014-11-25 110.760275883409 36.6487747124971 1.11683394924248
2014-11-26 111.370726092948 36.5660552785623 1.11240564489469
2014-11-27 112.036897138337 36.5660552785623 1.10271036175064
2014-11-28 112.104058286531 36.4206871531884 1.11721018704348
2014-12-01 110.741488984664 37.7050847089967 1.19538193310137
2014-12-02 110.414386633584 37.8925869243153 1.20002605909644
2014-12-03 110.833521790649 38.0328690425873 1.20391279492842
2014-12-04 109.494861733561 38.2771010447838 1.21722126872803
2014-12-05 112.115381784004 38.4461837420683 1.21651380761049
2014-12-08 111.313679288467 38.3710122985385 1.20596260150003
2014-12-09 108.854213950402 38.2607915660273 1.20063768093718
2014-12-10 108.921130131147 37.4954625819444 1.17972359543786
2014-12-11 109.619131534893 37.4909424992497 1.17372614158122
2014-12-12 106.642615252854 36.7061820866234 1.18349681044754
2014-12-15 103.744781102294 36.4117910564807 1.15920954716675
2014-12-16 106.29982857233 36.2239073968671 1.14120220255724
2014-12-17 106.083536824081 36.7288518419084 1.15459968410301
2014-12-18 109.047049766202 37.6686177348082 1.1830927019467
2014-12-19 108.779189680019 38.1846239495092 1.2096307584952
2014-12-22 109.655026402454 38.7871523358182 1.21082240622082
2014-12-23 110.281346639534 38.8697338049771 1.21082240622082
2014-12-24 110.281346639534 38.9878241914386 1.21977367753838
2014-12-25 110.281346639534 38.9878241914386 1.21732941961783
2014-12-26 110.281346639534 39.0994674707139 1.21761276183612
2014-12-29 110.337137254488 39.1076335241407 1.21367128488043
2014-12-30 108.985810344112 38.9784441968447 1.19310318950408
2014-12-31 108.985810344112 38.7238122413931 1.20128633895199
2015-01-02 110.200482954694 37.5208838428612 1.18954212690177
2015-01-05 106.90994775663 37.1274849808795 1.19044995534393
2015-01-06 106.870448285389 37.0399410889045 1.16384942500293
2015-01-07 107.418018530785 37.5315600744615 1.17613135305474
2015-01-08 111.022973481164 38.4570414924132 1.20261919803149
2015-01-09 108.88875664965 38.2489740397501 1.20399736585852
2015-01-12 110.394255194768 37.9283849090315 1.20399736585852
2015-01-13 112.18978388912 37.8859861292616 1.20448120777711
2015-01-14 110.79127777618 37.5703396997313 1.18917173440292
2015-01-15 113.223658307477 37.4360977614034 1.22570613054656
2015-01-16 114.749005765745 38.052115965041 1.2146105129237
2015-01-19 115.590683950359 38.052115965041 1.2377739691463
2015-01-20 115.757487666875 38.4837618985897 1.26282508415882
2015-01-21 116.232616491435 38.5895391935777 1.24713855449054
2015-01-22 117.771850485382 39.1807371865008 1.25503820855825
2015-01-23 120.186509150055 38.9572778863164 1.27097173567899
2015-01-26 121.86523667782 40.1634567555271 1.30885287355069
2015-01-27 119.949512322606 39.4554694685381 1.32669038082295
2015-01-28 120.879325914399 38.758886069449 1.31986889877544
2015-01-29 121.182911966167 39.0769288347615 1.30161557480423
2015-01-30 120.691427888976 38.6821942794429 1.3119517855006
2015-02-02 118.914241954948 40.487730543684 1.28360145528722
2015-02-03 119.605459783949 41.0688634428774 1.26392836028051
2015-02-04 119.829166362899 40.878450515819 1.28371704448335
2015-02-05 119.76426046276 41.1119740367103 1.26115945110099
2015-02-06 119.11609158221 41.1849108697273 1.2806582794349
2015-02-09 117.107687174862 41.2330876253793 1.27410806286539
2015-02-10 118.099593505454 41.524615373044 1.27305617086343
2015-02-11 118.080707309553 41.5349038934119 1.27229935661308
2015-02-12 119.920648089561 41.8208038806071 1.28697634634546
2015-02-13 120.401114786393 41.8081219628901 1.27920524568705
2015-02-16 119.959964849585 41.8081219628901 1.28991168185889
2015-02-17 119.656745315327 41.6715821307837 1.29102914394836
2015-02-18 120.374753462167 41.7111450069273 1.306831514826
2015-02-19 120.824365191743 41.5689764723061 1.30555068676688
2015-02-20 121.359184675417 41.8896678402243 1.31308595221378
2015-02-23 122.240830345577 41.9050258936746 1.32272830453267
2015-02-24 123.062514189292 42.2225303390868 1.33556728600531
2015-02-25 123.112255363431 42.3365196682223 1.33544103209369
2015-02-26 124.396291892187 42.2272182171427 1.3506549386129
2015-02-27 125.21412556682 42.1789403625071 1.35393730766569
2015-03-02 124.880046654659 42.5189581677869 1.3479984145464
2015-03-03 123.457268971546 42.3434245587835 1.34495009991941
2015-03-04 124.661371536264 42.1145805518535 1.33867178984673
2015-03-05 125.904987395243 42.3944197279667 1.349476661005
2015-03-06 126.418938045325 42.0672334475074 1.37245789666323
2015-03-09 126.759754862926 43.1999091962432 1.3755916033181
2015-03-10 125.865260345052 42.3580785194144 1.36328643935507
2015-03-11 129.209995630677 42.609968309304 1.37225576124407
2015-03-12 129.137755888706 43.8152394706867 1.41160958676518
2015-03-13 130.25650463027 43.6674540853035 1.43863968161403
2015-03-16 133.168923707325 44.5868344379018 1.44852351117262
2015-03-17 131.123734218624 44.0837291815541 1.45786005403453
2015-03-18 130.488080073918 44.4380542471578 1.45873399176351
2015-03-19 130.23231783649 43.9632005267312 1.45027855041892
2015-03-20 131.764208624677 43.9830528357701 1.45031452282591
2015-03-23 130.19334963025 43.57714940367 1.44361767263586
2015-03-24 131.395603185924 43.169249851081 1.45190961499038
2015-03-25 129.859330330029 42.165124468676 1.4467661808888
2015-03-26 129.622485738677 42.0346176461512 1.42606683290932
2015-03-27 129.892270544615 42.0626946219091 1.41702687281753
2015-03-30 132.274653638103 42.9710317084719 1.43495324701579
2015-03-31 130.96307321048 42.645212963393 1.4189675615688
2015-04-01 129.527702377161 44.1013845404306 1.39816681785117
2015-04-02 129.160854807487 44.3087486941283 1.42287376746454
2015-04-03 129.160854807487 44.3087486941283 1.42591187264748
2015-04-06 129.160854807487 43.7404733373471 1.41141723961235
2015-04-07 130.845923125843 43.6754523987598 1.42611682461923
2015-04-08 129.899840912062 44.1353124378235 1.43992720372803
2015-04-09 131.309156977753 44.502783259441 1.45705050450582
2015-04-10 133.557175992461 45.1522109958172 1.46465420654035
2015-04-13 133.168637563461 45.5187834080975 1.48356768861028
2015-04-14 131.969231736853 45.7604864459955 1.48532250600693
2015-04-15 132.009599098825 45.8707076002151 1.48779370875429
2015-04-16 129.500509748923 45.7153768125552 1.48805415909331
2015-04-17 126.153033633942 44.686114637358 1.46325031197339
2015-04-20 128.346224717392 44.803276361941 1.4515284219916
2015-04-21 128.86071351196 44.7486323121043 1.47596387577024
2015-04-22 128.081370600706 45.1668558723479 1.49321289421011
2015-04-23 126.529482937957 45.1337892812409 1.49195773686115
2015-04-24 127.471359784467 45.1579720170504 1.47646916595679
2015-04-27 129.935454819345 44.526514007126 1.46715493345279
2015-04-28 127.480107802745 44.7458101652391 1.47282135849985
2015-04-29 123.390304498067 44.3492077269338 1.47282135849985
2015-04-30 123.624076803182 43.4241818160425 1.41336794398005
2015-05-01 124.668855631097 42.4470521865127 1.34571874559563
2015-05-04 126.46981924438 42.404170005802 1.34571874559563
2015-05-05 123.28985751158 42.1834910846518 1.33308194712008
2015-05-06 123.534427436521 42.059713805083 1.33596934546696
2015-05-07 124.163729985075 41.8403193727086 1.31105876438782
2015-05-08 127.448077698683 42.2310986548792 1.31221337987028
2015-05-11 127.052110371826 42.4630084082662 1.33867664306162
2015-05-12 124.865096154336 42.5358247595351 1.3426457069746
2015-05-13 123.548680726087 42.3582187832367 1.34588147393685
2015-05-14 125.816463598961 42.54592047389 1.3294750002879
2015-05-15 124.588862870476 42.1816854165555 1.33212711335168
2015-05-18 126.19152396424 42.0025989388518 1.33331423016741
2015-05-19 129.011008132802 42.2365270997448 1.34499789834628
2015-05-20 128.958108333483 42.8054807955284 1.37080292518267
2015-05-21 129.13355882138 43.2143584941873 1.37561497047434
2015-05-22 128.593931914511 43.0719064454402 1.37775659440146
2015-05-25 128.593931914511 43.0719064454402 1.39682952560096
2015-05-26 126.527289463085 43.1652095988701 1.40180355917118
2015-05-27 128.116345623964 43.7144998803696 1.40274021772848
2015-05-28 127.098048276657 43.7539992441623 1.4013301879666
2015-05-29 124.227407438081 43.3518910903748 1.3916620670197
2015-06-01 125.045784740904 42.5753884058004 1.34978744877143
2015-06-02 123.873075576277 42.714267789696 1.35299457734803
2015-06-03 124.866136762447 42.5517114195848 1.33612037025222
2015-06-04 124.002098777131 41.5354876753039 1.32109429484557
2015-06-05 122.433574650256 41.0528602831309 1.30663157388808
2015-06-08 120.987720264808 41.4688712037634 1.31200906795809
2015-06-09 120.291968778204 41.2809903809082 1.28720409852214
2015-06-10 123.179726650921 41.3853351621778 1.27915547009631
2015-06-11 123.916599411271 41.3978727007634 1.30959418859645
2015-06-12 122.426356261781 41.1810350711165 1.31406628297932
2015-06-15 120.113516755342 40.9514737275371 1.31320184696306
2015-06-16 120.759081275764 41.3406890344281 1.3079430436825
2015-06-17 120.037414097532 41.3172417750837 1.30215995500622
2015-06-18 121.374576330426 41.7098984387263 1.28449092137305
2015-06-19 120.716326245936 41.0860444635147 1.29099567766091
2015-06-22 125.313131759584 41.4138603064551 1.31353627126248
2015-06-23 126.210186357269 41.4146410736671 1.33259467317647
2015-06-24 125.4307828197 41.4533774388676 1.34355478416737
2015-06-25 125.451231335736 41.4705108075052 1.34090099438494
2015-06-26 125.662262181415 41.5564987538489 1.33813592538038
2015-06-29 121.187603189554 40.8473909234663 1.30148511975867
2015-06-30 119.676142707928 41.1886710154092 1.33049409967422
2015-07-01 120.031510009443 40.8681361804838 1.29566163308526
2015-07-02 119.160296381288 41.0796853297212 1.3121932575422
2015-07-03 118.720558805262 41.0796853297212 1.31224037124467
2015-07-06 116.919525049009 40.9460739407436 1.28548256071825
2015-07-07 114.623680354834 41.4268270025725 1.31326290331914
2015-07-08 115.380763303818 40.980741960138 1.27699039552383
2015-07-09 118.055159939882 40.9504479225078 1.29141817299867
2015-07-10 121.482236175883 41.3509304746095 1.28755285430558
2015-07-13 123.293900888024 41.4703401951162 1.27936568507942
2015-07-14 123.643034261444 41.9235119201786 1.30370947625524
2015-07-15 123.887378339115 42.1897003724312 1.31341750774893
2015-07-16 125.788682718203 42.4344401939705 1.32278130951011
2015-07-17 125.323395215954 42.6580720044845 1.33163225902129
2015-07-20 125.99223289472 43.0102953526855 1.33163225902129
2015-07-21 124.586703989216 42.5484843110911 1.35014142286877
2015-07-22 123.683503158001 42.2694246006893 1.33030139337894
2015-07-23 123.5916094044 41.768298226841 1.33307208965822
2015-07-24 121.823852391467 41.2286990463174 1.31833810684662
2015-07-27 118.69920255809 40.8651079553559 1.30518931188094
2015-07-28 119.960762822282 41.0627890155854 1.30019533622792
2015-07-29 120.368072856048 41.2888397652425 1.29568288976416
2015-07-30 120.854412578607 41.3397751924631 1.31019704904036
2015-07-31 121.410954292658 41.5627005504993 1.3195911168967
2015-08-03 121.584074543371 41.3967508650493 1.31242055163374
2015-08-04 121.715293629744 41.3452128846512 1.31064814183957
2015-08-05 123.630146198191 41.3966192565872 1.31905673962506
2015-08-06 123.086168488529 41.3838485989202 1.32589291660946
2015-08-07 122.084599596797 41.1526196001627 1.32291270000679
2015-08-10 123.295266174939 41.5084658809291 1.32730787821688
2015-08-11 119.989659285904 40.9782355720182 1.31792558724371
2015-08-12 116.068784545727 40.7990045220706 1.28792045357414
2015-08-13 117.025199210588 40.4709813219858 1.29236758239555
2015-08-14 116.711879501955 40.5587630396696 1.28722040721379
2015-08-17 116.235799151413 40.8076747052723 1.29747845013681
2015-08-18 115.976452863884 40.7950624933247 1.29446364280816
2015-08-19 113.492762878362 40.5405094013097 1.27763951210053
2015-08-20 110.837057281223 39.7146136843731 1.26744257023842
2015-08-21 107.568200439982 38.1184264750628 1.2225085470475
2015-08-24 102.509972491243 36.016592713523 1.15940600516716
2015-08-25 107.606454952245 35.220638597436 1.11987452450654
2015-08-26 106.217931356709 36.5456341411988 1.16068666366811
2015-08-27 109.598553196585 37.5864429705017 1.18080633019373
2015-08-28 109.416981739367 38.0787051338632 1.22305778335314
2015-08-31 109.001878273015 38.1841539833298 1.20592629110932
2015-09-01 109.816437335818 37.3901246059699 1.18539660566578
2015-09-02 110.172561060841 37.9135816132025 1.18481738461554
2015-09-03 113.130693247899 37.9745334693404 1.19333053723582
2015-09-04 110.062808265299 37.5965299107222 1.17327240791112
2015-09-07 110.836581511746 37.5965299107222 1.19446293978752
2015-09-08 112.621065532091 38.6148136266742 1.1620636164425
2015-09-09 112.969297747958 37.973294599475 1.24518986682988
2015-09-10 111.953104688283 38.1698621565656 1.20548185881684
2015-09-11 111.000493282177 38.242214376019 1.19684241052153
2015-09-14 111.090190757961 37.7179295855281 1.16625775155489
2015-09-15 111.708479099302 38.2756635476415 1.17380958892397
2015-09-16 112.136975410853 38.6943372928841 1.18831618062209
2015-09-17 112.16296272829 38.6324879844047 1.20465233346329
2015-09-18 108.726447567204 37.8059953528779 1.17381496856707
2015-09-21 109.081147180779 38.163248353149 1.17381496856707
2015-09-22 104.938188095442 37.8650976985896 1.17381496856707
2015-09-23 105.398261090212 38.079058605944 1.17381496856707
2015-09-24 103.370029501847 37.970080809701 1.16488870341244
2015-09-25 106.230583427318 38.0038759251458 1.18015076277222
2015-09-28 103.983060418846 37.3285361848252 1.15969768230842
2015-09-29 103.619591297083 37.4420798611422 1.1167231045394
2015-09-30 105.922590333815 37.4420798611422 1.1167231045394
2015-10-01 106.92245070943 36.4047846769594 1.15415791310765
2015-10-02 107.41516834225 36.4047846769594 1.15415791310765
2015-10-05 110.357957164696 36.4047846769594 1.15415791310765
2015-10-06 111.347883471232 36.4047846769594 1.15415791310765
2015-10-07 112.107647223491 36.4047846769594 1.15415791310765
2015-10-08 112.362548873012 36.4047846769594 1.15415791310765
2015-10-09 113.526637119242 36.4047846769594 1.15415791310765
2015-10-12 113.787841596631 36.4047846769594 1.15415791310765
2015-10-13 112.80949972778 36.4047846769594 1.15415791310765
2015-10-14 111.494275685298 36.4047846769594 1.15415791310765
2015-10-15 113.169078639261 36.4047846769594 1.15415791310765
2015-10-16 113.614678892876 36.4047846769594 1.15415791310765
2015-10-19 114.287971080129 36.4047846769594 1.15415791310765
2015-10-20 114.100983910957 36.4047846769594 1.15415791310765
2015-10-21 115.117669721748 36.4047846769594 1.15415791310765
2015-10-22 117.972197174329 36.4047846769594 1.15415791310765
2015-10-23 121.374311880637 36.4047846769594 1.15415791310765
2015-10-26 121.450769205341 36.4047846769594 1.15415791310765
2015-10-27 120.223488101324 36.4047846769594 1.15415791310765
2015-10-28 121.795063229649 36.4047846769594 1.15415791310765
2015-10-29 121.445147182011 36.4047846769594 1.15415791310765
2015-10-30 121.999476478556 36.4047846769594 1.15415791310765
2015-11-02 118.08009881781 40.2037228250449 1.27459742576859
2015-11-03 118.08527967226 40.2037228250449 1.27459742576859
2015-11-04 116.943259878636 40.2037228250449 1.27459742576859
2015-11-05 117.401533594811 40.2037228250449 1.27459742576859
2015-11-06 118.482952156407 40.2037228250449 1.27459742576859
