time value.DAX value.Dow.Jones value.Nikkei
2012-02-01 0.740043048226904 0.251968671159583 0.00798828061351251
2012-02-02 0.740797499808698 0.251160372126981 0.00804212806432111
2012-02-03 0.742286030571304 0.249847679138463 0.00786629029023352
2012-02-06 0.742378131665601 0.249709233885941 0.00791263444845832
2012-02-07 0.74073210798377 0.2513368641546 0.00793102786162949
2012-02-08 0.741388690232724 0.250630408626457 0.00798090114081901
2012-02-09 0.743971073405783 0.248165719107704 0.00786320748651299
2012-02-10 0.742788344067512 0.249335064408718 0.00787659152376991
2012-02-13 0.741928052333718 0.250203748798836 0.00786819886744648
2012-02-14 0.74209104524703 0.250003830938211 0.00790512381475894
2012-02-15 0.743103496028559 0.248825473447984 0.00807103052345669
2012-02-16 0.740752493575999 0.25124153030979 0.00800597611421138
2012-02-17 0.741465532641183 0.250476188799621 0.00805827855919578
2012-02-20 0.744294237326256 0.247803380718727 0.0079023819550175
2012-02-21 0.745640102162531 0.246464097850602 0.00789579998686723
2012-02-22 0.744418923819085 0.247574267349328 0.00800680883158713
2012-02-23 0.742716642198908 0.249252267486476 0.00803109031461535
2012-02-24 0.744938634099794 0.247066828713335 0.00799453718687138
2012-02-27 0.747026396562038 0.245149557920175 0.00782404551778698
2012-02-28 0.747295762636138 0.244800530838784 0.00790370652507805
2012-02-29 0.747204691784847 0.244821086505834 0.00797422170931863
2012-03-01 0.740043048226904 0.251968671159583 0.00798828061351251
2012-03-02 0.73792344506916 0.254013971972427 0.00806258295841391
2012-03-05 0.734787603897927 0.257175877785941 0.0080365183161314
2012-03-06 0.731141436055913 0.260602048451642 0.00825651549244462
2012-03-07 0.730623516414943 0.261173367949674 0.00820311563538247
2012-03-08 0.733647281334455 0.258096593903575 0.00825612476197034
2012-03-09 0.73567367400931 0.256065792572308 0.00826053341838132
2012-03-12 0.73464250871759 0.257225856053384 0.00813163522902513
2012-03-13 0.734061262623727 0.257891352995706 0.00804738438056697
2012-03-14 0.736258248377479 0.255677101455942 0.00806465016657893
2012-03-15 0.736089286215295 0.25589895381873 0.00801175996597499
2012-03-16 0.736696423672584 0.255321408782987 0.00798216754442907
2012-03-19 0.73832812375254 0.253711610155431 0.00796026609202928
2012-03-20 0.736730944187977 0.255214231569158 0.00805482424286447
2012-03-21 0.738446851666996 0.253582945390281 0.00797020294272277
2012-03-22 0.737328103930811 0.254604224041835 0.00806767202735357
2012-03-23 0.736631105378745 0.255324318444992 0.00804457617626363
2012-03-26 0.737624754220891 0.254388433477414 0.00798681230169466
2012-03-27 0.738330879840093 0.253532142558807 0.00813697760109976
2012-03-28 0.738108335035001 0.253782775191362 0.00810888977363676
2012-03-29 0.734097952175055 0.257732800192319 0.0081692476326259
2012-03-30 0.734819352319241 0.25705391608439 0.0081267315963692
2012-04-02 0.740043048226904 0.251968671159583 0.00798828061351251
2012-04-03 0.738852074084987 0.253111721840593 0.00803620407441973
2012-04-04 0.734921070779432 0.25697956052627 0.00809936869429788
2012-04-05 0.732776060300116 0.259135027730201 0.00808891196968238
2012-04-06 0.73276901832831 0.259132537444754 0.00809844422693648
2012-04-09 0.733571303383546 0.258372369198023 0.00805632741843116
2012-04-10 0.7315435693885 0.260194028009962 0.0082624026015379
2012-04-11 0.732562929872564 0.25930825447488 0.00812881565255558
2012-04-12 0.731913238981024 0.259955618079978 0.00813114293899749
2012-04-13 0.729766755945046 0.261866591937966 0.00836665211698796
2012-04-16 0.729000731534504 0.262793743561235 0.00820552490426082
2012-04-17 0.730936196625533 0.261015402976803 0.00804840039766433
2012-04-18 0.73114819256318 0.260583792765137 0.00826801467168307
2012-04-19 0.730185050613838 0.261607945843109 0.00820700354305282
2012-04-20 0.731753552226053 0.260169660579865 0.00807678719408194
2012-04-23 0.727845086748998 0.263922136818903 0.00823277643209975
2012-04-24 0.728080221821713 0.263769123543056 0.00815065463523103
2012-04-25 0.730229165295439 0.261650251933837 0.00812058277072365
2012-04-26 0.730134577281797 0.261830706811875 0.00803471590632794
2012-04-27 0.731922524564892 0.260115170128135 0.00796230530697345
2012-04-30 0.731317425803007 0.26067963170102 0.00800294249597389
2012-05-01 0.740043048226904 0.251968671159583 0.00798828061351252
2012-05-02 0.73885320364867 0.253076362310468 0.00807043404086271
2012-05-03 0.738423586181374 0.253490997292263 0.00808541652636312
2012-05-04 0.736389620882832 0.255383832098455 0.00822654701871238
2012-05-07 0.736153940513054 0.255751481006639 0.00809457848030688
2012-05-08 0.732589801800049 0.259103636462915 0.00830656173703628
2012-05-09 0.735151478767606 0.256682755025204 0.00816576620718982
2012-05-10 0.735295691651698 0.256571385433075 0.00813292291522622
2012-05-11 0.737363136938348 0.254600583289365 0.00803627977228634
2012-05-14 0.734944839283933 0.256865268773615 0.00818989194245184
2012-05-15 0.733667711744315 0.258127743693442 0.00820454456224305
2012-05-16 0.73282934750472 0.259014120192507 0.00815653230277352
2012-05-17 0.731526521878173 0.260144970172894 0.00832850794893284
2012-05-18 0.731537242499882 0.260299276227742 0.00816348127237576
2012-05-21 0.732058918978776 0.259759434101984 0.00818164691924041
2012-05-22 0.73532743129906 0.256525215651173 0.00814735304976681
2012-05-23 0.730828998819195 0.261078816033406 0.0080921851473992
2012-05-24 0.729230818308518 0.262635694358243 0.00813348733323938
2012-05-25 0.730012633986056 0.26180378669274 0.00818357932120392
2012-05-28 0.729477812225721 0.262304988797619 0.00821719897665972
2012-05-29 0.729797578164121 0.262019914553562 0.00818250728231731
2012-05-30 0.727972964264603 0.263713819336918 0.00831321639847813
2012-05-31 0.72657296431771 0.265113408903065 0.00831362677922473
2012-06-01 0.740043048226904 0.251968671159583 0.00798828061351252
2012-06-04 0.738670946071115 0.253355193858081 0.00797386007080412
2012-06-05 0.738206626056493 0.253757834043942 0.00803553989956447
2012-06-06 0.738259852046274 0.253773521441632 0.00796662651209415
2012-06-07 0.73954911341027 0.252509326332131 0.00794156025759879
2012-06-08 0.739013122309959 0.253291037232216 0.00769584045782469
2012-06-11 0.740873123095333 0.251257947509246 0.00786892939542066
2012-06-12 0.739705012306093 0.252569839575374 0.00772514811853344
2012-06-13 0.739178590463648 0.252982585349221 0.00783882418713118
2012-06-14 0.737074040727257 0.255142005805405 0.00778395346733871
2012-06-15 0.738937580822351 0.253384470767743 0.0076779484099064
2012-06-18 0.740704000710185 0.251464256186221 0.00783174310359388
2012-06-19 0.742975175959714 0.249408645644329 0.00761617839595725
2012-06-20 0.743663568556941 0.248639107972512 0.00769732347054714
2012-06-21 0.746686154845394 0.245510958121213 0.00780288703339295
2012-06-22 0.742674419838879 0.249532795659704 0.00779278450141677
2012-06-25 0.739610339130339 0.252530954870681 0.00785870599898082
2012-06-26 0.738421821284028 0.253724074449966 0.0078541042660068
2012-06-27 0.73963351008377 0.2525015768633 0.00786491305293074
2012-06-28 0.737225415973007 0.25470141906945 0.00807316495754302
2012-06-29 0.740855990661032 0.251221337301834 0.0079226720371345
2012-07-02 0.740043048226904 0.251968671159583 0.00798828061351252
2012-07-03 0.740633341758486 0.251372182262254 0.00799447597925899
2012-07-04 0.740211842934839 0.251742319760199 0.0080458373049627
2012-07-05 0.739359645861237 0.25258140808052 0.00805894605824252
2012-07-06 0.735936269462948 0.25587873937694 0.00818499116011161
2012-07-09 0.732876652531012 0.258913325717163 0.0082100217518255
2012-07-10 0.735840394994257 0.256018191262379 0.00814141374336341
2012-07-11 0.736929582514466 0.254922760551042 0.00814765693449144
2012-07-12 0.735983217960985 0.255932917169396 0.00808386486961925
2012-07-13 0.736393938215133 0.255656922818901 0.00794913896596623
2012-07-16 0.737936347813336 0.254108321661754 0.00795533052490963
2012-07-17 0.736910781780138 0.255104108720383 0.00798510949947901
2012-07-18 0.739138008247524 0.253030432368836 0.00783155938364057
2012-07-19 0.740630391434169 0.251542084283937 0.00782752428189417
2012-07-20 0.738887972864353 0.253236209382154 0.00787581775349348
2012-07-23 0.732177293981648 0.259815442933588 0.00800726308476369
2012-07-24 0.732223989276086 0.259704585858686 0.00807142486522816
2012-07-25 0.731672109289572 0.260383564515248 0.00794432619517988
2012-07-26 0.73391428797675 0.258259058510015 0.00782665351323466
2012-07-27 0.735728116650302 0.256497706604247 0.00777417674545119
2012-07-30 0.740019722463829 0.252298733590454 0.00768154394571662
2012-07-31 0.740134239384828 0.252083649312277 0.00778211130289488
2012-08-01 0.740043048226904 0.251968671159583 0.00798828061351252
2012-08-02 0.737341598977158 0.254514940887259 0.00814346013558319
2012-08-03 0.740658385782019 0.25153561919783 0.00780599502015135
2012-08-06 0.744193632305813 0.247981888716505 0.00782447897768117
2012-08-07 0.744843300104196 0.247304817114562 0.00785188278124302
2012-08-08 0.744893214146055 0.24719836293246 0.00790842292148502
2012-08-09 0.744425338404216 0.247566701052385 0.00800796054339908
2012-08-10 0.742756820365041 0.249288608790061 0.00795457084489801
2012-08-13 0.741590715263746 0.250378033083987 0.00803125165226706
2012-08-14 0.743677973128979 0.2483193653295 0.00800266154152022
2012-08-15 0.743529422589153 0.248490928665524 0.00797964874532319
2012-08-16 0.743011842382941 0.248925837369625 0.00806232024743384
2012-08-17 0.743885458666944 0.248068823705813 0.00804571762724373
2012-08-20 0.744179001053544 0.247810488270254 0.00801051067620251
2012-08-21 0.74663806207382 0.245393107965414 0.00796882996076521
2012-08-22 0.746255882732033 0.245756109627002 0.00798800764096533
2012-08-23 0.74693126512416 0.244973778710526 0.00809495616531331
2012-08-24 0.747342840950216 0.244664219291403 0.00799293975838079
2012-08-27 0.749284426821312 0.242762218765579 0.00795335441310963
2012-08-28 0.74844239171489 0.243617125526133 0.00794048275897738
2012-08-29 0.748722526576896 0.243303595655089 0.00797387776801535
2012-08-30 0.747531370722143 0.244470848960731 0.00799778031712666
2012-08-31 0.74814286759574 0.244055794453849 0.00780133795041081
2012-09-03 0.740043048226904 0.251968671159583 0.00798828061351252
2012-09-04 0.739256201718919 0.252671306593717 0.00807249168736407
2012-09-05 0.740235622097262 0.251822319294593 0.00794205860814515
2012-09-06 0.741828626475692 0.250421662300592 0.0077497112237158
2012-09-07 0.743585713873049 0.248579628749685 0.00783465737726591
2012-09-10 0.747262618410999 0.244950727651244 0.00778665393775729
2012-09-11 0.748417202688131 0.243926242497702 0.00765655481416727
2012-09-12 0.74927276730477 0.242952964731809 0.00777426796342143
2012-09-13 0.746718964649738 0.245496329349549 0.00778470600071357
2012-09-14 0.74908445733297 0.243077502018586 0.00783804064844385
2012-09-17 0.752262038691236 0.239857699068661 0.00788026224010352
2012-09-18 0.75075245326237 0.241553348187587 0.00769419855004354
2012-09-19 0.751013576923916 0.241237431952084 0.00774899112399934
2012-09-20 0.750394759711008 0.241971990283358 0.00763325000563468
2012-09-21 0.751240588879178 0.241080585015984 0.00767882610483843
2012-09-24 0.750507486020458 0.241802976933271 0.0076895370462709
2012-09-25 0.75149404515785 0.240758604109781 0.00774735073236889
2012-09-26 0.748344766204006 0.243920623475075 0.00773461032091847
2012-09-27 0.746842771964307 0.24537410648444 0.0077831215512531
2012-09-28 0.745729656519888 0.246486079684222 0.00778426379589004
2012-10-01 0.740043048226904 0.251968671159583 0.00798828061351251
2012-10-02 0.740091263771821 0.251916213621085 0.00799252260709367
2012-10-03 0.741069029445013 0.251021440568069 0.0079095299869182
2012-10-04 0.739419371258834 0.252621510498997 0.00795911824216961
2012-10-05 0.742080696100689 0.250047601957258 0.00787170194205323
2012-10-08 0.740816929644717 0.251209818120038 0.00797325223524465
2012-10-09 0.740097145329068 0.251963721437069 0.007939133233863
2012-10-10 0.740559757194151 0.25158370202725 0.00785654077859894
2012-10-11 0.741952724672433 0.250261922076717 0.00778535325085039
2012-10-12 0.740847966795768 0.251343172884978 0.00780886031925447
2012-10-15 0.741190322712362 0.251048240135017 0.00776143715262046
2012-10-16 0.74216595728605 0.25008040166344 0.00775364105051056
2012-10-17 0.743458020046267 0.248762287779643 0.00777969217408983
2012-10-18 0.746099730866469 0.246041354965713 0.00785891416781813
2012-10-19 0.747326974682668 0.244757047819351 0.00791597749798104
2012-10-22 0.744841322330768 0.247171440392117 0.00798723727711507
2012-10-23 0.744568908803886 0.247320452561771 0.008110638634343
2012-10-24 0.745064746940717 0.2469000783063 0.00803517475298288
2012-10-25 0.744042627934941 0.247813524069459 0.00814384799560056
2012-10-26 0.745074210613976 0.246948199417988 0.00797758996803606
2012-10-29 0.744270101102462 0.247664209257184 0.00806568964035335
2012-10-30 0.746449807392935 0.245619350452202 0.00793084215486242
2012-10-31 0.74536338301351 0.24662317959984 0.00801343738665021
2012-11-01 0.740043048226904 0.251968671159583 0.00798828061351251
2012-11-02 0.742418915944076 0.2495218569628 0.00805922709312365
2012-11-05 0.739487630889377 0.252452705678552 0.00805966343207109
2012-11-06 0.738476506172061 0.253530817180617 0.00799267664732173
2012-11-07 0.739005202803107 0.252819909353649 0.00817488784324356
2012-11-08 0.740211082642162 0.251687840917636 0.00810107644020257
2012-11-09 0.738256701906624 0.253625910662839 0.00811738743053703
2012-11-12 0.737841853587334 0.254068379029947 0.00808976738271939
2012-11-13 0.738813035714771 0.253101324058584 0.00808564022664493
2012-11-14 0.739389895295683 0.252419469055421 0.00819063564889568
2012-11-15 0.738638012040865 0.253021632357706 0.00834035560142902
2012-11-16 0.735699824397579 0.255815975510312 0.00848420009210897
2012-11-19 0.737173620595098 0.254457248769271 0.00836913063563056
2012-11-20 0.739084766870089 0.252606752629931 0.00830848049998091
2012-11-21 0.739061389933748 0.252606794994113 0.00833181507213918
2012-11-22 0.740625059668508 0.251035044559836 0.00833989577165575
2012-11-23 0.740703698983368 0.251028712395007 0.00826758862162492
2012-11-26 0.742613128774017 0.249200652861888 0.00818621836409521
2012-11-27 0.744711370864104 0.247068383921306 0.00822024521458983
2012-11-28 0.743570714314142 0.24832562168407 0.0081036640017877
2012-11-29 0.743872726638807 0.247956584030607 0.00817068933058561
2012-11-30 0.744539375647141 0.247294674370878 0.00816594998198091
2012-12-03 0.740043048226904 0.251968671159583 0.00798828061351252
2012-12-04 0.740966255165602 0.251069793327036 0.0079639515073625
2012-12-05 0.740783636302267 0.251239293357379 0.0079770703403537
2012-12-06 0.742537600154878 0.249515735653241 0.00794666419188081
2012-12-07 0.740183388615597 0.251882696052044 0.00793391533235866
2012-12-10 0.738665607304365 0.253366682943702 0.00796770975193307
2012-12-11 0.738871540390661 0.253207990487261 0.00792046912207798
2012-12-12 0.740288749224319 0.251788575519518 0.00792267525616265
2012-12-13 0.74131389811437 0.250659134028466 0.00802696785716355
2012-12-14 0.742922153028882 0.24914501377293 0.00793283319818837
2012-12-17 0.743001584397628 0.249062533079807 0.00793588252256531
2012-12-18 0.742550660146755 0.249527064096192 0.00792227575705245
2012-12-19 0.744479222562897 0.24742352632449 0.00809725111261344
2012-12-20 0.744802936337501 0.247273868138817 0.00792319552368208
2012-12-21 0.745394424409731 0.246691422450657 0.00791415313961206
2012-12-24 0.745479208542009 0.246605738131063 0.00791505332692857
2012-12-25 0.745399832697056 0.246579480472083 0.00802068683086021
2012-12-26 0.745668134655465 0.246211282728282 0.00812058261625298
2012-12-27 0.746532210251111 0.245316598952289 0.00815119079660023
2012-12-28 0.748304776107663 0.243523198049402 0.0081720258429353
2012-12-31 0.74562680812589 0.246230411365766 0.00814278050834391
2013-01-02 0.740043048226904 0.251968671159583 0.00798828061351251
2013-01-03 0.740320576971563 0.251665130461529 0.00801429256690745
2013-01-04 0.738634756510374 0.253220136550647 0.00814510693897899
2013-01-07 0.73744717454464 0.254499335187075 0.00805349026828503
2013-01-08 0.737233271050928 0.254720621478897 0.0080461074701756
2013-01-09 0.737549535442458 0.254354424816983 0.00809603974055886
2013-01-10 0.735547574522918 0.256294218593328 0.00815820688375443
2013-01-11 0.736127136826653 0.255688955158794 0.00818390801455256
2013-01-14 0.739445133329999 0.252348950195528 0.008205916474473
2013-01-15 0.738229600346232 0.25373610927253 0.00803429038123839
2013-01-16 0.738815869155198 0.253314212012034 0.00786991883276788
2013-01-17 0.73782438510201 0.254264595494064 0.00791101940392633
2013-01-18 0.736651470048782 0.255270836116658 0.00807769383456039
2013-01-21 0.737977491914027 0.25419144643034 0.00783106165563381
2013-01-22 0.735635185236671 0.256498105826752 0.00786670893657673
2013-01-23 0.735181658628156 0.257080927537063 0.00773741383478195
2013-01-24 0.735378343313592 0.256772175650494 0.00784948103591397
2013-01-25 0.737275010750676 0.254826952193793 0.00789803705553087
2013-01-28 0.738876206519367 0.253464101224903 0.00765969225572996
2013-01-29 0.738116830198377 0.254209710216063 0.00767345958556008
2013-01-30 0.737703946737619 0.254398839823283 0.00789721343909739
2013-01-31 0.738473293701743 0.253639514298475 0.00788719199978211
2013-02-01 0.740043048226904 0.251968671159583 0.00798828061351251
2013-02-04 0.738042413431656 0.253936933078644 0.0080206534896994
2013-02-05 0.736781822683457 0.255352180024712 0.00786599729183134
2013-02-06 0.733388885795043 0.25836239173561 0.00824872246934645
2013-02-07 0.734671255964289 0.257243127343573 0.00808561669213728
2013-02-08 0.734884602734757 0.257196323579821 0.00791907368542177
2013-02-11 0.732888894512439 0.259194501620214 0.00791660386734694
2013-02-12 0.732980522254253 0.258860766686862 0.00815871105888542
2013-02-13 0.735380556979625 0.256675829398098 0.00794361362227678
2013-02-14 0.733985857667664 0.257933761588119 0.00808038074421732
2013-02-15 0.731980020474375 0.259973719330923 0.0080462601947016
2013-02-18 0.732762851560937 0.259050226911367 0.00818692152769527
2013-02-19 0.734608210328315 0.257369925224736 0.00802186444694899
2013-02-20 0.735551653680013 0.256302298294574 0.00814604802541294
2013-02-21 0.732987060354656 0.258864313493035 0.00814862615230858
2013-02-22 0.731027380297302 0.26076011471143 0.00821250499126782
2013-02-25 0.736063902610651 0.255570460338208 0.00836563705114059
2013-02-26 0.730411771721239 0.261332048371383 0.00825617990737835
2013-02-27 0.727935456324519 0.263780857004032 0.0082836866714487
2013-02-28 0.72992890548866 0.261603462279715 0.00846763223162497
2013-03-01 0.740043048226904 0.251968671159583 0.00798828061351251
2013-03-04 0.737688517226015 0.254344700586286 0.00796678218769962
2013-03-05 0.740270590429288 0.251878548495315 0.00785086107539628
2013-03-06 0.741156389476887 0.250864335470997 0.00797927505211644
2013-03-07 0.741226682387912 0.25080501709016 0.0079683005219277
2013-03-08 0.741271643209294 0.250664170690663 0.00806418610004376
2013-03-11 0.740294424413787 0.251739240784523 0.00796633480169018
2013-03-12 0.739874875931041 0.252179997511883 0.00794512655707601
2013-03-13 0.740275279390561 0.251849335280557 0.00787538532888199
2013-03-14 0.740867061749384 0.251204917776075 0.00792802047454085
2013-03-15 0.740153274077341 0.251788736867035 0.00805798905562401
2013-03-18 0.741927968730652 0.250180125067115 0.00789190620223299
2013-03-19 0.738075095565359 0.253729816113652 0.00819508832098975
2013-03-20 0.738679573915436 0.253174159238133 0.00814626684643074
2013-03-21 0.737750478557205 0.253955005493232 0.00829451594956269
2013-03-22 0.736453158048016 0.255465619364638 0.00808122258734611
2013-03-25 0.737083086435105 0.254599006108992 0.00831790745590316
2013-03-26 0.735548565549912 0.256205508223879 0.00824592622620877
2013-03-27 0.732152167915864 0.259435801354469 0.00841203072966645
2013-03-28 0.730998264193127 0.260706102032865 0.00829563377400836
2013-03-29 0.730937477118143 0.260684422690862 0.00837810019099468
2013-04-01 0.740043048226904 0.251968671159583 0.00798828061351252
2013-04-02 0.742519717928021 0.249660296905984 0.0078199851659954
2013-04-03 0.742456648546198 0.249387046650991 0.00815630480281043
2013-04-04 0.739935113918859 0.251695551466596 0.00836933461454466
2013-04-05 0.736860077612259 0.254649114463113 0.00849080792462782
2013-04-08 0.738490014137808 0.253110346554103 0.00839963930808804
2013-04-09 0.737337644863594 0.254352621678449 0.00830973345795678
2013-04-10 0.740751587279143 0.251093958347753 0.00815445437310323
2013-04-11 0.741776862137786 0.249997742003354 0.00822539585886008
2013-04-12 0.738802330067254 0.252937101467036 0.00826056846571
2013-04-15 0.741720615121694 0.24999458583141 0.00828479904689617
2013-04-16 0.738483029310536 0.253211318931086 0.00830565175837791
2013-04-17 0.735854352156436 0.255537800368946 0.00860784747461788
2013-04-18 0.736696841977882 0.25481872589901 0.00848443212310774
2013-04-19 0.735011909839606 0.256410241789348 0.00857784837104638
2013-04-22 0.735215359128945 0.25618486678382 0.0085997740872346
2013-04-23 0.737950227306522 0.253657333643902 0.0083924390495762
2013-04-24 0.740352022137195 0.251074353153077 0.00857362470972839
2013-04-25 0.741553399615645 0.249911071175798 0.00853552920855653
2013-04-26 0.741442924512303 0.250037382190927 0.00851969329677006
2013-04-29 0.741502265570911 0.250040925507543 0.00845680892154528
2013-04-30 0.742758332309489 0.248725083577055 0.0085165841134568
2013-05-01 0.740043048226904 0.251968671159583 0.00798828061351251
2013-05-02 0.7406635825524 0.251467487420999 0.00786893002660071
2013-05-03 0.742065724605178 0.250206314369099 0.00772796102572312
2013-05-06 0.741562200091303 0.250705362743057 0.00773243716563966
2013-05-07 0.741824166319136 0.250336864116868 0.00783896956399575
2013-05-08 0.742505244870662 0.24963477833496 0.00785997679437781
2013-05-09 0.743643219076451 0.248554238066785 0.00780254285676346
2013-05-10 0.743534607333898 0.24847484036193 0.0079905523041718
2013-05-13 0.741891736477151 0.25015134457945 0.00795691894339869
2013-05-14 0.741555522310991 0.250566297405173 0.00787818028383623
2013-05-15 0.741321704847069 0.25064610754367 0.00803218760926018
2013-05-16 0.740821436995856 0.25118351471887 0.00799504828527407
2013-05-17 0.739693376490371 0.252281914243744 0.00802470926588483
2013-05-20 0.740584592802063 0.251365645269393 0.00804976192854412
2013-05-21 0.740517917839084 0.2513996008961 0.00808248126481589
2013-05-22 0.743160328670622 0.248671292287099 0.00816837904227818
2013-05-23 0.740057377984226 0.252277911287258 0.00766471072851561
2013-05-24 0.738381526727466 0.253793934156875 0.00782453911565864
2013-05-27 0.740340530155899 0.252100280958908 0.00755918888519322
2013-05-28 0.741955132564137 0.250447550665976 0.00759731676988676
2013-05-29 0.739551210459056 0.252786481665238 0.00766230787570627
2013-05-30 0.740907377918865 0.251845042909321 0.00724757917181409
2013-05-31 0.743537049370342 0.249049525363232 0.00741342526642588
2013-06-03 0.740043048226904 0.251968671159583 0.00798828061351252
2013-06-04 0.741484274519707 0.25034650797182 0.00816921750847315
2013-06-05 0.742737483172765 0.249313890002015 0.00794862682521997
2013-06-06 0.739617758605365 0.252421788936672 0.00796045245796306
2013-06-07 0.741589641258363 0.250553891628115 0.00785646711352195
2013-06-10 0.743674334088874 0.248064485586433 0.00826118032469322
2013-06-11 0.74321570483309 0.248640382297123 0.00814391286978708
2013-06-12 0.743729390088905 0.248018094728864 0.00825251518223163
2013-06-13 0.741225014818915 0.250944185377074 0.00783079980401157
2013-06-14 0.743512573890237 0.248400654208347 0.00808677190141547
2013-06-17 0.744088163117222 0.247634122789327 0.00827771409345161
2013-06-18 0.742699726181729 0.249119656038341 0.00818061777993022
2013-06-19 0.744841240304851 0.246823531866241 0.00833522782890792
2013-06-20 0.743117748848896 0.248466064570634 0.00841618658047035
2013-06-21 0.737109328503475 0.254335678083536 0.00855499341298963
2013-06-24 0.734883792459524 0.256561090204477 0.00855511733599976
2013-06-25 0.736363489318059 0.255256287730945 0.00838022295099617
2013-06-26 0.737814349517118 0.253980943945346 0.00820470653753605
2013-06-27 0.736426399165448 0.255160470530224 0.00841313030432821
2013-06-28 0.736651652199179 0.254621929128294 0.00872641867252684
2013-07-01 0.740043048226904 0.251968671159583 0.00798828061351251
2013-07-02 0.739103854276705 0.252749105912249 0.00814703981104537
2013-07-03 0.736431245750414 0.255428237829814 0.0081405164197719
2013-07-04 0.740460438543074 0.25152525978376 0.00801430167316617
2013-07-05 0.73292704989529 0.258751352828027 0.00832159727668287
2013-07-08 0.733872375506711 0.258095811544107 0.00803181294918161
2013-07-09 0.73515062599217 0.256693279525438 0.00815609448239278
2013-07-10 0.735487599050868 0.256387478176379 0.00812492277275341
2013-07-11 0.735175032373911 0.256702903148866 0.00812206447722258
2013-07-12 0.740078767018041 0.251821944307253 0.00809928867470568
2013-07-15 0.740339560922276 0.251579981284703 0.00808045779302104
2013-07-16 0.739727129859586 0.252148461769385 0.00812440837102892
2013-07-17 0.741422189859874 0.250503738508058 0.0080740716320686
2013-07-18 0.742857459555852 0.249039781835484 0.00810275860866383
2013-07-19 0.742421018126064 0.249627485004054 0.00795149686988151
2013-07-22 0.742957217274513 0.249110771057388 0.00793201166809879
2013-07-23 0.742593029066292 0.249355498415827 0.00805147251788161
2013-07-24 0.74478642613444 0.247223417146827 0.00799015671873322
2013-07-25 0.743171469942756 0.248906256872901 0.0079222731843425
2013-07-26 0.74204067614616 0.250228086032341 0.00773123782149818
2013-07-29 0.743813729563683 0.248618793711034 0.00756747672528353
2013-07-30 0.743929456064658 0.248368479640798 0.00770206429454425
2013-07-31 0.744229419187911 0.248188893142905 0.00758168766918467
2013-08-01 0.740043048226904 0.251968671159583 0.00798828061351252
2013-08-02 0.739221794399284 0.252576926139351 0.00820127946136504
2013-08-05 0.740087447454497 0.251851010459869 0.00806154208563416
2013-08-06 0.738678615412173 0.253066467263689 0.00825491732413815
2013-08-07 0.738684959240102 0.253311670533225 0.00800337022667251
2013-08-08 0.740162466926913 0.251934738260242 0.00790279481284485
2013-08-09 0.742175041560363 0.24989134359728 0.0079336148423564
2013-08-12 0.742526751755976 0.249588173375127 0.00788507486889747
2013-08-13 0.742878388557889 0.249093702596106 0.00802790884600409
2013-08-14 0.744336489841983 0.247615967141954 0.00804754301606273
2013-08-15 0.745461953289155 0.246612575353633 0.0079254713572113
2013-08-16 0.746570659775077 0.245554626501377 0.00787471372354608
2013-08-19 0.747397752425506 0.244632063303277 0.00797018427121692
2013-08-20 0.746312813588113 0.245896943684831 0.00779024272705514
2013-08-21 0.747804250345744 0.244355639657378 0.00784010999687775
2013-08-22 0.749819317331621 0.242480198201616 0.00770048446676287
2013-08-23 0.748855172722764 0.243336782695913 0.00780804458132302
2013-08-26 0.750632665748365 0.241626348352098 0.0077409858995374
2013-08-27 0.748329263836159 0.243813305671625 0.00785743049221605
2013-08-28 0.745736148356667 0.24640417970684 0.00785967193649291
2013-08-29 0.746190414695802 0.245870883375422 0.00793870192877618
2013-08-30 0.743353192418268 0.24869485108552 0.00795195649621171
2013-09-02 0.740043048226904 0.251968671159583 0.00798828061351251
2013-09-03 0.73703629289498 0.254763154555984 0.00820055254903612
2013-09-04 0.735760244420103 0.256051441703418 0.00818831387647948
2013-09-05 0.736645804458268 0.255198506817976 0.00815568872375665
2013-09-06 0.737760495036467 0.254246578018312 0.00799292694522151
2013-09-09 0.735967200876738 0.255804271005032 0.00822852811822982
2013-09-10 0.738598611636388 0.253239959611253 0.0081614287523584
2013-09-11 0.738854229810704 0.253092127511887 0.00805364267740829
2013-09-12 0.739451817211184 0.252538326533532 0.00800985625528441
2013-09-13 0.739237501049857 0.252716879952048 0.00804561899809528
2013-09-16 0.7400054987834 0.25203738084849 0.00795712036810973
2013-09-17 0.740121083153304 0.251942182223027 0.00793673462366885
2013-09-18 0.739012736980261 0.253007843196562 0.00797941982317707
2013-09-19 0.741038717885813 0.250867509486759 0.00809377262742821
2013-09-20 0.745109678673505 0.246830732553514 0.00805958877298097
2013-09-23 0.744736051426355 0.24721103373114 0.0080529148425054
2013-09-24 0.746034405145667 0.245897651830033 0.00806794302429993
2013-09-25 0.746448465925443 0.245511432335316 0.00804010173924037
2013-09-26 0.745754029619846 0.246100962333176 0.00814500804697743
2013-09-27 0.746703072486033 0.24517954874581 0.0081173787681568
2013-09-30 0.747126259962345 0.244824494577071 0.00804924546058463
2013-10-01 0.740043048226904 0.251968671159583 0.00798828061351252
2013-10-02 0.739973386860366 0.252187913417118 0.00783869972251598
2013-10-03 0.741036091053112 0.251056817116334 0.0079070918305542
2013-10-04 0.741563708032136 0.250647755319443 0.00778853664842099
2013-10-07 0.741958913676275 0.250285468246091 0.00775561807763452
2013-10-08 0.743296314823947 0.24885168309219 0.00785200208386357
2013-10-09 0.742077838461015 0.249960329330073 0.00796183220891216
2013-10-10 0.741307362992454 0.250812137177997 0.00788049982954975
2013-10-11 0.740429415328268 0.251651785973518 0.00791879869821424
2013-10-14 0.74002469662377 0.252136375927572 0.00783892744865778
2013-10-15 0.743703030159713 0.24846071941124 0.00783625042904686
2013-10-16 0.741614199667004 0.250591562526382 0.00779423780661348
2013-10-17 0.740769450361955 0.251348282630905 0.00788226700714002
2013-10-18 0.742691925239735 0.249489619402368 0.00781845535789673
2013-10-21 0.743889423875156 0.248215124863 0.00789545126184383
2013-10-22 0.744575769421953 0.247604095921943 0.00782013465610359
2013-10-23 0.745204992963495 0.247128733793818 0.00766627324268639
2013-10-24 0.74621166602454 0.246114082177288 0.00767425179817186
2013-10-25 0.746019078504333 0.246521022191893 0.00745989930377357
2013-10-28 0.745875919659706 0.24650399046969 0.00762008987060361
2013-10-29 0.745491562642442 0.246982582808247 0.00752585454931139
2013-10-30 0.74549483618381 0.246871572658359 0.0076335911578307
2013-10-31 0.746631367383205 0.245858546990091 0.00751008562670364
2013-11-01 0.740043048226904 0.251968671159583 0.00798828061351252
2013-11-04 0.73784164598419 0.25421974668588 0.00793860732993058
2013-11-05 0.737605739107413 0.254345851124591 0.00804840976799578
2013-11-06 0.736585616122165 0.255319223707909 0.00809516016992632
2013-11-07 0.739497135157204 0.252492386436509 0.00801047840628738
2013-11-08 0.737050281988478 0.255027358913953 0.00792235909756875
2013-11-11 0.735859075437512 0.256127481294869 0.00801344326761815
2013-11-12 0.735636008599867 0.256158059092554 0.00820593230757933
2013-11-13 0.734750098673875 0.257097998430623 0.0081519028955029
2013-11-14 0.736388838817172 0.255366460504987 0.00824470067784087
2013-11-15 0.736068649594181 0.255583511119364 0.00834783928645482
2013-11-18 0.737600516228759 0.254145625795736 0.00825385797550565
2013-11-19 0.737139978218441 0.254599415277185 0.00826060650437385
2013-11-20 0.738270975813532 0.253483899902247 0.00824512428422161
2013-11-21 0.736823757312399 0.254795581321105 0.00838066136649667
2013-11-22 0.735588770686433 0.256061635632624 0.00834959368094277
2013-11-25 0.738798921938163 0.252882650252693 0.00831842780914308
2013-11-26 0.738240438548785 0.253506550467184 0.00825301098403162
2013-11-27 0.739418565084423 0.252395622626817 0.00818581228875941
2013-11-28 0.740087159533156 0.2516485807126 0.00826425975424408
2013-11-29 0.741282536008482 0.250534351253033 0.00818311273848478
2013-12-02 0.740043048226904 0.251968671159583 0.00798828061351252
2013-12-03 0.737125827143896 0.254723119810414 0.0081510530456902
2013-12-04 0.735693610101289 0.256280799041542 0.00802559085716907
2013-12-05 0.735672412911408 0.256358378506465 0.00796920858212631
2013-12-06 0.735570915389591 0.256463018001704 0.00796606660870504
2013-12-09 0.737209910686753 0.254762073594852 0.00802801571839521
2013-12-10 0.736268232481709 0.255683069518559 0.00804869799973245
2013-12-11 0.737576629055258 0.254399259598953 0.00802411134578901
2013-12-12 0.737792868558021 0.254191373652961 0.00801575778901813
2013-12-13 0.737432092969686 0.254529437506932 0.00803846952338227
2013-12-16 0.738916552605036 0.253313587721277 0.00776985967368781
2013-12-17 0.737527327184533 0.254574433390774 0.00789823942469366
2013-12-18 0.736063368731941 0.255974703287048 0.00796192798101141
2013-12-19 0.739057253527125 0.252950166091531 0.00799258038134387
2013-12-20 0.738677120833716 0.253415366165451 0.00790751300083255
2013-12-23 0.739682253549287 0.252472891548112 0.00784485490260118
2013-12-24 0.73913450880567 0.253019861546166 0.00784562964816419
2013-12-25 0.739101943803699 0.253008713923924 0.00788934227237719
2013-12-26 0.737577040367042 0.254467909174877 0.00795505045808156
2013-12-27 0.739695470743048 0.252444476952591 0.00786005230436125
2013-12-30 0.739549718472803 0.252576695506428 0.0078735860207692
2013-12-31 0.738962770045092 0.25316989285672 0.00786733709818846
2014-01-02 0.740043048226904 0.251968671159583 0.00798828061351251
2014-01-03 0.739458892415636 0.252588835304933 0.00795227227943046
2014-01-06 0.738136296272761 0.253992315338477 0.00787138838876265
2014-01-07 0.738770570232182 0.253445564855495 0.00778386491232334
2014-01-08 0.739555484694745 0.252500787666573 0.00794372763868255
2014-01-09 0.738004317931107 0.254142764614067 0.00785291745482622
2014-01-10 0.738910742927519 0.253247323892719 0.00784193317976182
2014-01-13 0.74281426851479 0.249328572317145 0.00785715916806541
2014-01-14 0.742175549595485 0.250184030369272 0.00764042003524245
2014-01-15 0.744744501061982 0.24756189621414 0.00769360272387743
2014-01-16 0.744613666421186 0.247749095670241 0.00763723790857278
2014-01-17 0.744419428017966 0.247977154811484 0.00760341717054993
2014-01-20 0.743879463569879 0.248487420163647 0.00763311626647495
2014-01-21 0.743704578133999 0.248588088320216 0.00770733354578462
2014-01-22 0.743980971578185 0.248313261065447 0.00770576735636771
2014-01-23 0.744404312462943 0.247874107973197 0.00772157956386025
2014-01-24 0.744098411282681 0.248152267817837 0.00774932089948218
2014-01-27 0.744747539031989 0.247566132247209 0.00768632872080241
2014-01-28 0.744893484590379 0.247487010759186 0.00761950465043419
2014-01-29 0.745349483673034 0.246779974498979 0.00787054182798678
2014-01-30 0.744875578846235 0.247478922457229 0.00764549869653665
2014-01-31 0.744608328205808 0.247687044119855 0.00770462767433685
2014-02-03 0.740043048226904 0.251968671159583 0.00798828061351252
2014-02-04 0.738353300960759 0.253954950460069 0.00769174857917185
2014-02-05 0.738310073298688 0.253860751808065 0.00782917489324713
2014-02-06 0.739058507152908 0.253244751510585 0.00769674133650772
2014-02-07 0.73831683534351 0.253898462749533 0.00778470190695702
2014-02-10 0.739153143965604 0.253015505249789 0.0078313507846071
2014-02-11 0.740719761500625 0.251588696745648 0.00769154175372697
2014-02-12 0.74265678568348 0.249650086651552 0.00769312766496843
2014-02-13 0.742546724650992 0.24993095270211 0.00752232264689778
2014-02-14 0.74279114827936 0.249839132463965 0.00736971925667406
2014-02-17 0.742650514130363 0.249937736211339 0.0074117496582981
2014-02-18 0.743725092062801 0.248628182491348 0.00764672544585124
2014-02-19 0.745097982937112 0.247331989452317 0.00757002761057047
2014-02-20 0.743751677497491 0.248831147994839 0.00741717450766998
2014-02-21 0.744239555007678 0.248129085327912 0.00763135966440963
2014-02-24 0.744327562076363 0.248131930713763 0.00754050720987436
2014-02-25 0.744341737610706 0.247996978952243 0.00766128343705169
2014-02-26 0.74348276976684 0.248872885973979 0.00764434425918117
2014-02-27 0.74091235739449 0.251422326910398 0.00766531569511287
2014-02-28 0.741879842709268 0.25053687462504 0.00758328266569209
2014-03-03 0.740043048226904 0.251968671159583 0.00798828061351251
2014-03-04 0.741609757324803 0.250492567290493 0.00789767538470464
2014-03-05 0.740646988012778 0.251348412014207 0.00800459997301484
2014-03-06 0.739742638753473 0.252167804625081 0.0080895566214462
2014-03-07 0.735933663444062 0.255833735169217 0.00823260138672145
2014-03-10 0.736181850644888 0.255697548120502 0.00812060123461002
2014-03-11 0.737807025302869 0.254031728742382 0.00816124595474901
2014-03-12 0.735384819208186 0.256581659539455 0.00803352125235928
2014-03-13 0.734528063932159 0.257277882891254 0.00819405317658691
2014-03-14 0.736659005008228 0.255424581101586 0.00791641389018544
2014-03-17 0.737052148303628 0.255072956132353 0.00787489556401942
2014-03-18 0.737269069010104 0.254852052126471 0.0078788788634253
2014-03-19 0.739419518825384 0.252685892850905 0.00789458832371058
2014-03-20 0.738535863995263 0.253720687153773 0.00774344885096439
2014-03-21 0.738383756262471 0.253913186498191 0.00770305723933815
2014-03-24 0.735180120720432 0.256865344506132 0.00795453477343583
2014-03-25 0.737347219781272 0.254840860566875 0.00781191965185259
2014-03-26 0.741077959942533 0.251140828160453 0.00778121189701422
2014-03-27 0.740892148057885 0.251243568239568 0.00786428370254713
2014-03-28 0.742419485284372 0.249739614233629 0.00784090048199865
2014-03-31 0.740030895516983 0.252103400490861 0.00786570399215629
2014-04-01 0.740043048226904 0.251968671159583 0.00798828061351252
2014-04-02 0.740205247722763 0.251776282349347 0.00801846992789033
2014-04-03 0.740305190103618 0.251642416038515 0.00805239385786659
2014-04-04 0.742888683512047 0.249080831521701 0.0080304849662522
2014-04-07 0.740561166544493 0.251341155842788 0.00809767761271896
2014-04-08 0.740310105496089 0.251689053662722 0.00800084084118905
2014-04-09 0.739330945573316 0.252836400307868 0.00783265411881614
2014-04-10 0.741800765752456 0.250274091306714 0.00792514294083017
2014-04-11 0.741598862703326 0.250567644735065 0.0078334925616093
2014-04-14 0.740674577622677 0.251552342126648 0.00777308025067512
2014-04-15 0.735469962200074 0.256599811242353 0.0079302265575725
2014-04-16 0.73611128519036 0.255837069518721 0.00805164529091911
2014-04-17 0.738387990040448 0.253649520033292 0.00796248992626003
2014-04-18 0.738351495823726 0.253636983615202 0.00801152056107173
2014-04-21 0.737730858891345 0.25427328830166 0.00799585280699427
2014-04-22 0.740897067328883 0.251309518637634 0.00779341403348277
2014-04-23 0.739730703013088 0.252353553890407 0.0079157430965046
2014-04-24 0.740162207995451 0.251998598410771 0.00783919359377884
2014-04-25 0.738764806964739 0.253270462763547 0.00796473027171454
2014-04-28 0.738860227267517 0.253281513646755 0.007858259085728
2014-04-29 0.740865170329798 0.251382214707138 0.00775261496306384
2014-04-30 0.740717778105735 0.251558155155111 0.00772406673915381
2014-05-01 0.740043048226904 0.251968671159583 0.00798828061351251
2014-05-02 0.740171892360937 0.251826137625104 0.00800197001395913
2014-05-05 0.739450985304493 0.252532591482984 0.00801642321252276
2014-05-06 0.739692161031428 0.25222149089403 0.00808634807454202
2014-05-07 0.7400588657286 0.252137938770002 0.00780319550139775
2014-05-08 0.741576968325873 0.250594201812249 0.00782882986187742
2014-05-09 0.740394955036745 0.251742709757764 0.00786233520549108
2014-05-12 0.739587779557092 0.252609291853567 0.00780292858934134
2014-05-13 0.740303505133034 0.251789112540613 0.00790738232635309
2014-05-14 0.741096525120427 0.251004018059775 0.00789945681979817
2014-05-15 0.740740644995813 0.251309429065622 0.00794992593856527
2014-05-16 0.739615642156502 0.25251345950837 0.00787089833512816
2014-05-19 0.739911673363366 0.252265041954467 0.00782328468216763
2014-05-20 0.74125351227799 0.250852213812817 0.00789427390919338
2014-05-21 0.740541321463083 0.251635408396253 0.00782327014066409
2014-05-22 0.740585291454367 0.251426225011746 0.00798848353388717
2014-05-23 0.74046580754512 0.251533296718563 0.00800089573631658
2014-05-26 0.742844604557116 0.249157756461998 0.00799763898088524
2014-05-27 0.742510678652602 0.249515354154269 0.00797396719312873
2014-05-28 0.743063151633818 0.248944324759078 0.00799252360710457
2014-05-29 0.74195610960146 0.250036475690401 0.00800741470813893
2014-05-30 0.741673506148916 0.250327743447385 0.00799875040369854
2014-06-02 0.740043048226904 0.251968671159583 0.00798828061351252
2014-06-03 0.739406276483641 0.252553718682865 0.00804000483349378
2014-06-04 0.739348037354946 0.252623869870268 0.00802809277478657
2014-06-05 0.738697851321744 0.253311032428493 0.00799111624976354
2014-06-06 0.738392842567514 0.253641113989493 0.00796604344299298
2014-06-09 0.739046390131149 0.252990040312121 0.00796356955672948
2014-06-10 0.739185195876254 0.252922942863492 0.00789186126025404
2014-06-11 0.737956211857382 0.254018703251368 0.00802508489125018
2014-06-12 0.738533591459098 0.253442018936048 0.00802438960485405
2014-06-13 0.737590150628181 0.254295211434289 0.00811463793752996
2014-06-16 0.737064079908191 0.254898990027544 0.00803693006426602
2014-06-17 0.73751277669877 0.254442061922089 0.00804516137914137
2014-06-18 0.736725790168333 0.255189518332852 0.00808469149881564
2014-06-19 0.737918707285557 0.253924460491203 0.00815683222323975
2014-06-20 0.737996647491162 0.253845281238534 0.00815807127030447
2014-06-23 0.736690529885408 0.255110842852015 0.00819862726257731
2014-06-24 0.738281372015809 0.253499743938982 0.00821888404520918
2014-06-25 0.736527556445558 0.25527884193469 0.00819360161975186
2014-06-26 0.73567568323581 0.256066922795075 0.00825739396911536
2014-06-27 0.735934210414046 0.255919229488751 0.00814656009720366
2014-06-30 0.736923755053635 0.254889704318502 0.00818654062786328
2014-07-01 0.740043048226904 0.251968671159583 0.00798828061351252
2014-07-02 0.740363780135016 0.251654759714137 0.00798146015084675
2014-07-03 0.741341100299555 0.2507710643663 0.00788783533414558
2014-07-04 0.74092645528629 0.251140364959656 0.00793317975405343
2014-07-07 0.738439300899187 0.253583433573093 0.00797726552772041
2014-07-08 0.73713628005602 0.254819004953747 0.00804471499023285
2014-07-09 0.73710839846973 0.254866279669896 0.00802532186037337
2014-07-10 0.735160362309922 0.25676068910181 0.00807894858826803
2014-07-11 0.735064628749765 0.256877340781348 0.00805803046888724
2014-07-14 0.735846908712731 0.256095985198817 0.0080571060884528
2014-07-15 0.73460259966574 0.257263983754376 0.00813341657988418
2014-07-16 0.736355640181539 0.255618952120343 0.00802540769811832
2014-07-17 0.735271856120968 0.256608635152914 0.00811950872611726
2014-07-18 0.732981305896005 0.258948083059318 0.00807061104467729
2014-07-21 0.731278547046869 0.26056607636386 0.0081553765892705
2014-07-22 0.733061459049886 0.258797701260192 0.0081408396899222
2014-07-23 0.733341588803964 0.258534165214533 0.00812424598150341
2014-07-24 0.733719228246887 0.258186217819141 0.00809455393397149
2014-07-25 0.732013800967686 0.259706893270609 0.00827930576170499
2014-07-28 0.730303608374901 0.26135491751747 0.00834147410762917
2014-07-29 0.732250479908162 0.259387600193191 0.00836191989864733
2014-07-30 0.731280707805931 0.260309103830465 0.00841018836360446
2014-07-31 0.730661125691597 0.260798406337232 0.00854046797117066
2014-08-01 0.740043048226904 0.251968671159583 0.00798828061351251
2014-08-04 0.738591443146908 0.253418726430853 0.00798983042223894
2014-08-05 0.740834746157435 0.25125428412351 0.00791096971905429
2014-08-06 0.73915723120973 0.252971050073635 0.00787171871663458
2014-08-07 0.73754685357741 0.254444763517305 0.00800838290528518
2014-08-08 0.735064689759311 0.257154912328972 0.00778039791171659
2014-08-11 0.738968791852934 0.25318239294246 0.00784881520460618
2014-08-12 0.736436255228116 0.255626851102897 0.00793689366898729
2014-08-13 0.737715881864398 0.254410750219286 0.00787336791631583
2014-08-14 0.737568439481683 0.254539876629994 0.00789168388832292
2014-08-15 0.735366149469368 0.256659016913608 0.0079748336170243
2014-08-18 0.737077994058505 0.255065925309205 0.00785608063228982
2014-08-19 0.737716680992128 0.254428994790755 0.00785432421711698
2014-08-20 0.736092067961584 0.256047365662156 0.00786056637625989
2014-08-21 0.736538307458552 0.255616421054225 0.00784527148722308
2014-08-22 0.73523615558403 0.256929043639785 0.00783480077618453
2014-08-25 0.737593350888308 0.25464842845363 0.00775822065806146
2014-08-26 0.738243069827741 0.254084844904203 0.00767208526805659
2014-08-27 0.737618489348052 0.254683206860354 0.0076983037915942
2014-08-28 0.735708565400379 0.256555127164677 0.0077363074349438
2014-08-29 0.735850026113967 0.25642871045446 0.0077212634315728
2014-09-01 0.740043048226904 0.251968671159583 0.00798828061351251
2014-09-02 0.740017020967854 0.251929117852723 0.00805386117942352
2014-09-03 0.742206619120669 0.249828586514958 0.00796479436437245
2014-09-04 0.744476539617391 0.247663714248323 0.00785974613428623
2014-09-05 0.743318373977443 0.248816850476291 0.00786477554626604
2014-09-08 0.741928037225307 0.250143809895239 0.00792815287945462
2014-09-09 0.741892048101502 0.250130340449848 0.00797761144865006
2014-09-10 0.7404808240786 0.251567127150994 0.00795204877040599
2014-09-11 0.740939741819328 0.251078942206005 0.00798131597466666
2014-09-12 0.740761329054441 0.251231394664755 0.00800727628080363
2014-09-15 0.741071110073248 0.250983402632631 0.00794548729412057
2014-09-16 0.739178185696707 0.252873553731248 0.0079482605720453
2014-09-17 0.739524845796606 0.252551793664795 0.00792336053859878
2014-09-18 0.741006336485579 0.251096917874655 0.0078967456397661
2014-09-19 0.739845501406256 0.252198668010673 0.00795583058307189
2014-09-22 0.739323395152781 0.252737175298883 0.00793942954833683
2014-09-23 0.737735037001182 0.254215015690429 0.00804994730838837
2014-09-24 0.737651657813191 0.254370612441848 0.00797772974496056
2014-09-25 0.736899510954636 0.254881223278859 0.00821926576650464
2014-09-26 0.73353005126955 0.258317430783208 0.00815251794724171
2014-09-29 0.731575950765474 0.260169191833081 0.0082548574014451
2014-09-30 0.733032001758549 0.258822484872718 0.00814551336873316
2014-10-01 0.740043048226904 0.251968671159583 0.00798828061351252
2014-10-02 0.735782878907395 0.256309078717989 0.00790804237461582
2014-10-03 0.733859364898294 0.25817910183507 0.0079615332666362
2014-10-06 0.732305507654374 0.259666766038133 0.00802772630749321
2014-10-07 0.733350089868789 0.258553621019627 0.00809628911158365
2014-10-08 0.729559863728578 0.262393526496888 0.00804660977453334
2014-10-09 0.73409889200045 0.257869750663749 0.0080313573358007
2014-10-10 0.731680251726413 0.260228379696392 0.00809136857719481
2014-10-13 0.733256406793951 0.25857446274959 0.00816913045645926
2014-10-14 0.734408975204083 0.257615291010112 0.00797573378580568
2014-10-15 0.730884942469678 0.260859622421835 0.00825543510848665
2014-10-16 0.731637343185195 0.260276102480497 0.0080865543343073
2014-10-17 0.736207074487523 0.2560193677116 0.00777355780087676
2014-10-20 0.732234424367104 0.259643971797718 0.00812160383517786
2014-10-21 0.733804379667546 0.258392623565805 0.00780299676664851
2014-10-22 0.736640221562511 0.255346207216849 0.00801357122063944
2014-10-23 0.73529574515382 0.256802952666928 0.0079013021792515
2014-10-24 0.73182426507804 0.260192757297979 0.00798297762398039
2014-10-27 0.730159215509179 0.261804211151591 0.00803657333923063
2014-10-28 0.732044175847168 0.260072404007 0.00788342014583136
2014-10-29 0.732968851152534 0.259052215643142 0.00797893320432372
2014-10-30 0.731325940117354 0.260713312071466 0.00796074781118049
2014-10-31 0.731631997511538 0.26019754979878 0.00817045268968239
2014-11-03 0.740043048226904 0.251968671159583 0.00798828061351252
2014-11-04 0.737579635238132 0.254392081326394 0.00802828343547365
2014-11-05 0.740020739009022 0.252061188781775 0.00791807220920312
2014-11-06 0.740587991013314 0.251651186007128 0.00776082297955869
2014-11-07 0.737929057007832 0.254231393510042 0.00783954948212614
2014-11-10 0.738514642576648 0.253718153700878 0.00776720372247454
2014-11-11 0.738866639525477 0.253207876144057 0.00792548433046515
2014-11-12 0.73512532516999 0.256869251980949 0.0080054228490611
2014-11-13 0.73588886259256 0.256064337964374 0.00804679944306548
2014-11-14 0.736056326640768 0.255861413066131 0.00808226029310018
2014-11-17 0.738310239167017 0.253953486382664 0.0077362744503192
2014-11-18 0.740550587396868 0.251629671140506 0.0078197414626255
2014-11-19 0.74079080025242 0.25145035308985 0.00775884665772934
2014-11-20 0.74129710896149 0.251015222980913 0.00768766805759722
2014-11-21 0.745381245721686 0.247117060392579 0.00750169388573554
2014-11-24 0.744041137908047 0.248396437509575 0.00756242458237868
2014-11-25 0.745730457843127 0.24675008551359 0.00751945664328283
2014-11-26 0.747207873604101 0.245328780455124 0.00746334594077496
2014-11-27 0.748381157124237 0.244252986826743 0.00736585604901984
2014-11-28 0.749148578130995 0.24338553315909 0.0074658887099152
2014-12-01 0.740043048226904 0.251968671159583 0.00798828061351251
2014-12-02 0.738523192335085 0.25345025330846 0.00802655435645586
2014-12-03 0.73854399645426 0.253433678236721 0.00802232530901916
2014-12-04 0.734918191772674 0.256911944914674 0.00816986331265132
2014-12-05 0.738679671505918 0.253305246125461 0.00801508236862052
2014-12-08 0.737710893276428 0.25429681185292 0.0079922948706514
2014-12-09 0.733936162118432 0.25796868584599 0.00809515203557776
2014-12-10 0.737966453739014 0.254040639493775 0.00799290676721099
2014-12-11 0.739252240669505 0.252832355623614 0.00791540370688028
2014-12-12 0.737846277747673 0.253965262936654 0.00818845931567299
2014-12-15 0.734134431766245 0.257662595195833 0.00820297303792227
2014-12-16 0.739914901471968 0.2521416001555 0.00794349837253201
2014-12-17 0.736860151343251 0.255119956754202 0.00801989190254716
2014-12-18 0.737308748339473 0.254691910081712 0.00799934157881499
2014-12-19 0.734134177208958 0.257702209105127 0.00816361368591478
2014-12-22 0.732728549136009 0.25918058468048 0.00809086618351043
2014-12-23 0.73343941882016 0.258507860488863 0.00805272069097738
2014-12-24 0.732820254668588 0.259074341432659 0.00810540389875213
2014-12-25 0.73283215740876 0.259078549414837 0.00808929317640268
2014-12-26 0.732287507446578 0.259627329998103 0.00808516255531899
2014-12-29 0.732366110675538 0.259578109188565 0.00805578013589715
2014-12-30 0.730676729612347 0.261324314066235 0.00799895632141805
2014-12-31 0.731886005741869 0.260046846272611 0.00806714798552066
2015-01-02 0.740043048226904 0.251968671159583 0.00798828061351251
2015-01-05 0.73615304288872 0.255649840047599 0.0081971170636815
2015-01-06 0.736660410351967 0.255317149312412 0.00802244033562061
2015-01-07 0.735106905974575 0.256844330030435 0.0080487639949901
2015-01-08 0.736800057229705 0.255218802776009 0.00798113999428666
2015-01-09 0.734039963516456 0.257843659644452 0.00811637683909156
2015-01-12 0.738291565054215 0.253656375552001 0.00805205939378419
2015-01-13 0.741602310809229 0.250435769521716 0.00796191966905484
2015-01-14 0.740827102024674 0.251221273375534 0.00795162459979114
2015-01-15 0.745454217065313 0.246475845807083 0.00806993712760471
2015-01-16 0.745047301948152 0.247066422440719 0.00788627561112874
2015-01-19 0.746321382025125 0.245686821856731 0.00799179611814313
2015-01-20 0.744401636598243 0.247477514562239 0.00812084883951869
2015-01-21 0.744750061553202 0.247259010054588 0.0079909283922095
2015-01-22 0.744413234380897 0.247653910286916 0.00793285533218668
2015-01-23 0.749223513285584 0.242853451792891 0.00792303492152512
2015-01-26 0.746094449397722 0.245892372351813 0.00801317825046465
2015-01-27 0.746271787642897 0.245474142932605 0.00825406942449728
2015-01-28 0.750998801995835 0.240801119502123 0.00820007850204138
2015-01-29 0.750073159060538 0.241870367545355 0.00805647339410671
2015-01-30 0.751103069922053 0.240732215889748 0.00816471418819985
2015-02-02 0.740043048226904 0.251968671159583 0.00798828061351251
2015-02-03 0.738586829311375 0.253608168795045 0.00780500189358069
2015-02-04 0.739725783230533 0.252349613561422 0.00792460320804539
2015-02-05 0.738659093652825 0.253562568356339 0.00777833799083676
2015-02-06 0.737188187341626 0.254886047607822 0.00792576505055229
2015-02-09 0.733689021187949 0.258328589951996 0.00798238886005468
2015-02-10 0.734006221107751 0.258081548870981 0.00791223002126772
2015-02-11 0.73393151106793 0.258160502855379 0.0079079860766912
2015-02-12 0.735581207080888 0.25652460931178 0.00789418360733286
2015-02-13 0.736450316103062 0.255725245483571 0.00782443841336751
2015-02-16 0.735688932510437 0.25640031368558 0.00791075380398288
2015-02-17 0.73580874887462 0.256252287578729 0.00793896354665127
2015-02-18 0.736720375955608 0.255281523302978 0.00799810074141369
2015-02-19 0.738089082073992 0.253935600145794 0.0079753177802145
2015-02-20 0.737468127838825 0.25455259114128 0.00797928101989558
2015-02-23 0.738755520769147 0.253250645790024 0.00799383344082854
2015-02-24 0.738579176064869 0.253405205270298 0.0080156186648332
2015-02-25 0.738152915599495 0.253840085515291 0.00800699888521389
2015-02-26 0.740568002565647 0.251391148186927 0.00804084924742679
2015-02-27 0.742022810271575 0.249953715049209 0.00802347467921661
2015-03-02 0.740043048226904 0.251968671159583 0.00798828061351251
2015-03-03 0.738620919398006 0.253332504749292 0.00804657585270152
2015-03-04 0.741526041344011 0.250511107126675 0.00796285152931422
2015-03-05 0.742150402565501 0.249895070231588 0.00795452720291088
2015-03-06 0.744259732341528 0.247660266650598 0.0080800010078741
2015-03-09 0.73983462640421 0.252136718909403 0.00802865468638793
2015-03-10 0.742188601958199 0.249772518578797 0.00803887946300412
2015-03-11 0.746049654271872 0.246027035064339 0.00792331066378939
2015-03-12 0.740619094847733 0.251285170429036 0.00809573472323167
2015-03-13 0.742783842283435 0.249012357734338 0.00820379998222644
2015-03-16 0.743112399304493 0.248804515303887 0.0080830853916201
2015-03-17 0.742215459462299 0.249532439754536 0.00825210078316454
2015-03-18 0.739791804830344 0.251938018675966 0.00827017649369036
2015-03-19 0.741448529511477 0.25029463442468 0.00825683606384259
2015-03-20 0.743600514248091 0.248214754585142 0.00818473116676729
2015-03-23 0.743052854858118 0.248707982112263 0.00823916302961817
2015-03-24 0.746494829277753 0.245256469899013 0.00824870082323334
2015-03-25 0.748592934301794 0.243066972322954 0.00834009337525208
2015-03-26 0.748902886257587 0.242857913876156 0.00823919986625703
2015-03-27 0.749211386549333 0.242615281321588 0.00817333212907868
2015-03-30 0.748665245332102 0.243213020116572 0.00812173455132531
2015-03-31 0.74824389011116 0.243648986390727 0.00810712349811308
2015-04-01 0.740043048226904 0.251968671159583 0.00798828061351251
2015-04-02 0.738515783093216 0.253348510959436 0.00813570594734838
2015-04-03 0.738502954355878 0.253344110049426 0.00815293559469572
2015-04-06 0.740971949713849 0.250931010471309 0.00809703981484244
2015-04-07 0.743664609133156 0.248230036220535 0.00810535464630927
2015-04-08 0.740275146204439 0.25151897522189 0.00820587857367067
2015-04-09 0.740733934504567 0.251046632991138 0.00821943250429454
2015-04-10 0.741267582759318 0.250603309424553 0.00812910781612902
2015-04-13 0.739123643344369 0.252642135932069 0.00823422072356236
2015-04-14 0.736373639341866 0.255338426228648 0.00828793442948617
2015-04-15 0.735970324704897 0.255735035917355 0.00829463937774765
2015-04-16 0.732867129170067 0.258711699502201 0.00842117132773186
2015-04-17 0.732160635436382 0.259347025954262 0.00849233860935603
2015-04-20 0.735082863394103 0.25660373532678 0.00831340127911786
2015-04-21 0.735988151906508 0.255581878278773 0.00842996981471848
2015-04-22 0.732976511264224 0.258478218079788 0.00854527065598753
2015-04-23 0.730728624079481 0.260655074020543 0.00861630189997587
2015-04-24 0.732148837523689 0.259370863958098 0.00848029851821318
2015-04-27 0.738567054972986 0.253093479098366 0.00833946592864807
2015-04-28 0.733914985779681 0.257605842959718 0.00847917126060161
2015-04-29 0.729203964539488 0.262092051966466 0.00870398349404633
2015-04-30 0.733841168016979 0.257768980995504 0.00838985098751715
2015-05-01 0.740043048226904 0.251968671159583 0.00798828061351251
2015-05-04 0.742979886016002 0.249114338786516 0.00790577519748191
2015-05-05 0.739119331970465 0.252888878128045 0.00799178990149074
2015-05-06 0.74003681541974 0.25196001881964 0.00800316576062003
2015-05-07 0.74209514836169 0.250068985654047 0.00783586598426309
2015-05-08 0.745347925982522 0.246977925150006 0.00767414886747197
2015-05-11 0.743630599818727 0.248534182709246 0.00783521747202698
2015-05-12 0.739969520941197 0.252073756714589 0.0079567223442149
2015-05-13 0.738694328427653 0.253258681465369 0.00804699010697796
2015-05-14 0.741440775569162 0.250724582229676 0.00783464220116113
2015-05-15 0.741147412280816 0.250928102816258 0.00792448490292524
2015-05-18 0.744372274471687 0.247762837975513 0.0078648875527997
2015-05-19 0.747488931256144 0.244718159781066 0.0077929089627895
2015-05-20 0.74484397238139 0.247238461911886 0.00791756570672328
2015-05-21 0.743327959788183 0.248753625519388 0.00791841469242834
2015-05-22 0.743130261183218 0.24890783421832 0.00796190459846199
2015-05-25 0.74304836210864 0.248880402525194 0.0080712353661663
2015-05-26 0.739517842059702 0.252288994651423 0.00819316328887562
2015-05-27 0.739558354634046 0.252344253558923 0.00809739180703128
2015-05-28 0.737855187324866 0.254009528440907 0.00813528423422679
2015-05-29 0.735199746751085 0.256564151245853 0.00823610200306195
2015-06-01 0.740043048226904 0.251968671159583 0.00798828061351252
2015-06-02 0.73760168100938 0.254341918759934 0.00805640023068588
2015-06-03 0.739930075918543 0.252152359939324 0.0079175641421331
2015-06-04 0.743156413689624 0.248926142105921 0.00791744420445505
2015-06-05 0.742953433934984 0.249117642830674 0.00792892323434245
2015-06-08 0.738772389019842 0.253216251881651 0.00801135909850703
2015-06-09 0.738621197302313 0.253475064467449 0.00790373823023786
2015-06-10 0.742743573871977 0.249543432023972 0.00771299410405142
2015-06-11 0.743689685184461 0.24845074075957 0.00785957405596874
2015-06-12 0.742331277152108 0.249700891966601 0.00796783088129109
2015-06-15 0.73971458255523 0.25219811318229 0.0080873042624808
2015-06-16 0.739004780112484 0.252991050336168 0.00800416955134811
2015-06-17 0.737979613622483 0.254014819882312 0.00800556649520426
2015-06-18 0.738427572507518 0.253757747172649 0.00781468031983296
2015-06-19 0.740166990970122 0.251917324252138 0.00791568477774048
2015-06-22 0.745731598201403 0.246451619238703 0.00781678255989451
2015-06-23 0.746994034269164 0.245118803056471 0.00788716267436486
2015-06-24 0.745601179852183 0.246412295550332 0.00798652459748422
2015-06-25 0.745567934726464 0.246462970236272 0.00796909503726376
2015-06-26 0.745518365144721 0.246542856019746 0.00793877883553292
2015-06-29 0.741950627066251 0.250081250161225 0.00796812277252443
2015-06-30 0.737852064367481 0.253944898704187 0.00820303692833127
2015-07-01 0.740043048226904 0.251968671159583 0.00798828061351252
2015-07-02 0.737596361079535 0.254281227335491 0.00812241158497333
2015-07-03 0.736879945518267 0.254975183677546 0.00814487080418617
2015-07-06 0.734644866437373 0.257278012451071 0.00807712111155583
2015-07-07 0.72839942869265 0.263255175787509 0.00834539551984097
2015-07-08 0.73193265909525 0.259966588672997 0.00810075223175372
2015-07-09 0.736477543343937 0.25546604909231 0.00805640756375332
2015-07-10 0.740200484999284 0.251954357739704 0.00784515726101198
2015-07-13 0.742539284033562 0.249755717803725 0.00770499816271327
2015-07-14 0.740953106196112 0.25123418044095 0.00781271336293836
2015-07-15 0.740109989140677 0.252043582672454 0.00784642818686817
2015-07-16 0.741915195743876 0.250282897654 0.0078019066021233
2015-07-17 0.740187236553173 0.251947853625228 0.00786490982159854
2015-07-20 0.739676835933131 0.252505400119448 0.00781776394742058
2015-07-21 0.739451346855623 0.252535246724441 0.00801340641993621
2015-07-22 0.739365827554453 0.252681782955446 0.00795238949010021
2015-07-23 0.741432600289073 0.250570229752779 0.00799716995814844
2015-07-24 0.741152236438975 0.250827255121247 0.00802050843977853
2015-07-27 0.737860207727222 0.25402645000903 0.00811334226374873
2015-07-28 0.739021646004893 0.252968464136949 0.00800988985815754
2015-07-29 0.738669258249909 0.253379454532477 0.0079512872176145
2015-07-30 0.739150896237875 0.252835881055701 0.00801322270642377
2015-07-31 0.738989321095875 0.25297875337252 0.00803192553160432
2015-08-03 0.740043048226904 0.251968671159583 0.00798828061351251
2015-08-04 0.740490592064642 0.251535696583262 0.00797371135209615
2015-08-05 0.743211609208365 0.248858785333414 0.00792960545822138
2015-08-06 0.742395686875002 0.249607174253617 0.0079971388713811
2015-08-07 0.741884429657822 0.250076486484157 0.0080390838580215
2015-08-10 0.742156710894354 0.24985376542155 0.00798952368409605
2015-08-11 0.739372416867726 0.252506568100718 0.00812101503155674
2015-08-12 0.733889310079207 0.257967319962973 0.00814336995782062
2015-08-13 0.736987651816408 0.254873426342328 0.00813892184126416
2015-08-14 0.736083832938731 0.255797866377378 0.00811830068389064
2015-08-17 0.734085512673811 0.257720280892325 0.00819420643386461
2015-08-18 0.733721788822575 0.258088823106713 0.00818938807071205
2015-08-19 0.730745583610528 0.261028081888175 0.00822633450129686
2015-08-20 0.730059968734184 0.261591658384958 0.00834837288085775
2015-08-21 0.732209063116694 0.259469408455532 0.00832152842777394
2015-08-24 0.73386018369147 0.257839727222099 0.00830008908643158
2015-08-25 0.74754235113022 0.244677877336632 0.00777977153314811
2015-08-26 0.738012737682763 0.253922696087183 0.00806456623005462
2015-08-27 0.738704953242807 0.253336296760101 0.00795874999709164
2015-08-28 0.73573093958014 0.25604509520164 0.0082239652182204
2015-08-31 0.734553808305975 0.257319563385364 0.00812662830866054
2015-09-01 0.740043048226904 0.251968671159583 0.00798828061351251
2015-09-02 0.738070961810297 0.253991677941267 0.00793736024843642
2015-09-03 0.742821831587473 0.249342699982961 0.00783546842956553
2015-09-04 0.739507342063522 0.252609490374558 0.00788316756191995
2015-09-07 0.740749704619318 0.251267388855073 0.00798290652560915
2015-09-08 0.738993345193714 0.253381462528221 0.007625192278065
2015-09-09 0.742302017312469 0.249516052123113 0.00818193056441808
2015-09-10 0.739802103618415 0.252231900105647 0.00796599627593777
2015-09-11 0.737841167641583 0.254203195626089 0.00795563673232761
2015-09-14 0.740727797434567 0.251495822583941 0.00777637998149122
2015-09-15 0.739018208747574 0.25321634079771 0.00776545045471604
2015-09-16 0.737648001339059 0.25453513850056 0.00781686016038128
2015-09-17 0.737913728217864 0.254160932855902 0.00792533892623395
2015-09-18 0.736099127561469 0.255953917547479 0.00794695489105124
2015-09-21 0.734957973226239 0.257133192914406 0.00790883385935541
2015-09-22 0.728853321393607 0.26299388929233 0.00815278931406288
2015-09-23 0.728637637959132 0.263247562448817 0.00811479959205142
2015-09-24 0.725378268947569 0.266447360248146 0.00817437080428414
2015-09-25 0.730535833663026 0.261348401615417 0.00811576472155715
2015-09-28 0.729852711312658 0.262007419613221 0.00813986907412087
2015-09-29 0.72879984215872 0.263345778064873 0.0078543797764064
2015-09-30 0.733122708155557 0.259148109013097 0.00772918283134584
2015-10-01 0.740043048226904 0.251968671159583 0.00798828061351251
2015-10-02 0.740926553378886 0.251112315453036 0.00796113116807789
2015-10-05 0.746080788251123 0.246116466322079 0.00780274542679825
2015-10-06 0.747768832473768 0.244480294422318 0.00775087310391349
2015-10-07 0.749049252496133 0.243239220739308 0.00771152676455984
2015-10-08 0.749475927543606 0.242825657093498 0.00769841536289601
2015-10-09 0.751406172168575 0.240954727426686 0.00763910040473926
2015-10-12 0.751835212146066 0.24053887152337 0.00762591633056376
2015-10-13 0.750220578127188 0.242103889059431 0.00767553281338119
2015-10-14 0.748016560630851 0.244240178764232 0.00774326060491645
2015-10-15 0.750816455469005 0.241526322577874 0.00765722195312067
2015-10-16 0.751550950346818 0.240814398172415 0.00763465148076692
2015-10-19 0.752652578295774 0.239746622417555 0.00760079928667122
2015-10-20 0.752347614451643 0.240042214953293 0.00761017059506394
2015-10-21 0.753996751556424 0.238443754585076 0.0075594938584993
2015-10-22 0.758511751106803 0.234067497557766 0.00742075133543036
2015-10-23 0.763681032549483 0.229057064226102 0.00726190322441547
2015-10-26 0.763794662816617 0.228946925731178 0.00725841145220525
2015-10-27 0.761957383813353 0.230727746539563 0.00731486964708437
2015-10-28 0.764304998817795 0.228452271969527 0.00724272921267756
2015-10-29 0.763786311132592 0.228955020774266 0.00725866809314188
2015-10-30 0.764606952053633 0.228159597528365 0.00723345041800186
2015-11-02 0.740043048226904 0.251968671159583 0.00798828061351252
2015-11-03 0.740051488742981 0.251960490014185 0.00798802124283407
2015-11-04 0.738177587820291 0.253776807378096 0.00804560480161283
2015-11-05 0.738932789483077 0.253044812491513 0.00802239802541016
2015-11-06 0.740697734979124 0.251334102436349 0.0079681625845273
