time value.DAX value.Dow.Jones value.Nikkei value.euribor
2012-02-01 0.333333333333333 0.333333333333333 0.333333333333333 0
2012-02-02 0.333891614335856 0.331647192565413 0.334461193098731 0
2012-02-03 0.336777152173432 0.333085097206003 0.330137750620564 0
2012-02-06 0.335644560791101 0.33161373359041 0.332741705618489 0
2012-02-07 0.335153656904736 0.332503707604635 0.332342635490629 0
2012-02-08 0.333704572262934 0.331480902386613 0.334814525350454 0
2012-02-09 0.335130932489235 0.33110155021381 0.333767517296954 0
2012-02-10 0.333422204610052 0.331817506355496 0.334760289034453 0
2012-02-13 0.33365395534157 0.33168139162053 0.3346646530379 0
2012-02-14 0.332623664161212 0.331271488732439 0.336104847106349 0
2012-02-15 0.331870825464928 0.326579693505759 0.341549481029313 0
2012-02-16 0.33090467161598 0.329057183796631 0.340038144587389 0
2012-02-17 0.331878463766182 0.326550332267639 0.341571203966179 0
2012-02-20 0.333888887441328 0.323787527467248 0.342323585091423 0
2012-02-21 0.332735900316837 0.324939823480663 0.3423242762025 0
2012-02-22 0.329797827416699 0.324419501074757 0.345782671508544 0
2012-02-23 0.327811750186738 0.325248073449667 0.346940176363595 0
2012-02-24 0.328985527853882 0.323755369392419 0.347259102753699 0
2012-02-27 0.328679321555043 0.324118377659117 0.34720230078584 0
2012-02-28 0.328661351183805 0.322897356386222 0.348441292429973 0
2012-02-29 0.328073424739392 0.322482128036801 0.349444447223806 0
2012-03-01 0.333333333333333 0.333333333333333 0.333333333333333 0
2012-03-02 0.331908228202167 0.332816488386289 0.335275283411544 0
2012-03-05 0.331163221849918 0.334344240429191 0.33449253772089 0
2012-03-06 0.325975222521469 0.335331733802673 0.338693043675858 0
2012-03-07 0.327267214658634 0.336794207471081 0.335938577870286 0
2012-03-08 0.329797788894012 0.333104805473221 0.337097405632766 0
2012-03-09 0.329329015735414 0.330783772307104 0.339887211957482 0
2012-03-12 0.330138980649572 0.33154579709759 0.338315222252838 0
2012-03-13 0.331212814468728 0.333647098535745 0.335140086995527 0
2012-03-14 0.332013518797604 0.330920255003774 0.337066226198622 0
2012-03-15 0.332746997160137 0.330093638991521 0.337159363848342 0
2012-03-16 0.333256638147964 0.32948025212988 0.337263109722156 0
2012-03-19 0.332956078061454 0.329510747268374 0.337533174670172 0
2012-03-20 0.330429301730825 0.329885163898474 0.339685534370701 0
2012-03-21 0.331937736993364 0.329479492712268 0.338582770294368 0
2012-03-22 0.329302432658793 0.329100590827635 0.341596976513572 0
2012-03-23 0.330756983658224 0.330750340375906 0.33849267596587 0
2012-03-26 0.331971201795811 0.332078938490482 0.335949859713707 0
2012-03-27 0.329704469240538 0.328733387925049 0.341562142834413 0
2012-03-28 0.32857924035129 0.329565236606251 0.341855523042458 0
2012-03-29 0.325242168498668 0.332581330170207 0.342176501331125 0
2012-03-30 0.327320652437065 0.332921705910913 0.339757641652022 0
2012-04-02 0.333333333333333 0.333333333333333 0.333333333333333 0
2012-04-03 0.332180831625872 0.334075361457795 0.333743806916333 0
2012-04-04 0.329417909562799 0.337752773212419 0.332829317224782 0
2012-04-05 0.32984159792886 0.338248050980789 0.331910351090351 0
2012-04-06 0.33073123799484 0.339160364710415 0.330108397294745 0
2012-04-10 0.32984737418952 0.337755404472913 0.332397221337567 0
2012-04-11 0.332252920059614 0.339106340547246 0.32864073939314 0
2012-04-12 0.332174258143472 0.340329931802025 0.327495810054503 0
2012-04-13 0.326791375523644 0.339300609214872 0.333908015261484 0
2012-04-16 0.329450938346899 0.341830125528902 0.328718936124199 0
2012-04-17 0.333631927782548 0.342285904354054 0.324082167863398 0
2012-04-18 0.32978961039316 0.339652654078192 0.330557735528648 0
2012-04-19 0.329268739336171 0.340404733503184 0.330326527160644 0
2012-04-20 0.331612901692289 0.34052395410627 0.327863144201441 0
2012-04-23 0.32516484198994 0.342821197894139 0.33201396011592 0
2012-04-24 0.327622962716578 0.343847084950137 0.328529952333285 0
2012-04-25 0.329584940105359 0.34235170557078 0.328063354323861 0
2012-04-26 0.32975974865011 0.343698878889826 0.326541372460063 0
2012-04-27 0.332026539535681 0.343551586611342 0.324421873852977 0
2012-04-30 0.330841750942601 0.343975348320409 0.325182900736991 0
2012-05-02 0.333333333333333 0.333333333333333 0.333333333333333 0
2012-05-03 0.333311548086211 0.332563840455611 0.334124611458178 0
2012-05-04 0.330277579749734 0.331929698826981 0.337792721423285 0
2012-05-07 0.333938929358539 0.334435610330024 0.331625460311437 0
2012-05-08 0.329586471343165 0.334488274628582 0.335925254028253 0
2012-05-09 0.333129856371624 0.333963576242786 0.33290656738559 0
2012-05-10 0.334852985950999 0.334011545536104 0.331135468512897 0
2012-05-11 0.337961563129655 0.333044746824693 0.328993690045653 0
2012-05-14 0.334422974826627 0.332810211078763 0.33276681409461 0
2012-05-15 0.334126457462334 0.333487305397911 0.332386237139755 0
2012-05-16 0.335085224256959 0.334436377787356 0.330478397955684 0
2012-05-17 0.332884976004655 0.332041186858339 0.335073837137006 0
2012-05-18 0.335577039268178 0.334762143307293 0.329660817424529 0
2012-05-21 0.336182123309117 0.335825317323312 0.327992559367571 0
2012-05-22 0.338642020049215 0.332742012108389 0.328615967842396 0
2012-05-23 0.335644996226625 0.337479612590599 0.326875391182775 0
2012-05-24 0.336320836961537 0.337450316233246 0.326228846805216 0
2012-05-25 0.337631566193096 0.335462463462103 0.3269059703448 0
2012-05-28 0.336876268612874 0.335598663512807 0.327525067874319 0
2012-05-29 0.337508748204458 0.335716168628709 0.326775083166833 0
2012-05-30 0.335179151210478 0.335217732578802 0.329603116210721 0
2012-05-31 0.335997229902835 0.336200273198939 0.327802496898226 0
2012-06-01 0.333333333333333 0.333333333333333 0.333333333333333 0
2012-06-04 0.332741337025738 0.336276651965536 0.330982011008725 0
2012-06-05 0.331028150339312 0.335773536950844 0.333198312709844 0
2012-06-06 0.331027320656056 0.336686940697747 0.332285738646197 0
2012-06-07 0.331069030100593 0.335218587388144 0.333712382511263 0
2012-06-08 0.332068447396142 0.339486818133878 0.32844473446998 0
2012-06-11 0.331588244568503 0.334577054652833 0.333834700778664 0
2012-06-12 0.331994672599774 0.338262863373887 0.329742464026338 0
2012-06-13 0.331715469753727 0.336375083840019 0.331909446406254 0
2012-06-14 0.330073998854347 0.339642624796291 0.330283376349361 0
2012-06-15 0.33230023131304 0.340018982170948 0.327680786516012 0
2012-06-18 0.331272520191669 0.337277025625355 0.331450454182976 0
2012-06-19 0.335313388855605 0.337725556562029 0.326961054582366 0
2012-06-20 0.335214204682295 0.335767250905586 0.329018544412118 0
2012-06-21 0.334800318040383 0.331333753058058 0.333865928901559 0
2012-06-22 0.331718030913386 0.334247387426452 0.334034581660162 0
2012-06-25 0.329065992203095 0.334950367954308 0.335983639842597 0
2012-06-26 0.329833871946542 0.336355692100062 0.333810435953396 0
2012-06-27 0.33147970649609 0.335478443531405 0.333041849972504 0
2012-06-28 0.327070976770515 0.334615821328181 0.338313201901304 0
2012-06-29 0.332395225840657 0.333131103897995 0.334473670261348 0
2012-07-02 0.333333333333333 0.333333333333333 0.333333333333333 0
2012-07-03 0.334728441197774 0.332405283356245 0.332866275445981 0
2012-07-04 0.333813295670117 0.332173649297476 0.334013055032407 0
2012-07-05 0.333522768224046 0.332159129460606 0.334318102315347 0
2012-07-06 0.331018541374699 0.332879968658286 0.336101489967015 0
2012-07-09 0.332086905372305 0.334183469333142 0.333729625294553 0
2012-07-10 0.335064925159537 0.332337457355663 0.332597617484801 0
2012-07-11 0.336115044277856 0.331300182855149 0.332584772866996 0
2012-07-12 0.336858372443395 0.332989425314066 0.330152202242539 0
2012-07-13 0.339744229905683 0.334116679687405 0.326139090406912 0
2012-07-16 0.340482900095195 0.33309803766023 0.326419062244575 0
2012-07-17 0.339801774758966 0.333871511989044 0.32632671325199 0
2012-07-18 0.342865664789611 0.334170968978628 0.322963366231762 0
2012-07-19 0.344168755765971 0.332660440304217 0.323170803929812 0
2012-07-20 0.342515635013914 0.33432325183703 0.323161113149056 0
2012-07-23 0.338241153345629 0.338298153007587 0.323460693646784 0
2012-07-24 0.338430562289445 0.33723597934064 0.324333458369915 0
2012-07-25 0.340047481012349 0.339568380626689 0.320384138360962 0
2012-07-26 0.343235254075426 0.339140585018931 0.317624160905642 0
2012-07-27 0.343584084554944 0.338949841793872 0.317466073651184 0
2012-07-30 0.345572421906987 0.33658251541194 0.317845062681073 0
2012-07-31 0.345326462983278 0.334776839216389 0.319896697800334 0
2012-08-01 0.333333333333333 0.333333333333333 0.333333333333333 0
2012-08-02 0.329099267536963 0.333968864709051 0.336931867753986 0
2012-08-03 0.33705971968816 0.334668087535012 0.328272192776828 0
2012-08-06 0.336395316493173 0.331986952686384 0.331617730820444 0
2012-08-07 0.336563056828464 0.331090291784229 0.332346651387307 0
2012-08-08 0.335459958670908 0.330266884494494 0.334273156834598 0
2012-08-09 0.334284361420075 0.32890323196847 0.336812406611455 0
2012-08-10 0.334367731393772 0.331024768674186 0.334607499932042 0
2012-08-13 0.333649752522832 0.331013172593793 0.335337074883375 0
2012-08-14 0.335138632329632 0.329473151126352 0.335388216544016 0
2012-08-15 0.33437849076741 0.329847056171375 0.335774453061215 0
2012-08-16 0.333152610670548 0.328428138286775 0.338419251042677 0
2012-08-17 0.333494772730955 0.327301972475394 0.339203254793651 0
2012-08-20 0.333189805313102 0.327249594240979 0.339560600445919 0
2012-08-21 0.335681065793125 0.325431379758366 0.33888755444851 0
2012-08-22 0.333988999855344 0.326329615848249 0.339681384296408 0
2012-08-23 0.332197840845999 0.324895004021292 0.342907155132708 0
2012-08-24 0.333386434286562 0.327553935631436 0.339059630082002 0
2012-08-27 0.335907019404432 0.325627370062968 0.338465610532599 0
2012-08-28 0.335319845135015 0.326595976470641 0.338084178394344 0
2012-08-29 0.335075566011092 0.326102484560465 0.338821949428443 0
2012-08-30 0.333365777402223 0.327166165219244 0.339468057378533 0
2012-08-31 0.336847137061756 0.329278834567854 0.33387402837039 0
2012-09-03 0.333333333333333 0.333333333333333 0.333333333333333 0
2012-09-04 0.331288210363672 0.333812887184654 0.334898902451674 0
2012-09-05 0.333430105760893 0.334718197757645 0.331851696481462 0
2012-09-06 0.337726795391493 0.335620200102402 0.326653004506105 0
2012-09-07 0.336656044180266 0.332734796180467 0.330609159639267 0
2012-09-10 0.337101218272838 0.331900837958049 0.330997943769113 0
2012-09-11 0.340272147315806 0.332327222489251 0.327400630194943 0
2012-09-12 0.33929099709892 0.330108257325251 0.330600745575829 0
2012-09-13 0.336117408452915 0.333594175796426 0.330288415750658 0
2012-09-14 0.336747388826356 0.330931420674759 0.332321190498885 0
2012-09-17 0.336823315972839 0.330401644666148 0.332775039361013 0
2012-09-18 0.33547008468232 0.331864565494303 0.332665349823377 0
2012-09-19 0.335341892831753 0.330128406012815 0.334529701155433 0
2012-09-20 0.336921317051829 0.332203732564677 0.330874950383494 0
2012-09-21 0.338655377516258 0.330704212322006 0.330640410161736 0
2012-09-24 0.338167453883642 0.331438661524959 0.330393884591399 0
2012-09-25 0.339093111575119 0.329330326843293 0.331576561581588 0
2012-09-26 0.337232170764743 0.333117890135326 0.329649939099931 0
2012-09-27 0.336504407211192 0.333575282004344 0.329920310784464 0
2012-09-28 0.335630693965975 0.33489779298998 0.329471513044045 0
2012-10-01 0.333333333333333 0.333333333333333 0.333333333333333 0
2012-10-02 0.33310120422303 0.333243268950823 0.333655526826147 0
2012-10-03 0.333989552771389 0.333694729516018 0.332315717712593 0
2012-10-04 0.331832963399602 0.334294152261467 0.33387288433893 0
2012-10-05 0.333861760459963 0.332976428857653 0.333161810682384 0
2012-10-08 0.330855327158026 0.334153190960463 0.334991481881512 0
2012-10-09 0.33120546448743 0.334394539650637 0.334399995861933 0
2012-10-10 0.333581036516746 0.334935892129294 0.33148307135396 0
2012-10-11 0.336728371669076 0.334079643672288 0.329191984658637 0
2012-10-12 0.335358748118787 0.335046466323133 0.32959478555808 0
2012-10-15 0.334876228194135 0.335623930973824 0.329499840832041 0
2012-10-16 0.335738006912182 0.334387968783895 0.329874024303923 0
2012-10-17 0.33491202530979 0.332868875884761 0.332219098805449 0
2012-10-18 0.334043685498384 0.329904301999781 0.336052012501834 0
2012-10-19 0.333772381062752 0.327127484653887 0.33910013428336 0
2012-10-22 0.332064030292806 0.327847247670214 0.34008872203698 0
2012-10-23 0.329297294878996 0.326055344484952 0.344647360636052 0
2012-10-24 0.330851570059728 0.326093536410517 0.343054893529756 0
2012-10-25 0.329588588171976 0.325169390109235 0.345242021718789 0
2012-10-26 0.332072646174666 0.326275552662761 0.341651801162573 0
2012-10-29 0.331238752119483 0.326752497194243 0.342008750686273 0
2012-10-30 0.334844050853331 0.326625173893021 0.338530775253648 0
2012-10-31 0.333103858522728 0.32572408618755 0.341172055289722 0
2012-11-01 0.333333333333333 0.333333333333333 0.333333333333333 0
2012-11-02 0.33406089634169 0.329275273836033 0.336663829822277 0
2012-11-05 0.333311514712902 0.330699085241451 0.335989400045646 0
2012-11-06 0.334144832292474 0.332566442211032 0.333288725496494 0
2012-11-07 0.332402451745827 0.329488392282561 0.338109155971612 0
2012-11-08 0.334293669372886 0.329521993871245 0.336184336755869 0
2012-11-09 0.333988283167988 0.331231566080021 0.334780150751991 0
2012-11-12 0.335193935391307 0.332175338607849 0.332630726000844 0
2012-11-13 0.335916182267401 0.331344398945466 0.332739418787133 0
2012-11-14 0.335389763639263 0.329106208081397 0.33550402827934 0
2012-11-15 0.33167258458031 0.327415986620802 0.340911428798888 0
2012-11-16 0.325886651252289 0.327197527950479 0.346915820797232 0
2012-11-19 0.327950763483636 0.326558737303658 0.345490499212706 0
2012-11-20 0.32966160509958 0.325823200460082 0.344515194440338 0
2012-11-21 0.328628958438538 0.325499506074768 0.345871535486695 0
2012-11-22 0.328701297404208 0.322862316335883 0.348436386259908 0
2012-11-23 0.329223719104456 0.324848592861574 0.345927688033971 0
2012-11-26 0.328784008088522 0.324121690119521 0.347094301791957 0
2012-11-27 0.330318089051121 0.321615586263897 0.348066324684982 0
2012-11-28 0.33117326285971 0.324636286946559 0.34419045019373 0
2012-11-29 0.331470031853349 0.323312019339195 0.345217948807455 0
2012-11-30 0.331026562532731 0.322774686255478 0.346198751211791 0
2012-12-03 0.333333333333333 0.333333333333333 0.333333333333333 0
2012-12-04 0.333751750673018 0.333400051282219 0.332848198044763 0
2012-12-05 0.333196170048023 0.33409752778236 0.332706302169617 0
2012-12-06 0.334340597583693 0.332692347049334 0.332967055366973 0
2012-12-07 0.333364157048453 0.334521409407906 0.332114433543641 0
2012-12-10 0.333552827247607 0.334502248483729 0.331944924268664 0
2012-12-11 0.334716682126256 0.335054361291577 0.330228956582167 0
2012-12-12 0.334824888992817 0.333985148561049 0.331189962446133 0
2012-12-13 0.332634648166008 0.331356115432346 0.336009236401646 0
2012-12-14 0.333417408312775 0.330603512164506 0.335979079522719 0
2012-12-17 0.331782159053401 0.331127006286567 0.337090834660033 0
2012-12-18 0.331174755155439 0.331288009749793 0.337537235094769 0
2012-12-19 0.329754680597321 0.326784623330216 0.343460696072463 0
2012-12-20 0.330724539929683 0.32906898877795 0.340206471292366 0
2012-12-21 0.331798973938466 0.328676851044353 0.339524175017181 0
2012-12-24 0.332228694509063 0.327807404815511 0.339963900675426 0
2012-12-27 0.328845443409011 0.322586568575068 0.348567988015922 0
2012-12-28 0.3280688591695 0.319753607153131 0.352177533677369 0
2012-12-31 0.326728207485684 0.322533430493536 0.350738362020779 0
2013-01-02 0.333333333333333 0.333333333333333 0.333333333333333 0
2013-01-03 0.332869982601087 0.333301313588076 0.333828703810837 0
2013-01-04 0.329978775517633 0.330638689575422 0.339382534906945 0
2013-01-07 0.330083759951962 0.331352843988898 0.33856339605914 0
2013-01-08 0.330444667395163 0.331922027607702 0.337633304997134 0
2013-01-09 0.32989966415539 0.331845063445579 0.338255272399031 0
2013-01-10 0.328121725491951 0.332562929546823 0.339315344961226 0
2013-01-11 0.326635787722174 0.331176518140494 0.342187694137333 0
2013-01-14 0.326882844791509 0.331290460524058 0.341826694684433 0
2013-01-15 0.324336131525151 0.331680773928102 0.343983094546747 0
2013-01-16 0.327846877308856 0.334022665403824 0.338130457287321 0
2013-01-17 0.328331516335268 0.334686610964765 0.336981872699967 0
2013-01-18 0.32382664888561 0.332827609210763 0.343345741903627 0
2013-01-21 0.326848801730585 0.33391223471708 0.339238963552334 0
2013-01-22 0.325241112937982 0.336074928634438 0.338683958427579 0
2013-01-23 0.327332435158042 0.33939190910707 0.333275655734888 0
2013-01-24 0.326732687435028 0.338120366280871 0.3351469462841 0
2013-01-25 0.326143404861526 0.334493395237874 0.3393631999006 0
2013-01-28 0.326594048191616 0.335683588372329 0.337722363436055 0
2013-01-29 0.326028671367557 0.33618411201517 0.337787216617273 0
2013-01-30 0.322841755308522 0.333431167292425 0.343727077399054 0
2013-01-31 0.321992286894709 0.332864875918105 0.345142837187186 0
2013-02-01 0.333333333333333 0.333333333333333 0.333333333333333 0
2013-02-04 0.328091555592678 0.333359183778596 0.338549260628727 0
2013-02-05 0.330183920127206 0.336718179889507 0.333097899983287 0
2013-02-06 0.32362768887318 0.333838668695657 0.342533642431163 0
2013-02-07 0.325272764154266 0.334090664723571 0.340636571122163 0
2013-02-08 0.328660766063877 0.336041545227289 0.335297688708833 0
2013-02-11 0.32830125547819 0.335960529190536 0.335738215331274 0
2013-02-12 0.326571567001168 0.334167884891319 0.339260548107513 0
2013-02-13 0.329487875562346 0.334036789921219 0.336475334516436 0
2013-02-14 0.326694852850952 0.334479825905457 0.338825321243591 0
2013-02-15 0.326850536946337 0.336501196601945 0.336648266451718 0
2013-02-18 0.325577242609566 0.333642804775714 0.340779952614721 0
2013-02-19 0.329045891628641 0.333095499068184 0.337858609303176 0
2013-02-20 0.32828118640239 0.330765996999342 0.340952816598268 0
2013-02-21 0.326026774904135 0.333661868070121 0.340311357025744 0
2013-02-22 0.326598168713839 0.333687967985676 0.339713863300486 0
2013-02-25 0.328764791800248 0.32597535732908 0.345259850870673 0
2013-02-26 0.325388768759192 0.332882634756392 0.341728596484417 0
2013-02-27 0.327703194247777 0.33599535720316 0.336301448549062 0
2013-02-28 0.326777139410926 0.331702348251361 0.341520512337713 0
2013-03-01 0.333333333333333 0.333333333333333 0.333333333333333 0
2013-03-04 0.332119613375475 0.333732637049006 0.334147749575519 0
2013-03-05 0.335941854955429 0.332852802384462 0.331205342660109 0
2013-03-06 0.334641739160339 0.330494101593794 0.334864159245867 0
2013-03-07 0.334622936931473 0.330391401368431 0.334985661700096 0
2013-03-08 0.332482207565303 0.327897322498816 0.339620469935881 0
2013-03-11 0.331442848671803 0.328102055639475 0.340455095688722 0
2013-03-12 0.331230258950591 0.328702496501284 0.340067244548125 0
2013-03-13 0.332012869740114 0.32940010456117 0.338587025698716 0
2013-03-14 0.332507303696071 0.328203265921078 0.339289430382851 0
2013-03-15 0.33063672107952 0.326423745189119 0.342939533731361 0
2013-03-18 0.333317747157896 0.328978801531123 0.337703451310981 0
2013-03-19 0.329280867661863 0.327652182163889 0.343066950174248 0
2013-03-20 0.330365349962585 0.327768319976462 0.341866330060953 0
2013-03-21 0.327600615698745 0.325832533797171 0.346566850504085 0
2013-03-22 0.329022884603307 0.330182376655232 0.340794738741461 0
2013-03-25 0.326492288908996 0.327867952821131 0.345639758269873 0
2013-03-26 0.326581279891913 0.330129565067466 0.343289155040622 0
2013-03-27 0.324092125579678 0.330660871152568 0.345247003267754 0
2013-03-28 0.325297637294106 0.332821796507957 0.341880566197937 0
2013-04-02 0.333333333333333 0.333333333333333 0.333333333333333 0
2013-04-03 0.328944796902018 0.329304984949758 0.341750218148224 0
2013-04-04 0.32447383780591 0.328466518168866 0.347059644025224 0
2013-04-05 0.318537250318979 0.328215364236369 0.353247385444653 0
2013-04-08 0.315191353190001 0.325677802086289 0.35913084472371 0
2013-04-09 0.314064541902175 0.326917591096736 0.359017867001089 0
2013-04-10 0.317188587026702 0.325684861625526 0.357126551347772 0
2013-04-11 0.316226356736605 0.323549715735005 0.36022392752839 0
2013-04-12 0.313260242710362 0.325763211955952 0.360976545333687 0
2013-04-15 0.315983875377208 0.324063504873582 0.35995261974921 0
2013-04-16 0.314502202909224 0.327300626875444 0.358197170215331 0
2013-04-17 0.309018809957255 0.326206309383782 0.364774880658963 0
2013-04-18 0.310126294219438 0.326827641071692 0.36304606470887 0
2013-04-19 0.308841679799521 0.32630723043764 0.36485108976284 0
2013-04-22 0.307107424328242 0.324124821771783 0.368767753899975 0
2013-04-23 0.31147230639645 0.324356553170791 0.364171140432759 0
2013-04-24 0.311955352583504 0.31969822713442 0.368346420282075 0
2013-04-25 0.313138703587644 0.318416809399486 0.36844448701287 0
2013-04-26 0.312909182344909 0.319175283076106 0.367915534578985 0
2013-04-29 0.313800159028074 0.31998935366466 0.366210487307266 0
2013-04-30 0.314948154131546 0.319982045723915 0.365069800144539 0
2013-05-02 0.333333333333333 0.333333333333333 0.333333333333333 0
2013-05-03 0.336715143542726 0.333226670958923 0.330058185498351 0
2013-05-06 0.336472263464676 0.333292513772656 0.330235222762668 0
2013-05-07 0.333834999227429 0.329775503644439 0.336389497128132 0
2013-05-08 0.334484489810495 0.328761095386371 0.336754414803134 0
2013-05-09 0.335740324193533 0.328991849954275 0.335267825852192 0
2013-05-10 0.332645368003882 0.326101254365423 0.341253377630695 0
2013-05-13 0.331503169718481 0.324377781255381 0.344119049026138 0
2013-05-14 0.332403429730738 0.32556956513835 0.342027005130912 0
2013-05-15 0.330017034423957 0.323611663194354 0.346371302381689 0
2013-05-16 0.330957949559237 0.323343947929049 0.345698102511714 0
2013-05-17 0.330088502607028 0.323971137104191 0.345940360288781 0
2013-05-20 0.33006476724125 0.321331698930152 0.348603533828598 0
2013-05-21 0.329979940561453 0.32172187281961 0.348298186618937 0
2013-05-22 0.330224791972861 0.31807474374427 0.351700464282868 0
2013-05-23 0.334304264856869 0.328629588076362 0.337066147066769 0
2013-05-24 0.332002734464439 0.328385226578334 0.339612038957227 0
2013-05-27 0.337754950929846 0.330967281484177 0.331277767585977 0
2013-05-28 0.338237232834523 0.329902319589042 0.331860447576435 0
2013-05-29 0.335062884374985 0.330162865325853 0.334774250299162 0
2013-05-30 0.342485266486752 0.335396371437686 0.322118362075562 0
2013-05-31 0.341165691136464 0.331575695911918 0.327258612951617 0
2013-06-03 0.333333333333333 0.333333333333333 0.333333333333333 0
2013-06-04 0.331892629796748 0.329823943725649 0.338283426477603 0
2013-06-05 0.335165936959713 0.332312710144549 0.332521352895738 0
2013-06-06 0.332860563210329 0.335781453340965 0.331357983448706 0
2013-06-07 0.335788544266964 0.336923874690156 0.32728758104288 0
2013-06-10 0.331928071909129 0.330718348204342 0.337353579886529 0
2013-06-11 0.33212377312198 0.331785821082187 0.336090405795833 0
2013-06-12 0.331142000094354 0.331221415645496 0.33763658426015 0
2013-06-13 0.335705660653452 0.341845858368433 0.322448480978115 0
2013-06-14 0.335308361377655 0.337700023142302 0.326991615480042 0
2013-06-17 0.33391648740096 0.335126662258929 0.330956850340111 0
2013-06-18 0.333489757699047 0.337184006445506 0.329326235855447 0
2013-06-19 0.33211753922658 0.332590533098459 0.335291927674961 0
2013-06-20 0.329305812686382 0.332963192349887 0.337730994963731 0
2013-06-21 0.323284256633562 0.333644069219485 0.343071674146953 0
2013-06-24 0.322984431096895 0.33433947026306 0.342676098640045 0
2013-06-25 0.326395902515281 0.335016879816655 0.338587217668063 0
2013-06-26 0.330070010533973 0.336637852944966 0.333292136521061 0
2013-06-27 0.327389020602892 0.334369106789447 0.338241872607661 0
2013-06-28 0.32350177301838 0.329171295899744 0.347326931081876 0
2013-07-01 0.333333333333333 0.333333333333333 0.333333333333333 0
2013-07-02 0.329645010031646 0.331747882832734 0.33860710713562 0
2013-07-03 0.327294323436388 0.334056056652709 0.338649619910903 0
2013-07-04 0.332193493451446 0.332058838784832 0.335747667763722 0
2013-07-05 0.323587878891851 0.334518949654604 0.341893171453545 0
2013-07-08 0.32903983442156 0.335172741769944 0.335787423808496 0
2013-07-09 0.328129230922238 0.332187060449162 0.3396837086286 0
2013-07-10 0.328864355901389 0.332382296926814 0.338753347171797 0
2013-07-11 0.329740212469514 0.333143596474779 0.337116191055707 0
2013-07-12 0.330915986264488 0.332207073626859 0.336876940108653 0
2013-07-15 0.331367684292387 0.332198405221865 0.336433910485749 0
2013-07-16 0.329976177830521 0.331469912305979 0.3385539098635 0
2013-07-17 0.331165601679007 0.330901159363464 0.337933238957528 0
2013-07-18 0.331340122032547 0.329457702125749 0.339202175841704 0
2013-07-19 0.332894442918962 0.331120229119259 0.335985327961779 0
2013-07-22 0.332346575997545 0.330634035582294 0.337019388420161 0
2013-07-23 0.330824848865069 0.330257084486868 0.338918066648063 0
2013-07-24 0.333087501013744 0.329400721564799 0.337511777421456 0
2013-07-25 0.332147179337361 0.331927614494033 0.335925206168606 0
2013-07-26 0.334018836775871 0.33605663313637 0.329924530087759 0
2013-07-29 0.338370959046681 0.339048134279967 0.322580906673352 0
2013-07-30 0.337045859171333 0.337200860475793 0.325753280352875 0
2013-07-31 0.338938249900298 0.338431673988182 0.322630076111521 0
2013-08-01 0.333333333333333 0.333333333333333 0.333333333333333 0
2013-08-02 0.32941002967601 0.330198352425042 0.340391617898948 0
2013-08-05 0.331130067369379 0.331279855808434 0.337590076822187 0
2013-08-06 0.328055721133923 0.330118498458561 0.341825780407516 0
2013-08-07 0.331897260086777 0.334531678179271 0.333571061733953 0
2013-08-08 0.335015666997795 0.335926202549535 0.32905813045267 0
2013-08-09 0.336002226541973 0.334528740927104 0.329469032530923 0
2013-08-12 0.337385828200361 0.334938171465044 0.327676000334595 0
2013-08-13 0.335842861094891 0.331840530361369 0.33231660854374 0
2013-08-14 0.335779128450123 0.328470881016704 0.335749990533172 0
2013-08-15 0.338185744981137 0.328367962794625 0.333446292224237 0
2013-08-16 0.339676594347897 0.328531235784713 0.33179216986739 0
2013-08-19 0.338622566081835 0.32697523447787 0.334402199440295 0
2013-08-20 0.339898255028286 0.330656341029141 0.329445403942573 0
2013-08-21 0.340059641451686 0.329068034123604 0.33087232442471 0
2013-08-22 0.343090924965259 0.329009924151497 0.327899150883244 0
2013-08-23 0.340785294179695 0.327076418882672 0.332138286937633 0
2013-08-26 0.341948148255861 0.326088542549641 0.331963309194497 0
2013-08-27 0.338819778365249 0.326886608944279 0.334293612690472 0
2013-08-28 0.337854487906198 0.330416275188961 0.331729236904842 0
2013-08-29 0.337717583126671 0.329169851481411 0.333112565391918 0
2013-08-30 0.33603413482886 0.330539548571193 0.333426316599947 0
2013-09-02 0.333333333333333 0.333333333333333 0.333333333333333 0
2013-09-03 0.328174614107126 0.331236429549273 0.340588956343601 0
2013-09-04 0.327275380934162 0.331869814467478 0.34085480459836 0
2013-09-05 0.328187857002391 0.331363210571975 0.340448932425634 0
2013-09-06 0.331017314874998 0.332243232193446 0.336739452931556 0
2013-09-09 0.327271736591675 0.331553146792016 0.341175116616309 0
2013-09-10 0.329136140405638 0.329497252976885 0.341366606617478 0
2013-09-11 0.329439622679402 0.330817078951377 0.33974329836922 0
2013-09-12 0.329873178580711 0.330758748514051 0.339368072905238 0
2013-09-13 0.329601987703533 0.331514038235877 0.338883974060591 0
2013-09-16 0.331435933355859 0.33189260116481 0.336671465479331 0
2013-09-17 0.331495442369394 0.333322072710268 0.335182484920338 0
2013-09-18 0.329966489670228 0.333412992685491 0.33662051764428 0
2013-09-19 0.329742309990476 0.330106443166072 0.340151246843452 0
2013-09-20 0.330750030942754 0.327883803659362 0.341366165397885 0
2013-09-23 0.330065349848373 0.327679779768514 0.342254870383113 0
2013-09-24 0.331360757675581 0.326431262424234 0.342207979900186 0
2013-09-25 0.332687504674944 0.326388686334187 0.340923808990869 0
2013-09-26 0.330881094426548 0.325843834248566 0.343275071324886 0
2013-09-27 0.331609219936954 0.325165492223645 0.343225287839401 0
2013-09-30 0.333166053847934 0.326468752823916 0.34036519332815 0
2013-10-01 0.333333333333333 0.333333333333333 0.333333333333333 0
2013-10-02 0.334659083334205 0.335676122485785 0.32966479418001 0
2013-10-03 0.334964979264484 0.334169064830529 0.330865955904987 0
2013-10-04 0.336087432638411 0.336010932256244 0.327901635105345 0
2013-10-07 0.337653258541332 0.335745027315298 0.326601714143369 0
2013-10-08 0.337607539160939 0.333495382913308 0.328897077925753 0
2013-10-09 0.335242594901858 0.333278957531277 0.331478447566865 0
2013-10-10 0.335973561749024 0.334651913583245 0.329374524667731 0
2013-10-11 0.334526868379511 0.33415428625333 0.331318845367159 0
2013-10-14 0.334030890368689 0.335102785886362 0.33086632374495 0
2013-10-15 0.336776596687364 0.331847950683038 0.331375452629598 0
2013-10-16 0.336120973527171 0.334118982615083 0.329760043857746 0
2013-10-17 0.334366614890969 0.333610934652541 0.33202245045649 0
2013-10-18 0.335692383220194 0.333533242055283 0.330774374724522 0
2013-10-21 0.334795707486849 0.332401909618039 0.332802382895112 0
2013-10-22 0.336109489039763 0.332334958584149 0.331555552376089 0
2013-10-23 0.338005251605544 0.334065992873645 0.327928755520811 0
2013-10-24 0.338361448033313 0.334221318370627 0.32741723359606 0
2013-10-25 0.341109526750408 0.338070141539417 0.320820331710175 0
2013-10-28 0.338567927825928 0.335787022355879 0.325645049818192 0
2013-10-29 0.339371103196151 0.337362065923562 0.323266830880288 0
2013-10-30 0.338180317432668 0.335295315545296 0.326524367022036 0
2013-10-31 0.340637140944803 0.335272426506324 0.324090432548873 0
2013-11-01 0.333333333333333 0.333333333333333 0.333333333333333 0
2013-11-04 0.333890039577909 0.333306149390445 0.332803811031645 0
2013-11-05 0.333159828623597 0.333169438720445 0.333670732655958 0
2013-11-06 0.332160413761165 0.333729857264422 0.334109728974413 0
2013-11-07 0.335077399954619 0.331917311924036 0.333005288121344 0
2013-11-08 0.33492396336089 0.335436879704353 0.329639156934757 0
2013-11-11 0.334068225789077 0.33394428091984 0.331987493291083 0
2013-11-12 0.331069653441456 0.331408644473424 0.337521702085121 0
2013-11-13 0.330212091400177 0.332833316955292 0.336954591644531 0
2013-11-14 0.329792022815645 0.330099745318312 0.340108231866043 0
2013-11-15 0.327503535876089 0.328890052577427 0.343606411546484 0
2013-11-18 0.328778970753445 0.328434610171678 0.342786419074877 0
2013-11-19 0.328350459986521 0.328968050495957 0.342681489517522 0
2013-11-20 0.329386766220708 0.328324305542803 0.342288928236489 0
2013-11-21 0.326361385646249 0.327755506081749 0.345883108272002 0
2013-11-22 0.3264257187966 0.328122545994475 0.345451735208925 0
2013-11-25 0.326561992399234 0.32556104660034 0.347876961000426 0
2013-11-26 0.327083652012365 0.326433166543525 0.34648318144411 0
2013-11-27 0.328844478382602 0.326545136282482 0.344610385334916 0
2013-11-28 0.32767317039013 0.324125870903409 0.348200958706461 0
2013-11-29 0.328640369455533 0.324242776358597 0.347116854185869 0
2013-12-02 0.333333333333333 0.333333333333333 0.333333333333333 0
2013-12-03 0.329068285893511 0.333466098595731 0.337465615510758 0
2013-12-04 0.329674312680157 0.336579009835041 0.333746677484801 0
2013-12-05 0.330457090062365 0.337987697128639 0.331555212808996 0
2013-12-06 0.330302639312553 0.338810578298257 0.33088678238919 0
2013-12-09 0.328328400158365 0.336063654068343 0.335607945773292 0
2013-12-10 0.327020634311693 0.336585663578186 0.336393702110121 0
2013-12-11 0.327694709859723 0.335918728794883 0.336386561345394 0
2013-12-12 0.328193945116615 0.336447984962451 0.335358069920934 0
2013-12-13 0.327385811504228 0.336352389025129 0.336261799470643 0
2013-12-16 0.33209779620583 0.338094186032689 0.329808017761481 0
2013-12-17 0.329355374442959 0.337998961898629 0.332645663658411 0
2013-12-18 0.327466246325899 0.338654624340275 0.333879129333826 0
2013-12-19 0.329160317136006 0.335021734390719 0.335817948473276 0
2013-12-20 0.330315826144601 0.334761137540746 0.334923036314653 0
2013-12-23 0.331893593912592 0.334727251995701 0.333379154091706 0
2013-12-24 0.331333591081417 0.335453201658215 0.333213207260368 0
2013-12-27 0.33085399768386 0.333903655967959 0.335242346348181 0
2013-12-30 0.329053453681367 0.333904386501764 0.337042159816869 0
2013-12-31 0.328572369053811 0.33487823545108 0.336549395495109 0
2014-01-02 0.333333333333333 0.333333333333333 0.333333333333333 0
2014-01-03 0.333968647700056 0.333305478301608 0.332725873998336 0
2014-01-06 0.336736792008158 0.335406324498347 0.327856883493495 0
2014-01-07 0.33851205864994 0.336555709322057 0.324932232028003 0
2014-01-08 0.33665788657336 0.333624791466121 0.329717321960519 0
2014-01-09 0.336648323150068 0.335947248917522 0.327404427932411 0
2014-01-10 0.337702408366663 0.335005350295184 0.327292241338152 0
2014-01-13 0.339811999410068 0.332130073022393 0.328057927567538 0
2014-01-14 0.343175830826551 0.336735136171793 0.320089033001655 0
2014-01-15 0.344210554314812 0.333228310135952 0.322561135549237 0
2014-01-16 0.344722807925237 0.332960244330996 0.322316947743767 0
2014-01-17 0.345108568643884 0.333310437229779 0.321580994126338 0
2014-01-20 0.345135350905314 0.334264672514528 0.320599976580158 0
2014-01-21 0.344685263388283 0.332447299855837 0.32286743675588 0
2014-01-22 0.344563596559622 0.331839218371523 0.323597185068855 0
2014-01-23 0.344604933659954 0.331348110179854 0.324046956160192 0
2014-01-24 0.343382292338239 0.331922975123849 0.324694732537911 0
2014-01-27 0.345467684198811 0.334596463235165 0.319935852566024 0
2014-01-28 0.346386284902764 0.335337741427524 0.318275973669713 0
2014-01-29 0.343116223305097 0.330681586115612 0.326202190579291 0
2014-01-30 0.345965774016807 0.334438052040513 0.31959617394268 0
2014-01-31 0.346124699634348 0.333816031524998 0.320059268840654 0
2014-02-03 0.333333333333333 0.333333333333333 0.333333333333333 0
2014-02-04 0.336072912012904 0.339824628778932 0.324102459208164 0
2014-02-05 0.334495396265635 0.338549657193769 0.326954946540597 0
2014-02-06 0.336714823580197 0.339725262751087 0.323559913668716 0
2014-02-07 0.334262032169363 0.339161712539069 0.326576255291568 0
2014-02-10 0.331998907728172 0.337467370390725 0.330533721881102 0
2014-02-11 0.335106648376321 0.337914710304145 0.326978641319534 0
2014-02-12 0.336152350795962 0.336144421052063 0.327703228151975 0
2014-02-13 0.339011789709025 0.338342058888538 0.322646151402437 0
2014-02-14 0.341305115745322 0.340993698322123 0.317701185932555 0
2014-02-17 0.340568364789126 0.34045636800904 0.318975267201835 0
2014-02-18 0.337443338715243 0.336726107799687 0.325830553485071 0
2014-02-19 0.338654955035823 0.336043589031105 0.325301455933072 0
2014-02-20 0.339414771300902 0.340194253516416 0.320390975182682 0
2014-02-21 0.337402586970325 0.336218283227109 0.326379129802566 0
2014-02-24 0.338079735740973 0.33724980650696 0.324670457752066 0
2014-02-25 0.336475538351205 0.335411778551239 0.328112683097556 0
2014-02-26 0.336069158787575 0.336700811878078 0.327230029334348 0
2014-02-27 0.334203174531916 0.338940854319464 0.32685597114862 0
2014-02-28 0.336862313051843 0.338999548634113 0.324138138314044 0
2014-03-03 0.333333333333333 0.333333333333333 0.333333333333333 0
2014-03-04 0.336661598090108 0.333207998089967 0.330130403819925 0
2014-03-05 0.334481788892574 0.331961301197738 0.333556909909688 0
2014-03-06 0.332321247666227 0.331031608929404 0.336647143404369 0
2014-03-07 0.326600847840245 0.332641017151705 0.34075813500805 0
2014-03-10 0.325937398684337 0.334326481528547 0.339736119787116 0
2014-03-11 0.326624583577449 0.332139450182092 0.341235966240459 0
2014-03-12 0.326768740979479 0.336363046966408 0.336868212054113 0
2014-03-13 0.324311775223212 0.33534776581781 0.340340458958978 0
2014-03-14 0.329232734634113 0.338074939458152 0.332692325907735 0
2014-03-17 0.331377097563975 0.339456390631658 0.329166511804368 0
2014-03-18 0.331229562786884 0.338887298625414 0.329883138587703 0
2014-03-19 0.332447594550618 0.336503407041357 0.331048998408025 0
2014-03-20 0.333973720690022 0.339618926060755 0.326407353249222 0
2014-03-21 0.3352890013192 0.338660331600012 0.326050667080789 0
2014-03-24 0.329861645249176 0.338226614340903 0.331911740409921 0
2014-03-25 0.333210042007989 0.338068909494543 0.328721048497468 0
2014-03-26 0.33609319205211 0.334981620027229 0.328925187920661 0
2014-03-27 0.335078781604219 0.33377995281839 0.331141265577391 0
2014-03-28 0.337307695730558 0.332432652083656 0.330259652185786 0
2014-03-31 0.334666815004021 0.333638296863821 0.331694888132158 0
2014-04-01 0.333333333333333 0.333333333333333 0.333333333333333 0
2014-04-02 0.332362142791569 0.332493808970027 0.335144048238404 0
2014-04-03 0.331557697106746 0.331491976993746 0.336950325899509 0
2014-04-04 0.334221701248535 0.328647485284591 0.337130813466874 0
2014-04-07 0.332982043958416 0.330401574491232 0.336616381550352 0
2014-04-08 0.333977809456507 0.332299967290775 0.333722223252718 0
2014-04-09 0.33545457692099 0.336934027697412 0.327611395381599 0
2014-04-10 0.336076551715293 0.333896110037396 0.330027338247311 0
2014-04-11 0.336429049174988 0.336232895126904 0.327338055698108 0
2014-04-14 0.336361146222197 0.338370283334818 0.325268570442985 0
2014-04-15 0.331085391653434 0.340942817031413 0.327971791315153 0
2014-04-16 0.330189412063041 0.33810208158134 0.331708506355619 0
2014-04-17 0.332475797452619 0.336783918315343 0.330740284232038 0
2014-04-18 0.331724410734693 0.3360227953555 0.332252793909807 0
2014-04-22 0.336430647834748 0.336186193181309 0.327383158983943 0
2014-04-23 0.334015527003289 0.335469137923045 0.330515335073666 0
2014-04-24 0.335195986458454 0.336496458322366 0.32830755521918 0
2014-04-25 0.33251518060411 0.336148912954605 0.331335906441285 0
2014-04-28 0.334053402356124 0.337894921041942 0.328051676601934 0
2014-04-29 0.336685669262606 0.337430168702981 0.325884162034413 0
2014-04-30 0.336696601811376 0.337695704919919 0.325607693268705 0
2014-05-02 0.333333333333333 0.333333333333333 0.333333333333333 0
2014-05-05 0.332597380790607 0.333879657165794 0.333522962043599 0
2014-05-06 0.33202128330993 0.332854161866546 0.335124554823525 0
2014-05-07 0.335773514008246 0.337113197205064 0.32711328878669 0
2014-05-08 0.336542879786567 0.335514976398826 0.327942143814607 0
2014-05-09 0.33544055156549 0.335977537230817 0.328581911203692 0
2014-05-12 0.337869559850847 0.336449431684236 0.325681008464917 0
2014-05-13 0.336795307495026 0.333991852420292 0.329212840084682 0
2014-05-14 0.337630566622454 0.332789045756262 0.329580387621284 0
2014-05-15 0.337334489539551 0.332503991673996 0.330161518786454 0
2014-05-16 0.337980642313363 0.334977195300491 0.327042162386146 0
2014-05-19 0.33925106936198 0.335599608559475 0.325149322078545 0
2014-05-20 0.339186158567132 0.333441349021116 0.327372492411752 0
2014-05-21 0.339715277881799 0.335155149056608 0.325129573061593 0
2014-05-22 0.337868434018192 0.332744576903303 0.329386989078505 0
2014-05-23 0.337559291825641 0.332100851322068 0.33033985685229 0
2014-05-26 0.339321102278385 0.329622428865798 0.331056468855817 0
2014-05-27 0.339679634139882 0.329746408857673 0.330573957002445 0
2014-05-28 0.339662509448781 0.32894758478554 0.331389905765678 0
2014-05-29 0.339134213833832 0.329739444030647 0.331126342135521 0
2014-05-30 0.339486918320886 0.330301475167433 0.330211606511681 0
2014-06-02 0.333333333333333 0.333333333333333 0.333333333333333 0
2014-06-03 0.332065586728131 0.332659016217988 0.335275397053881 0
2014-06-04 0.331870808200784 0.332533577697447 0.335595614101769 0
2014-06-05 0.331609904256334 0.333518213790897 0.334871881952769 0
2014-06-06 0.331922428448603 0.334258249951291 0.333819321600106 0
2014-06-09 0.331931425629642 0.333922196685968 0.334146377684391 0
2014-06-10 0.333310306165905 0.334690675595378 0.331999018238717 0
2014-06-11 0.331675786054853 0.333672059534629 0.334652154410519 0
2014-06-12 0.332861274942757 0.33305583482254 0.334082890234702 0
2014-06-13 0.331090514368043 0.332971987275119 0.335937498356838 0
2014-06-16 0.331625098316813 0.334589483246286 0.333785418436902 0
2014-06-17 0.331941101670509 0.334227919019413 0.333830979310078 0
2014-06-18 0.330490349111056 0.334372497938773 0.335137152950171 0
2014-06-19 0.330239045521606 0.331948932164642 0.337812022313753 0
2014-06-20 0.329787653146478 0.332554217518876 0.337658129334646 0
2014-06-23 0.328236369692173 0.333009472822112 0.338754157485716 0
2014-06-24 0.32933800234652 0.331204146458173 0.339457851195307 0
2014-06-25 0.328247621128363 0.333436472187335 0.338315906684302 0
2014-06-26 0.326674796875525 0.33354258979288 0.339782613331595 0
2014-06-27 0.328423713999319 0.335090944279638 0.336485341721043 0
2014-06-30 0.328499441636667 0.334056967756291 0.337443590607042 0
2014-07-01 0.333333333333333 0.333333333333333 0.333333333333333 0
2014-07-02 0.333083071433598 0.33318120028997 0.333735728276432 0
2014-07-03 0.335274980305957 0.333219074216124 0.33150594547792 0
2014-07-04 0.334180803808151 0.332806868932934 0.333012327258914 0
2014-07-07 0.332584937261104 0.333798102585935 0.333616960152961 0
2014-07-08 0.330817246238496 0.33423150386482 0.334951249896684 0
2014-07-09 0.331189659205083 0.33495331538152 0.333857025413397 0
2014-07-10 0.328887409607155 0.336355668939781 0.334756921453064 0
2014-07-11 0.329243675415867 0.337040561936347 0.333715762647786 0
2014-07-14 0.330207356607576 0.336195871615478 0.333596771776947 0
2014-07-15 0.328027337973869 0.336265383145012 0.335707278881119 0
2014-07-16 0.330795110121701 0.33581124163211 0.333393648246189 0
2014-07-17 0.329530985771543 0.334958234353714 0.335510779874743 0
2014-07-18 0.329072631773797 0.338096755285203 0.332830612941001 0
2014-07-21 0.326925489048867 0.338701352509243 0.334373158441889 0
2014-07-22 0.328394891025683 0.337167616586076 0.334437492388241 0
2014-07-23 0.329110186703956 0.33670558726282 0.334184226033224 0
2014-07-24 0.330361630294689 0.336532537204828 0.333105832500484 0
2014-07-28 0.32481372153427 0.335633696463002 0.339552582002728 0
2014-07-29 0.325901000294754 0.333432961672304 0.340666038032942 0
2014-07-30 0.324537750946456 0.333485839978354 0.34197640907519 0
2014-07-31 0.322469445324327 0.331571989919394 0.345958564756278 0
2014-08-01 0.333333333333333 0.333333333333333 0.333333333333333 0
2014-08-04 0.331817826372976 0.335382058834579 0.332800114792446 0
2014-08-05 0.334733577539638 0.334174758755831 0.331091663704532 0
2014-08-06 0.334351641363381 0.336259712452162 0.329388646184457 0
2014-08-07 0.332110271149793 0.33583052645515 0.332059202395057 0
2014-08-08 0.333413857826463 0.342095020075909 0.324491122097627 0
2014-08-11 0.33493208998285 0.337563191098288 0.327504718918862 0
2014-08-12 0.33206324677826 0.338584763679954 0.329351989541786 0
2014-08-13 0.334214370945173 0.337835595087936 0.32795003396689 0
2014-08-14 0.333704722224657 0.337609611191356 0.328685666583986 0
2014-08-15 0.330809118031495 0.338527757066759 0.330663124901747 0
2014-08-18 0.33329255861934 0.338974337578296 0.327733103802364 0
2014-08-19 0.333976124464426 0.338048055226212 0.327975820309361 0
2014-08-20 0.333076619249742 0.339039895196307 0.32788348555395 0
2014-08-21 0.333812764628887 0.337843070749784 0.328344164621329 0
2014-08-22 0.332918030629602 0.338425572294778 0.32865639707562 0
2014-08-25 0.335933217518567 0.336843625392016 0.327223157089418 0
2014-08-26 0.338210190989788 0.336955150272205 0.324834658738007 0
2014-08-27 0.337581416736095 0.337278395864613 0.325140187399292 0
2014-08-28 0.335878896235798 0.338536155875087 0.325584947889115 0
2014-08-29 0.336182131411128 0.338943730241021 0.324874138347851 0
2014-09-01 0.333333333333333 0.333333333333333 0.333333333333333 0
2014-09-02 0.332814145784408 0.33123485522001 0.335950998995582 0
2014-09-03 0.335095997665988 0.3295737133056 0.335330289028412 0
2014-09-04 0.337782157490689 0.328707927608722 0.333509914900589 0
2014-09-05 0.337918448831258 0.329375398594493 0.332706152574249 0
2014-09-08 0.338078148434155 0.328661003281069 0.333260848284776 0
2014-09-09 0.337308244264683 0.327632281095912 0.335059474639405 0
2014-09-10 0.336426585662008 0.328185113047473 0.335388301290518 0
2014-09-11 0.33549067449357 0.327194049873089 0.337315275633341 0
2014-09-12 0.334683506873809 0.32658261142517 0.338733881701022 0
2014-09-15 0.334598982652701 0.32705067669481 0.338350340652489 0
2014-09-16 0.333596886482366 0.328910780818837 0.337492332698797 0
2014-09-17 0.33425800148074 0.329065222345278 0.336676776173981 0
2014-09-18 0.33542572963997 0.327681451964185 0.336892818395845 0
2014-09-19 0.3335906573654 0.326110667646497 0.340298674988103 0
2014-09-22 0.333940610849197 0.326084658529364 0.339974730621439 0
2014-09-23 0.331135285646886 0.326317342018233 0.342547372334882 0
2014-09-24 0.331969023673455 0.327809453952248 0.340221522374298 0
2014-09-25 0.328688874721878 0.324693298755593 0.346617826522529 0
2014-09-26 0.328187027932835 0.328070509159222 0.343742462907943 0
2014-09-29 0.326315289055813 0.32773599082371 0.345948720120476 0
2014-09-30 0.328644534896807 0.327740403724268 0.343615061378925 0
2014-10-01 0.333333333333333 0.333333333333333 0.333333333333333 0
2014-10-02 0.331823938582067 0.338474617945099 0.329701443472834 0
2014-10-03 0.330112145894631 0.340910075464067 0.328977778641302 0
2014-10-06 0.329305252035018 0.339211159244229 0.331483588720753 0
2014-10-07 0.32887037793854 0.337853340508406 0.333276281553054 0
2014-10-08 0.326136190331876 0.343992463113148 0.329871346554977 0
2014-10-09 0.329420930676182 0.340241872455663 0.330337196868155 0
2014-10-10 0.326099111128404 0.342711344021003 0.331189544850593 0
2014-10-13 0.328204193785785 0.339361742014756 0.332434064199459 0
2014-10-14 0.331182507305483 0.341822207046929 0.326995285647588 0
2014-10-15 0.324973222790407 0.341652085318336 0.333374691891257 0
2014-10-16 0.327852354960148 0.343716751031656 0.328430894008196 0
2014-10-17 0.334308514183571 0.345447055920844 0.320244429895585 0
2014-10-20 0.326639791043251 0.343056049831977 0.330304159124772 0
2014-10-22 0.331173529057939 0.340440925539711 0.32838554540235 0
2014-10-23 0.332740612212681 0.342447121299006 0.324812266488313 0
2014-10-24 0.329331692538247 0.343791421491483 0.32687688597027 0
2014-10-27 0.326468084486366 0.344319749361511 0.329212166152124 0
2014-10-28 0.329685337810961 0.345175986868244 0.325138675320795 0
2014-10-29 0.328690310238165 0.342945113632652 0.328364576129183 0
2014-10-30 0.327287399452651 0.344713913300157 0.327998687247192 0
2014-10-31 0.325984610371442 0.33934347952647 0.334671910102088 0
2014-11-03 0.333333333333333 0.333333333333333 0.333333333333333 0
2014-11-04 0.328168974117721 0.331555983175398 0.340275042706881 0
2014-11-05 0.330605761428209 0.330578686346491 0.3388155522253 0
2014-11-06 0.332596477694428 0.331694461043601 0.335709061261972 0
2014-11-07 0.329861439062442 0.332364722390902 0.337773838546656 0
2014-11-10 0.331698875844031 0.33282264416919 0.335478479986779 0
2014-11-11 0.329833945717985 0.330366989597958 0.339799064684057 0
2014-11-12 0.325626363746699 0.331698876619829 0.342674759633472 0
2014-11-13 0.32500630312313 0.330482983220094 0.344510713656776 0
2014-11-14 0.324590798923438 0.329565127933933 0.345844073142629 0
2014-11-17 0.32913247389278 0.332503682744696 0.338363843362525 0
2014-11-18 0.330006150851203 0.328836700120289 0.341157149028508 0
2014-11-19 0.330758821781626 0.328981764395546 0.340259413822828 0
2014-11-20 0.33073634234505 0.329190061178375 0.340073596476575 0
2014-11-21 0.335554938735451 0.32712831947584 0.33731674178871 0
2014-11-24 0.336718251389819 0.326628541946132 0.336653206664049 0
2014-11-25 0.338131344029024 0.325428303418853 0.336440352552123 0
2014-11-26 0.339440632877802 0.325131376083224 0.335427991038973 0
2014-11-27 0.34166784524273 0.325318784517589 0.33301337023968 0
2014-11-28 0.340410852200955 0.323936666695379 0.335652481103666 0
2014-12-01 0.333333333333333 0.333333333333333 0.333333333333333 0
2014-12-02 0.331576927854948 0.334481417719366 0.333941654425686 0
2014-12-03 0.331853680463634 0.334111443216218 0.334034876320148 0
2014-12-04 0.328205822223906 0.334244863743635 0.337549314032459 0
2014-12-05 0.332872450554531 0.332159329829246 0.334968219616223 0
2014-12-08 0.331840302450156 0.331539984174516 0.336619713375327 0
2014-12-09 0.327977976389463 0.334122290208417 0.33789973340212 0
2014-12-10 0.332310985779916 0.333233973007292 0.334455041212792 0
2014-12-11 0.334323564266869 0.334317973314872 0.331358462418259 0
2014-12-12 0.329489440327317 0.332607521936799 0.337903037735884 0
2014-12-15 0.32580508750247 0.336118754437415 0.338076158060115 0
2014-12-16 0.334153022545108 0.334252244087631 0.331594733367261 0
2014-12-17 0.331406930593911 0.337786071846394 0.330806997559695 0
2014-12-18 0.332312828214395 0.337502127681312 0.330185044104293 0
2014-12-19 0.329002169598644 0.335464689993709 0.335533140407647 0
2014-12-22 0.329730722431074 0.33641891114807 0.333850366420855 0
2014-12-23 0.330590589248571 0.33658941334235 0.332819997409079 0
2014-12-24 0.329192313603831 0.335278099707904 0.335529586688264 0
2014-12-29 0.330026154872844 0.336106825694386 0.33386701943277 0
2014-12-30 0.329385086244332 0.33857475219035 0.332040161565319 0
2014-12-31 0.33038031949749 0.33657626340446 0.33304341709805 0
2015-01-02 0.333333333333333 0.333333333333333 0.333333333333333 0
2015-01-05 0.328955938936869 0.332780557137783 0.338263503925348 0
2015-01-06 0.333099684990897 0.334592924819823 0.33230739018928 0
2015-01-07 0.332859465870854 0.336723639968411 0.330416894160735 0
2015-01-08 0.336336120391603 0.335246223212872 0.328417656395525 0
2015-01-09 0.332890423537549 0.335094109357005 0.332015467105445 0
2015-01-12 0.336557707217675 0.332346913550519 0.331095379231806 0
2015-01-13 0.341061669305185 0.330894099009671 0.328044231685144 0
2015-01-14 0.341370088678904 0.331821169777198 0.326808741543899 0
2015-01-15 0.344879904378178 0.326028635517872 0.32909146010395 0
2015-01-16 0.348294904639278 0.328460090366779 0.323245004993943 0
2015-01-19 0.348953996203591 0.326685426595577 0.324360577200831 0
2015-01-20 0.346930997562973 0.324391297389593 0.328677705047434 0
2015-01-21 0.348172909199846 0.324944575981845 0.326882514818309 0
2015-01-22 0.34917451571909 0.326378346939015 0.324447137341895 0
2015-01-23 0.353509055965394 0.321221486000077 0.325269458034529 0
2015-01-26 0.356931374164343 0.31997387492194 0.323094750913717 0
2015-01-27 0.353207248440982 0.316388267167271 0.330404484391747 0
2015-01-28 0.356057592998653 0.31292338103391 0.331019025967437 0
2015-01-29 0.356426655326396 0.31656122581006 0.327012118863544 0
2015-01-30 0.356678104001027 0.313474250729665 0.329847645269308 0
2015-02-02 0.333333333333333 0.333333333333333 0.333333333333333 0
2015-02-03 0.334074142810533 0.337985512032757 0.327940345156709 0
2015-02-04 0.33229387525383 0.335682509666493 0.332023615079677 0
2015-02-05 0.331923376443729 0.339511751780979 0.328564871775292 0
2015-02-06 0.33020820451414 0.338444763429333 0.331347032056526 0
2015-02-09 0.326660027833248 0.338733504607827 0.334606467558925 0
2015-02-10 0.328011902058639 0.339933344602613 0.332054753338748 0
2015-02-11 0.328017957956165 0.339868047315251 0.332113994728584 0
2015-02-12 0.328736688335535 0.337456641287566 0.333806670376899 0
2015-02-13 0.329734946112889 0.338011703730297 0.332253350156815 0
2015-02-16 0.328366780994947 0.337847068330861 0.333786150674192 0
2015-02-17 0.327742752619685 0.338589156962587 0.333668090417728 0
2015-02-18 0.327883680209269 0.336383474454042 0.335732845336689 0
2015-02-19 0.328578428152347 0.335020750527268 0.336400821320385 0
2015-02-20 0.328201851824916 0.336027126548356 0.335771021626728 0
2015-02-23 0.329133753382706 0.334115584781581 0.336750661835713 0
2015-02-24 0.329237128302901 0.333681242013877 0.337081629683222 0
2015-02-25 0.329342642999737 0.333935149016933 0.33672220798333 0
2015-02-26 0.330502696167065 0.331467592675136 0.338029711157799 0
2015-02-27 0.332374981377638 0.329682288468147 0.337942730154214 0
2015-03-02 0.333333333333333 0.333333333333333 0.333333333333333 0
2015-03-03 0.331377823169383 0.33363408225919 0.334988094571428 0
2015-03-04 0.334846090806818 0.331916915917624 0.333236993275558 0
2015-03-05 0.336533480965391 0.331003069284043 0.332463449750566 0
2015-03-06 0.337850369287912 0.325857145871714 0.336292484840374 0
2015-03-09 0.338677363472506 0.328311338703747 0.333011297823747 0
2015-03-10 0.339919225417081 0.325720196693341 0.334360577889578 0
2015-03-11 0.345643952555177 0.322128976669399 0.332227070775424 0
2015-03-12 0.342267314838134 0.323862832384398 0.333869852777468 0
2015-03-16 0.347169785977358 0.320020834297482 0.33280937972516 0
2015-03-17 0.34331928920957 0.319113069965212 0.337567640825218 0
2015-03-18 0.340204784173596 0.321801688145968 0.337993527680436 0
2015-03-19 0.340876637998468 0.32097646141128 0.338146900590252 0
2015-03-20 0.341987650502208 0.321267164742827 0.336745184754965 0
2015-03-23 0.339364013838727 0.322442361915424 0.338193624245849 0
2015-03-24 0.341161818123118 0.319324810052571 0.339513371824311 0
2015-03-25 0.340102073609067 0.31686618089671 0.343031745494223 0
2015-03-26 0.341572147018671 0.318092005047348 0.340335847933981 0
2015-03-27 0.342938669534529 0.319321968965541 0.337739361499929 0
2015-03-30 0.344663341245876 0.319838603909663 0.335498054844461 0
2015-03-31 0.344871200761563 0.319636879338293 0.335491919900143 0
2015-04-01 0.333333333333333 0.333333333333333 0.333333333333333 0
2015-04-02 0.330686667559556 0.332844991376234 0.336468341064209 0
2015-04-07 0.330987242671277 0.330933988868797 0.338078768459926 0
2015-04-08 0.328371475282575 0.331211025989024 0.340417498728402 0
2015-04-09 0.329578557778851 0.329893402351426 0.340528039869723 0
2015-04-10 0.332908710705944 0.329422480892456 0.3376688084016 0
2015-04-13 0.332764107430188 0.328765883312354 0.338470009257459 0
2015-04-14 0.330378639287336 0.33046874902852 0.339152611684145 0
2015-04-15 0.330205999827234 0.331584736358154 0.338209263814613 0
2015-04-16 0.325927390783678 0.333503527332922 0.3405690818834 0
2015-04-17 0.323177839364945 0.334225180358789 0.342596980276267 0
2015-04-20 0.325795925037306 0.335051112812633 0.33915296215006 0
2015-04-21 0.325648282231189 0.331983768766946 0.342367949001866 0
2015-04-22 0.322538081701373 0.33244818479765 0.345013733500977 0
2015-04-23 0.319464069856506 0.333695675313587 0.346840254829907 0
2015-04-24 0.32187601506614 0.334127224486708 0.343996760447152 0
2015-04-27 0.326526879020843 0.33175158412797 0.341721536851187 0
2015-04-28 0.321497814592503 0.3342654481499 0.344236737257597 0
2015-04-29 0.314864761632021 0.336826286283892 0.348308952084087 0
2015-04-30 0.319423327629823 0.337368963812589 0.343207708557587 0
2015-05-04 0.333333333333333 0.333333333333333 0.333333333333333 0
2015-05-05 0.328567691729877 0.334390012810273 0.33704229545985 0
2015-05-06 0.329534618265003 0.333100450585287 0.33736493114971 0
2015-05-07 0.331521021326658 0.334943724800382 0.333535253872961 0
2015-05-08 0.335173184627724 0.334822229487712 0.330004585884564 0
2015-05-11 0.333633694818027 0.332743629438073 0.3336226757439 0
2015-05-12 0.329987782759253 0.334188537069827 0.33582368017092 0
2015-05-13 0.326910416391198 0.334456240349701 0.338633343259101 0
2015-05-14 0.330853258236532 0.335917972646544 0.333228769116925 0
2015-05-15 0.327652680383262 0.336320263857209 0.33602705575953 0
2015-05-18 0.329436656763982 0.334337729381052 0.336225613854966 0
2015-05-19 0.33349290003967 0.331301948078249 0.335205151882081 0
2015-05-20 0.332616596706207 0.330079732367306 0.337303670926487 0
2015-05-21 0.332881375068001 0.329899794543515 0.337218830388484 0
2015-05-22 0.331932797198706 0.329369658835991 0.338697543965302 0
2015-05-25 0.331106230468006 0.328549474737302 0.340344294794692 0
2015-05-26 0.328531012549072 0.327857311396065 0.343611676054862 0
2015-05-27 0.330369817561221 0.327794975944932 0.341835206493848 0
2015-05-28 0.328392273082626 0.32777664141322 0.343831085504154 0
2015-05-29 0.323991233656662 0.328749470986944 0.347259295356394 0
2015-06-01 0.333333333333333 0.333333333333333 0.333333333333333 0
2015-06-02 0.331561257099625 0.334172703335837 0.334266039564537 0
2015-06-03 0.333313436278658 0.334457231568112 0.332229332153231 0
2015-06-04 0.332746071249138 0.333039643037291 0.334214285713571 0
2015-06-05 0.330419813860999 0.333898366113498 0.335681820025503 0
2015-06-08 0.328328141793303 0.334190094661089 0.337481763545608 0
2015-06-10 0.333087604957553 0.337384431049512 0.329527963992935 0
2015-06-11 0.332336306416673 0.335346118769673 0.332317574813654 0
2015-06-12 0.33039331495221 0.334814953418749 0.334791731629041 0
2015-06-15 0.326954360120969 0.33567839869461 0.337367241184421 0
2015-06-16 0.328138529466949 0.337227348200157 0.334634122332894 0
2015-06-17 0.326834805336 0.33849683326952 0.33466836139448 0
2015-06-18 0.329402243682021 0.340785364527299 0.32981239179068 0
2015-06-19 0.327825421858364 0.339123123958205 0.333051454183431 0
2015-06-22 0.334084744036496 0.33483943497277 0.331075820990734 0
2015-06-23 0.333468750931311 0.33229139239589 0.3342398566728 0
2015-06-24 0.332866670225153 0.330478271491181 0.336655058283665 0
2015-06-25 0.333888303413072 0.330041823645039 0.336069872941888 0
2015-06-26 0.33426780327564 0.330900498793161 0.334831697931199 0
2015-06-29 0.33165229783577 0.333788241120345 0.334559461043885 0
2015-06-30 0.328042250566956 0.334764700358388 0.337193049074656 0
2015-07-01 0.333333333333333 0.333333333333333 0.333333333333333 0
2015-07-02 0.330839076817483 0.33273620230785 0.336424720874666 0
2015-07-03 0.329927479968488 0.333048427649781 0.337024092381731 0
2015-07-06 0.329167469171242 0.336514261593608 0.334318269235149 0
2015-07-07 0.322797930025614 0.338388881628507 0.33881318834588 0
2015-07-08 0.329366445262111 0.337963589323201 0.332669965414688 0
2015-07-09 0.333577813694421 0.335164912921745 0.331257273383834 0
2015-07-10 0.339034919625952 0.335033365774313 0.325931714599734 0
2015-07-13 0.339252598461409 0.33436333076112 0.326384070777471 0
2015-07-14 0.337789932376594 0.333383267711515 0.328826799911891 0
2015-07-15 0.337828184297627 0.332700555678099 0.329471260024274 0
2015-07-16 0.340061534295725 0.331118572611751 0.328819893092524 0
2015-07-17 0.339164750048141 0.33085315882358 0.329982091128279 0
2015-07-20 0.340272014055873 0.330426058727912 0.329301927216215 0
2015-07-21 0.337846300620051 0.328451811764187 0.333701887615762 0
2015-07-22 0.337991408636654 0.329731773997679 0.332276817365667 0
2015-07-23 0.338076593261055 0.327857627872762 0.334065778866183 0
2015-07-24 0.336643939950348 0.328153691758241 0.335202368291411 0
2015-07-27 0.332733053374211 0.330455304860552 0.336811641765236 0
2015-07-28 0.334005095547498 0.331799892290349 0.334195012162153 0
2015-07-29 0.334141266789345 0.333084638157052 0.332774095053602 0
2015-07-30 0.333871017385575 0.331374910283362 0.334754072331064 0
2015-07-31 0.334903637842248 0.329829721495666 0.335266640662086 0
2015-08-03 0.333333333333333 0.333333333333333 0.333333333333333 0
2015-08-04 0.334023869992166 0.332762974504337 0.333213155503497 0
2015-08-05 0.337060035160869 0.330394330395836 0.332545634443295 0
2015-08-06 0.33656790583364 0.329089351017045 0.334342743149315 0
2015-08-07 0.334713505408753 0.329082779624309 0.336203714966938 0
2015-08-10 0.334929967135087 0.330600042340006 0.334469990524907 0
2015-08-11 0.330705253343873 0.331379669762342 0.337915076893785 0
2015-08-12 0.325153810091155 0.336816811725195 0.33802937818365 0
2015-08-13 0.325828705895911 0.334867911106788 0.339303382997301 0
2015-08-14 0.325215186739344 0.336465898562957 0.338318914697698 0
2015-08-17 0.323358162102424 0.337217578845136 0.339424259052439 0
2015-08-18 0.323430645028217 0.337395421842156 0.339173933129627 0
2015-08-19 0.321498780216185 0.339537169867108 0.338964049916707 0
2015-08-20 0.319633334501763 0.338521724446875 0.341844941051362 0
2015-08-21 0.319867834421985 0.338156986941787 0.341975178636227 0
2015-08-24 0.318483073988194 0.340676801629074 0.340840124382732 0
2015-08-25 0.335006314472252 0.336971727525134 0.328021958002614 0
2015-08-26 0.324359973355054 0.343588989326275 0.332051037318671 0
2015-08-27 0.327579988865127 0.343921743422457 0.328498267712417 0
2015-08-28 0.324071514180085 0.340562213080519 0.335366272739395 0
2015-08-31 0.325409752982497 0.34089930926984 0.333690937747663 0
2015-09-01 0.333333333333333 0.333333333333333 0.333333333333333 0
2015-09-02 0.332461486155841 0.337433927326715 0.330104586517444 0
2015-09-03 0.33767500605008 0.334241095841353 0.328083898108567 0
2015-09-04 0.335824872216735 0.335991877133833 0.328183250649432 0
2015-09-07 0.33696567857753 0.334779653415867 0.328254668006603 0
2015-09-08 0.340492767045854 0.340993361901277 0.318513871052868 0
2015-09-09 0.334631133543967 0.329246472952045 0.336122393503988 0
2015-09-10 0.334932158285857 0.334105773478296 0.330962068235848 0
2015-09-11 0.332544188634953 0.336674423440109 0.330781387924938 0
2015-09-14 0.334960227686371 0.337565549796043 0.327474222517586 0
2015-09-15 0.334253476518342 0.33967250096683 0.326074022514827 0
2015-09-16 0.333278022024853 0.340234551321249 0.326487426653898 0
2015-09-17 0.332213998373719 0.337748924077802 0.330037077548478 0
2015-09-18 0.329461019977001 0.339524092318415 0.331014887704584 0
2015-09-21 0.329324666092777 0.340873360179427 0.329801973727796 0
2015-09-22 0.322039731384284 0.342721233968445 0.335239034647271 0
2015-09-23 0.323338332223667 0.341540056815465 0.335121610960867 0
2015-09-24 0.322637539268769 0.345809648410346 0.331552812320886 0
2015-09-25 0.325968335042921 0.342350195794295 0.331681469162784 0
2015-09-28 0.324863022483301 0.341881340207531 0.333255637309168 0
2015-09-29 0.328196314421829 0.347624004286099 0.324179681292072 0
2015-09-30 0.32854100602469 0.345419776420507 0.326039217554802 0
2015-10-01 0.333333333333333 0.333333333333333 0.333333333333333 0
2015-10-02 0.332974294364257 0.335528077266698 0.331497628369045 0
2015-10-05 0.33520508738233 0.334837582581117 0.329957330036553 0
2015-10-06 0.335997298737266 0.332917883018354 0.331084818244381 0
2015-10-07 0.335869778759159 0.332939858844819 0.331190362396022 0
2015-10-08 0.336565062176718 0.335597443468549 0.327837494354733 0
2015-10-09 0.336842746181121 0.333088132061277 0.330069121757602 0
2015-10-12 0.337045273367863 0.333445292584086 0.329509434048051 0
2015-10-13 0.336677439802953 0.334990111729972 0.328332448467075 0
2015-10-14 0.337201987730028 0.336346974930839 0.326451037339134 0
2015-10-15 0.337829944371827 0.336242980532115 0.325927075096058 0
2015-10-16 0.337038066685627 0.335585921237343 0.32737601207703 0
2015-10-19 0.339236384633498 0.336069017334675 0.324694598031827 0
2015-10-20 0.338497684739773 0.335624966517205 0.325877348743021 0
2015-10-21 0.338708069422106 0.331929904828015 0.329362025749878 0
2015-10-22 0.342823553434115 0.33395476699284 0.323221679573045 0
2015-10-23 0.345888300631869 0.330445835874958 0.323665863493173 0
2015-10-26 0.345460350634589 0.329387216776689 0.325152432588722 0
2015-10-27 0.344445153606362 0.33098830638629 0.324566540007349 0
2015-10-28 0.345352837144106 0.331269209746239 0.323377953109655 0
2015-10-29 0.344662174950574 0.331116963341621 0.324220861707805 0
2015-10-30 0.345414565163427 0.328615550412571 0.325969884424002 0
2015-11-02 0.333333333333333 0.333333333333333 0.333333333333333 0
2015-11-03 0.332786910912319 0.334440778814436 0.332772310273245 0
2015-11-04 0.329509909986803 0.333437619348391 0.337052470664806 0
