time value.DAX value.Dow.Jones value.Nikkei value.euribor
2012-02-01 33.3333333333333 33.3333333333333 33.3333333333333 0
2012-02-02 33.5297560151008 33.3043687602947 33.5869537287618 0
2012-02-03 34.0891539204872 33.7154378614988 33.4171024466417 0
2012-02-06 34.0798851478075 33.6706125299929 33.78514189128 0
2012-02-07 34.0263338852336 33.7572988984252 33.7409461198776 0
2012-02-08 33.9989260725706 33.7723712273009 34.1120117660351 0
2012-02-09 34.2006399241678 33.7894351114845 34.0615012546574 0
2012-02-10 33.7178176154854 33.5555401116872 33.8531333981545 0
2012-02-13 33.9470893357629 33.7463939872241 34.049921160291 0
2012-02-14 33.8952993346589 33.7575088048516 34.250041797922 0
2012-02-15 34.0451739910001 33.5023799448321 35.038064861196 0
2012-02-16 34.0150480263807 33.8251371780496 34.9539151637134 0
2012-02-17 34.4990289291291 33.9451654436215 35.5065969429361 0
2012-02-20 35.0041695942999 33.9451654436215 35.8884445675796 0
2012-02-21 34.8020547839163 33.986634828048 35.8049377987755 0
2012-02-22 34.47807333881 33.9158066570977 36.1491778188639 0
2012-02-23 34.3047217319142 34.0364390452024 36.3064661379421 0
2012-02-24 34.5816508775321 34.0318774114214 36.5024964283753 0
2012-02-27 34.5069398575736 34.0281016514892 36.4516053366071 0
2012-02-28 34.6985264443839 34.0899908645574 36.7868000181595 0
2012-02-29 34.5395847239803 33.9509327588616 36.7895269200751 0
2012-03-01 35.0933481343057 35.0933481343057 35.0933481343056 0
2012-03-02 34.9902186880949 35.085968717072 35.345178246492 0
2012-03-05 34.712626486817 35.046061791538 35.0616063573476 0
2012-03-06 33.5329509569888 34.4954518228345 34.8412285302077 0
2012-03-07 33.7250557408209 34.7068172777268 34.6186442048132 0
2012-03-08 34.5512588627184 34.8977183895537 35.3160030666899 0
2012-03-09 34.7821380862298 34.9357824404796 35.8972437143125 0
2012-03-12 34.8890097032973 35.0376817341163 35.7530729898307 0
2012-03-13 35.3670475849087 35.6269814904597 35.7864034439415 0
2012-03-14 35.7892219413637 35.6713741479982 36.3338758676096 0
2012-03-15 36.1179752712901 35.8299668879302 36.5969149831209 0
2012-03-16 36.1855639473153 35.7755176283386 36.6205933413484 0
2012-03-19 36.1673665233989 35.7931173361992 36.6645538149609 0
2012-03-20 35.6654661135159 35.6067336423968 36.6645538149609 0
2012-03-21 35.7482727946451 35.4835304126777 36.4639144246854 0
2012-03-22 35.2929841637507 35.2713517679827 36.6106517499383 0
2012-03-23 35.3655813249245 35.3648710041976 36.1927059781513 0
2012-03-26 35.7882617106571 35.7998762995247 36.2171822015087 0
2012-03-27 35.7865930379509 35.6811904878302 37.0736418312486 0
2012-03-28 35.3816558848165 35.4878286915934 36.8112558349114 0
2012-03-29 34.7565575193779 35.540846948877 36.5662217331559 0
2012-03-30 35.1189286961022 35.7198776313636 36.453319710486 0
2012-04-02 35.7640420126506 35.7640420126506 35.7640420126506 0
2012-04-03 35.3871243497636 35.5889480444616 35.5536276386151 0
2012-04-04 34.3825203653161 35.2524597670795 34.7385811319216 0
2012-04-05 34.3379193077397 35.2130669797556 34.553285348812 0
2012-04-06 34.3379193077397 35.2130669797556 34.2732533456397 0
2012-04-10 33.4822684488205 34.2849996923254 33.7410992699666 0
2012-04-11 33.8284209565451 34.5262038178853 33.4606458046077 0
2012-04-12 34.1756400529124 35.0147338734317 33.6942994493736 0
2012-04-13 33.3680820179952 34.6453774641261 34.0947493545621 0
2012-04-16 33.5773454376076 34.83902114062 33.5027404247459 0
2012-04-17 34.468374243577 35.362438864863 33.4817639361723 0
2012-04-18 34.1188240035711 35.1392183429438 34.1982914139579 0
2012-04-19 33.8106329998435 34.954121484746 33.9192508904974 0
2012-04-20 34.2105082167113 35.1298078889265 33.8236682934252 0
2012-04-23 33.0594331996548 34.8545507621564 33.7557814326823 0
2012-04-24 33.4010768527685 35.0551219450247 33.4935442111035 0
2012-04-25 33.9792993848054 35.2955177344256 33.822428082395 0
2012-04-26 34.1587108052321 35.6026187433114 33.825329966642 0
2012-04-27 34.469995154226 35.6664908241379 33.6805016709674 0
2012-04-30 34.2666115598141 35.6269110940964 33.6805016709674 0
2012-05-02 34.5246747749593 34.5246747749593 34.5246747749593 0
2012-05-03 34.4406619619968 34.363402275377 34.5246747749593 0
2012-05-04 33.7565770460507 33.9254346626125 34.5246747749593 0
2012-05-07 33.7977846169889 33.8480534386859 33.5636396231057 0
2012-05-08 33.1560402047491 33.649156278794 33.7937148419981 0
2012-05-09 33.3133117641837 33.396684567494 33.2909826469852 0
2012-05-10 33.5329372803011 33.4486735292175 33.1606566547118 0
2012-05-11 33.8515473919252 33.3590599071843 32.9532902709182 0
2012-05-14 33.1932360469416 33.0331607775959 33.0288533990748 0
2012-05-15 32.9313202647879 32.8683257881119 32.7598051049007 0
2012-05-16 32.8448883575372 32.7812887467142 32.3933295163992 0
2012-05-17 32.4574959613599 32.3752234504839 32.6709178832981 0
2012-05-18 32.2633375484123 32.1849911171122 31.6945350380581 0
2012-05-21 32.5710906024642 32.5365213636934 31.7776426150783 0
2012-05-22 33.1090172518155 32.5321737027774 32.128770513874 0
2012-05-23 32.3380884488574 32.5148465918802 31.4931711500513 0
2012-05-24 32.4931494067648 32.6022724068711 31.5181264289336 0
2012-05-25 32.6168776315478 32.4073315895566 31.5807320742653 0
2012-05-28 32.5307044650174 32.4073315895566 31.6276988930561 0
2012-05-29 32.9096086653855 32.734818848371 31.8629966358817 0
2012-05-30 32.3126213456877 32.3163407451227 31.7750690936853 0
2012-05-31 32.2281463204386 32.2476218055731 31.4421247975652 0
2012-06-01 31.9726309745256 31.9726309745256 31.9726309745256 0
2012-06-04 31.5918311021958 31.927488443329 31.4247934540335 0
2012-06-05 31.5451687399701 31.9973780800028 31.7519733216994 0
2012-06-06 32.2035637396069 32.7541525381186 32.3259873023396 0
2012-06-07 32.4690030220244 32.8759634316666 32.7282450821599 0
2012-06-08 32.3981889364855 33.1219607330733 32.0446421392695 0
2012-06-11 32.4522490567906 32.7447612638092 32.6721077448517 0
2012-06-12 32.5589449559084 33.1736707187929 32.3380693183643 0
2012-06-13 32.5127057641963 32.969412416662 32.531718160071 0
2012-06-14 32.4393552344015 33.3797505915433 32.4599326532907 0
2012-06-15 32.9191874807491 33.6838424002015 32.4615640577095 0
2012-06-18 33.0184830482461 33.6169620913027 33.0362180250933 0
2012-06-19 33.6270419015208 33.8689471377366 32.7894246040419 0
2012-06-20 33.7790764695597 33.8348061803143 33.1547482665109 0
2012-06-21 33.520136995972 33.1730652434925 33.4265861531167 0
2012-06-22 33.0980134275175 33.3503864311855 33.3291531925498 0
2012-06-25 32.4064872226403 32.9859817681514 33.0877385982061 0
2012-06-26 32.4292094468095 33.0704336803448 32.8201845346495 0
2012-06-27 32.9169684117363 33.3140554674408 33.0720941297215 0
2012-06-28 32.4990713960507 33.2487571198431 33.6161435397901 0
2012-06-29 33.9066961208062 33.9817609584825 34.1187123529831 0
2012-07-02 34.0023898107573 34.0023898107573 34.0023898107573 0
2012-07-03 34.4322817245493 34.1933070350851 34.2407275932239 0
2012-07-04 34.3620890319932 34.1933070350851 34.3826518708046 0
2012-07-05 34.2090396191902 34.069172788709 34.2906161052114 0
2012-07-06 33.5523964720907 33.7410727497503 34.0676096251316 0
2012-07-09 33.4344152921753 33.6454967561513 33.5998038672761 0
2012-07-10 33.7001093603944 33.4257865161762 33.4519528622926 0
2012-07-11 33.7813457003986 33.2974265751198 33.4265346885835 0
2012-07-12 33.6007625742077 33.2148449763704 32.9318392190697 0
2012-07-13 34.3217865055928 33.7532777271071 32.9473623001096 0
2012-07-16 34.3669067280853 33.6215098860377 32.9473623001096 0
2012-07-17 34.4292990984827 33.8284346951609 33.06398273625 0
2012-07-18 34.988215834404 34.1009531980714 32.9572573890022 0
2012-07-19 35.3753976509172 34.1925150419317 33.2171224338489 0
2012-07-20 34.7034707802697 33.8734236199752 32.7424826812128 0
2012-07-23 33.6006577836516 33.6063200932679 32.1323764603602 0
2012-07-24 33.449282423537 33.3312140606723 32.0559744221308 0
2012-07-25 33.5336061801639 33.4863599438276 31.5945158310921 0
2012-07-26 34.457144618735 34.0460836855405 31.8860650728058 0
2012-07-27 35.0142825114117 34.5420118430168 32.3526242637518 0
2012-07-30 35.4574186219875 34.535010299563 32.6124561162119 0
2012-07-31 35.4479953600165 34.3650693337053 32.8376127370811 0
2012-08-01 34.2168924769343 34.2168924769343 34.2168924769343 0
2012-08-02 33.4652758607293 33.9604529357625 34.2617532547121 0
2012-08-03 34.7802128811855 34.5334273100798 33.8734535183105 0
2012-08-06 35.0490057001682 34.5896985677049 34.5512293659965 0
2012-08-07 35.298396020346 34.7244179085528 34.8561836443151 0
2012-08-08 35.289276056298 34.7429818609537 35.1644284357605 0
2012-08-09 35.2834013845264 34.715428208825 35.5502341876727 0
2012-08-10 35.1799057527074 34.8281818799531 35.2051325727227 0
2012-08-13 35.0032104709069 34.7266067525414 35.1802275352739 0
2012-08-14 35.3310196207883 34.733752674382 35.3573313136963 0
2012-08-15 35.1912519074703 34.7143466615459 35.3381682375904 0
2012-08-16 35.4419606281103 34.9393544384807 36.0022445782667 0
2012-08-17 35.6678448448383 35.0055141076529 36.278376910587 0
2012-08-20 35.6313724100757 34.9961252640642 36.3126662861365 0
2012-08-21 35.9132329679979 34.8166582727722 36.256282921733 0
2012-08-22 35.5506729725962 34.7353878700158 36.156585436139 0
2012-08-23 35.2052843309105 34.431352609436 36.3402238401273 0
2012-08-24 35.314199505847 34.6963878616346 35.9151368792727 0
2012-08-27 35.7011288765066 34.6085792578782 35.9730630318897 0
2012-08-28 35.4743319252835 34.5514118620585 35.7667777110497 0
2012-08-29 35.5142994784048 34.5632522096488 35.911374634402 0
2012-08-30 34.9313267492665 34.2817079414514 35.5707467204136 0
2012-08-31 35.3127821648135 34.5193723717073 35.0011015001466 0
2012-09-03 34.9444186788891 34.9444186788891 34.9444186788891 0
2012-09-04 34.5346898038658 34.7978713121118 34.911081499482 0
2012-09-05 34.6946452816062 34.8286760549085 34.5304059129562 0
2012-09-06 35.704098355984 35.481391462648 34.533389592745 0
2012-09-07 35.9390756091877 35.5204702379688 35.2935519523998 0
2012-09-10 35.9350913757179 35.3807292682242 35.2844804758044 0
2012-09-11 36.4153567229642 35.565104141381 35.0378684647585 0
2012-09-12 36.5818382675773 35.5917692585972 35.6448685912803 0
2012-09-13 36.4164026449622 36.1430247892642 35.7848645576105 0
2012-09-14 36.9235700728056 36.2858626555777 36.438247693113 0
2012-09-17 36.8815264504236 36.1783653896473 36.438247693113 0
2012-09-18 36.6025621099822 36.2091701324439 36.2965423288929 0
2012-09-19 36.8171147050546 36.2447271020465 36.7279443545891 0
2012-09-20 36.8107905236787 36.2953645012059 36.1501866212453 0
2012-09-21 37.1202909135501 36.24875724036 36.2417638337662 0
2012-09-24 36.9287023840185 36.1939020134802 36.0798098499854 0
2012-09-25 36.988229922085 35.9233067077406 36.1683256837177 0
2012-09-26 36.2479776354933 35.8057471332756 35.4329884747914 0
2012-09-27 36.3152790479273 35.9991702630987 35.604728773128 0
2012-09-28 35.9472946060309 35.8687981878701 35.2876234403332 0
2012-10-01 35.7012387447447 35.7012387447447 35.7012387447447 0
2012-10-02 35.5995441235861 35.614727015396 35.6587862749748 0
2012-10-03 35.6785809885704 35.6470863645417 35.4997728216346 0
2012-10-04 35.5963773211345 35.8603939109512 35.8152036689382 0
2012-10-05 36.0478860242683 35.9522945655466 35.9723107030033 0
2012-10-08 35.528158983105 35.882292708211 35.9723107030033 0
2012-10-09 35.2519713112522 35.5914016595311 35.5919823933192 0
2012-10-10 35.1092010254174 35.2517987538677 34.8883914691737 0
2012-10-11 35.4818203808501 35.2027179976623 34.6876944540696 0
2012-10-12 35.2420331127132 35.2092161802651 34.6363123418541 0
2012-10-15 35.3821719297587 35.4611723068412 34.8141164931802 0
2012-10-16 35.94263440151 35.7981052571353 35.3148622140121 0
2012-10-17 36.0317070123841 35.8118935810894 35.741986932251 0
2012-10-18 36.2396763413346 35.7906035860205 36.4575553905494 0
2012-10-19 35.9639288385625 35.247942150787 36.5379935262556 0
2012-10-22 35.707669906744 35.2542287983432 36.5705849404852 0
2012-10-23 34.955514665277 34.6113756568325 36.5849524317819 0
2012-10-24 35.0488770986287 34.5448331354333 36.3416404499364 0
2012-10-25 35.084837333264 34.6144119279589 36.7511516093227 0
2012-10-26 35.2389138974251 34.6237374248232 36.2554354980974 0
2012-10-29 35.0991153144678 34.6237374248232 36.2403387347761 0
2012-10-30 35.4949753469005 34.6237374248232 35.8857847143256 0
2012-10-31 35.3791502618213 34.5953404449606 36.2360780291169 0
2012-11-01 35.4035229119663 35.4035229119663 35.4035229119663 0
2012-11-02 35.5395265104498 35.0304014982999 35.8164431578375 0
2012-11-05 35.359123144662 35.0819853582061 35.6432047712129 0
2012-11-06 35.6066575639149 35.4384634465717 35.5154303517103 0
2012-11-07 34.9071956764131 34.6011761408692 35.5064844001594 0
2012-11-08 34.7726884894403 34.2763464973753 34.9693526621987 0
2012-11-09 34.5725937885064 34.2872338975303 34.654563479348 0
2012-11-12 34.5979785520076 34.2864056512351 34.3334097333265 0
2012-11-13 34.5997176835416 34.1288192255347 34.2725077265139 0
2012-11-14 34.2753950697016 33.6332426472445 34.2870724257384 0
2012-11-15 33.9930614706749 33.556803537941 34.9399488953244 0
2012-11-16 33.5447536639519 33.6796871930046 35.7093661432661 0
2012-11-19 34.3811853341228 34.2352502871194 36.2199885081328 0
2012-11-20 34.6183957016829 34.2153174886979 36.1781995291057 0
2012-11-21 34.6749576282388 34.3447565752673 36.4942909924904 0
2012-11-22 34.9658832081773 34.3447565752673 37.0652202582007 0
2012-11-23 35.2754349678778 34.8066519723 37.0652202582007 0
2012-11-26 35.1929062121162 34.6938535970938 37.1528325867829 0
2012-11-27 35.3874041055268 34.4550937263234 37.2887955441239 0
2012-11-28 35.4408789482488 34.7413171236466 36.833927881511 0
2012-11-29 35.7186267015639 34.839533644522 37.2000780136544 0
2012-11-30 35.7405379075569 34.8495927983817 37.3786607834846 0
2012-12-03 35.9895971631411 35.9895971631411 35.9895971631411 0
2012-12-04 35.9891622797438 35.9512377851948 35.8917302749649 0
2012-12-05 36.0832102821261 36.1808220903975 36.0301604356514 0
2012-12-06 36.4703972363273 36.2906034805958 36.3205690951243 0
2012-12-07 36.3893673419145 36.5156907042948 36.2529500135038 0
2012-12-10 36.4528743212789 36.5566333968169 36.2771519755987 0
2012-12-11 36.7376370676441 36.7746998592028 36.2450759223475 0
2012-12-12 36.8588415691022 36.7663996373605 36.4586945486625 0
2012-12-13 36.7000268466528 36.5589646154378 37.0723496925353 0
2012-12-14 36.7701657833049 36.4598417711531 37.0526737529655 0
2012-12-17 36.8111628806863 36.7384738148231 37.4001593565486 0
2012-12-18 37.046601953123 37.059271088711 37.7583357374099 0
2012-12-19 37.1188207586849 36.7844963962801 38.6616377728847 0
2012-12-20 37.1362467732087 36.9503489981917 38.2009495710297 0
2012-12-21 36.9626200560365 36.6148135485795 37.8232124470847 0
2012-12-24 36.9626200560365 36.4707225956383 37.8232124470847 0
2012-12-27 37.0577339932318 36.352418705026 39.2802760000052 0
2012-12-28 36.8472250166895 35.9132931497843 39.5550033675345 0
2012-12-31 36.8472250166895 36.3741532457703 39.5550033675345 0
2013-01-02 37.5921272099981 37.5921272099981 37.5921272099981 0
2013-01-03 37.4841665425527 37.5327383074951 37.5921272099981 0
2013-01-04 37.5804821257441 37.6556381366552 38.6514534665235 0
2013-01-07 37.3692471429227 37.5129219333101 38.3292386839099 0
2013-01-08 37.1912602329449 37.357535841371 38.0003351497312 0
2013-01-09 37.310337413451 37.5303543210361 38.2553234099144 0
2013-01-10 37.2523456025258 37.7565647854994 38.523180626898 0
2013-01-11 37.2864620399136 37.804800136167 39.0617591444989 0
2013-01-14 37.3540719618234 37.8577459779949 39.0617591444989 0
2013-01-15 37.0949942037559 37.9350161466858 39.3420580013674 0
2013-01-16 37.1685458312989 37.8687052006254 38.3344123994874 0
2013-01-17 37.3827776231049 38.1063483968156 38.3676795659692 0
2013-01-18 37.2221887251718 38.2568022910522 39.4658069281859 0
2013-01-21 37.4475346717049 38.2568022910522 38.8670932319668 0
2013-01-22 37.1930960748707 38.432002018882 38.7303588129598 0
2013-01-23 37.2478503866326 38.6201234434655 37.9241420311018 0
2013-01-24 37.4440069331933 38.7490502975537 38.4082923530443 0
2013-01-25 37.9748269136348 38.9470662247653 39.5140867023027 0
2013-01-28 37.8541545813815 38.9076852901606 39.1439912083067 0
2013-01-29 37.9293981055103 39.1108578515028 39.2973592177871 0
2013-01-30 37.7493346682607 38.9875365128097 40.1914196844832 0
2013-01-31 37.5789341696657 38.847847506393 40.2807784089253 0
2013-02-01 38.902520028328 38.902520028328 38.902520028328 0
2013-02-04 37.9333072374875 38.5423401582779 39.1424067445287 0
2013-02-05 38.0645659177281 38.8178544526448 38.4004980196668 0
2013-02-06 37.6499840397523 38.8379022573965 39.849452361492 0
2013-02-07 37.6980072235461 38.7199719128507 39.4786202040483 0
2013-02-08 38.0023884592607 38.8558132238262 38.7698025791397 0
2013-02-11 37.9110100672161 38.7954745582013 38.7698025791397 0
2013-02-12 38.0423657431515 38.9272618353987 39.5205068580937 0
2013-02-13 38.2991214868567 38.8278797101037 39.1113320694475 0
2013-02-14 37.8983446921007 38.8014430717159 39.3055436987855 0
2013-02-15 37.7112157815049 38.8246852960625 38.8416538557337 0
2013-02-18 37.8861279276605 38.8246852960625 39.6552067842966 0
2013-02-19 38.5005525966443 38.9743835369128 39.5316990384626 0
2013-02-20 38.3835961155955 38.6741274354753 39.8652001663637 0
2013-02-21 37.6618516127386 38.5438397437789 39.3119731782823 0
2013-02-22 38.050908749094 38.8769186015204 39.5789764044114 0
2013-02-25 38.6035512179355 38.2760159125666 40.5404005203842 0
2013-02-26 37.7290947385334 38.598014650073 39.623711171077 0
2013-02-27 38.1200384662314 39.0846234210807 39.1202294636362 0
2013-02-28 38.4471654828927 39.0266439606937 40.1818060997792 0
2013-03-01 39.2185385144552 39.2185385144552 39.2185385144552 0
2013-03-04 39.1346896170183 39.3247572259949 39.3736712293448 0
2013-03-05 40.0435450124028 39.675336604172 39.4789629560091 0
2013-03-06 40.2929551782819 39.7935537139461 40.3197359455569 0
2013-03-07 40.3969520642231 39.8861050168993 40.4407415761584 0
2013-03-08 40.6345591402534 40.0742140175784 41.5069671604597 0
2013-03-11 40.6234665689142 40.2140005188657 41.7280573509139 0
2013-03-12 40.5310193738196 40.2217095024032 41.6123578831532 0
2013-03-13 40.5553907316022 40.2362413178913 41.3584242520807 0
2013-03-14 41.0003804281748 40.4696637064956 41.8366621314009 0
2013-03-15 40.921415740029 40.3999947153136 42.4440793741647 0
2013-03-18 40.7578394541808 40.2272764980695 41.2941200071641 0
2013-03-19 40.4377573170555 40.2377445152777 42.1307747794644 0
2013-03-20 40.7134219732344 40.3933703161399 42.1307747794644 0
2013-03-21 40.3600124385068 40.1421868175518 42.6966303689172 0
2013-03-22 40.2523536408669 40.3942048199242 41.692511325792 0
2013-03-25 40.0465460891766 40.2152808193126 42.3951161482544 0
2013-03-26 40.0911672906282 40.526755315193 42.1422285697056 0
2013-03-27 39.6303026736781 40.4335353186378 42.21714184573 0
2013-03-28 39.6619506592685 40.5793346094705 41.683826112902 0
2013-04-02 40.6417037938803 40.6417037938803 40.6417037938803 0
2013-04-03 40.2880777551941 40.3321924036413 41.8564436686055 0
2013-04-04 39.9946184554613 40.4867559073151 42.7785430650959 0
2013-04-05 39.182998254877 40.3734948776609 43.4526626746393 0
2013-04-08 39.2029006190072 40.5071851742997 44.6680109477392 0
2013-04-09 39.0743309068431 40.6734426510356 44.6671975502383 0
2013-04-10 39.9600322604967 41.0304093829701 44.9914943242758 0
2013-04-11 40.2721148971603 41.2047606072153 45.8753013121325 0
2013-04-12 39.6230860359829 41.204538638576 45.6585380544221 0
2013-04-15 39.4586535983158 40.4676016059305 44.9492738119474 0
2013-04-16 39.3049155265842 40.9043986723697 44.7656944432875 0
2013-04-17 38.3863166929258 40.5213478783653 45.3123358171499 0
2013-04-18 38.2364157027925 40.2955756416381 44.7610554416549 0
2013-04-19 38.1659667874412 40.3243206275432 45.0874848993484 0
2013-04-22 38.258823660742 40.3788167197874 45.9403431847595 0
2013-04-23 39.180235356598 40.800950298647 45.809244350845 0
2013-04-24 39.6960405451534 40.6813144299056 46.8717536438661 0
2013-04-25 40.0737632567489 40.7492261117857 47.1514922194072 0
2013-04-26 39.9811611912468 40.7817960000342 47.0094555312605 0
2013-04-29 40.2816826191969 41.0761728922152 47.0094555312605 0
2013-04-30 40.4874011544268 41.1345209600028 46.9306686002828 0
2013-05-02 42.8508635715708 42.8508635715708 42.8508635715708 0
2013-05-03 43.7151245215924 43.2622223687915 42.8508635715708 0
2013-05-06 43.6601733053304 43.247573404252 42.8508635715708 0
2013-05-07 44.0353053624218 43.4998278719607 44.372262527984 0
2013-05-08 44.4009135946267 43.6411655374374 44.702233226881 0
2013-05-09 44.4700191518775 43.5761593529789 44.4074350391733 0
2013-05-10 44.5563485366753 43.6797939948566 45.7093526486546 0
2013-05-13 44.5601170688832 43.6023339371363 46.2559230527401 0
2013-05-14 44.8820770603585 43.959348803601 46.1814801773981 0
2013-05-15 45.0075319197887 44.1339711032155 47.2379175070576 0
2013-05-16 45.0476297494121 44.0112662875134 47.0539539774212 0
2013-05-17 45.199028102859 44.3613770695925 47.3696234286012 0
2013-05-20 45.5102764144466 44.3061359177003 48.0664547028019 0
2013-05-21 45.5983823180343 44.4572386186322 48.1296949357157 0
2013-05-22 45.9142558873947 44.2249205104871 48.900220411453 0
2013-05-23 44.9513455504716 44.1883150310824 45.3227147929193 0
2013-05-24 44.7002150732714 44.2131607097012 45.7247173200205 0
2013-05-27 45.1199099167525 44.2131607097012 44.2546378365502 0
2013-05-28 45.6450448624649 44.5202500377602 44.7844990061011 0
2013-05-29 44.868458826775 44.2122945268512 44.8298076757494 0
2013-05-30 45.2108698122704 44.2750774073479 42.5222710492959 0
2013-05-31 44.9344423357019 43.6713578620505 43.1027610764479 0
2013-06-03 43.9028537580668 43.9028537580668 43.9028537580668 0
2013-06-04 43.9566880110689 43.6827060661374 44.8031010694564 0
2013-06-05 43.4279956896812 43.0582984496973 43.0853326303826 0
2013-06-06 42.9120763236491 43.2886347810704 42.7183651288134 0
2013-06-07 43.7379617768774 43.8858436492686 42.6306732439308 0
2013-06-10 44.0188426705032 43.8584144273314 44.7383497031295 0
2013-06-11 43.5672434399762 43.5229116577303 44.0875773194641 0
2013-06-12 43.1476503432742 43.1579981530704 43.9938916736729 0
2013-06-13 42.8939556426089 43.6785041304438 41.2000524899689 0
2013-06-14 43.0665289914285 43.3737106265708 41.9983379781108 0
2013-06-17 43.531586785206 43.6893532742614 43.1457487016485 0
2013-06-18 43.6045972941873 44.0876293069403 43.0602066821086 0
2013-06-19 43.4327664651556 43.4946223744358 43.8478980251125 0
2013-06-20 42.0095712275902 42.4761434700506 43.0843724650734 0
2013-06-21 41.2718003002429 42.5943766627497 43.7979435544005 0
2013-06-24 40.758951929843 42.1918986943772 43.24393774815 0
2013-06-25 41.388684384142 42.4818687833939 42.9346060430773 0
2013-06-26 42.0758576289955 42.9130969824513 42.486599925989 0
2013-06-27 42.3395130130437 43.2422111224169 43.7430557092476 0
2013-06-28 42.1724503790849 42.91154268809 45.2783539011332 0
2013-07-01 43.4541156561027 43.4541156561027 43.4541156561027 0
2013-07-02 43.0559823665914 43.3306452660362 44.226550350737 0
2013-07-03 42.6126730308548 43.4930290469437 44.0910962761971 0
2013-07-04 43.5106660999062 43.4930290469437 43.9761914482674 0
2013-07-05 42.4857501234264 43.92095450314 44.8891593252038 0
2013-07-08 43.3704075000605 44.1787798095322 44.2598004268135 0
2013-07-09 43.8559509424851 44.3982981517404 45.4002589763413 0
2013-07-10 43.90346564257 44.3731115624478 45.2236482062596 0
2013-07-11 44.4059351553023 44.8642670290964 45.3992541816726 0
2013-07-12 44.6996764175449 44.8740747232183 45.5048738665468 0
2013-07-15 44.8196338335921 44.9319942406023 45.5048738665468 0
2013-07-16 44.6358894139129 44.8379469299999 45.7961995337631 0
2013-07-17 44.9279989316219 44.892123031438 45.8461389765947 0
2013-07-18 45.376315125383 45.118521778881 46.4530064387942 0
2013-07-19 45.3462739445797 45.1045937762593 45.7673086685415 0
2013-07-22 45.3434941268767 45.1098447624206 45.9810263235149 0
2013-07-23 45.2518983057279 45.1742366186083 46.3589296225668 0
2013-07-24 45.6050203268879 45.1002410986125 46.2107747154236 0
2013-07-25 45.1688970644542 45.1390383077817 45.6826732325604 0
2013-07-26 44.8746083369096 45.1483812607078 44.3245483139071 0
2013-07-29 44.9514599590689 45.0414204434735 42.8538038569877 0
2013-07-30 45.0167139456886 45.0374163195473 43.5084480033936 0
2013-07-31 45.0436563989704 44.9763343090851 42.8763596218954 0
2013-08-01 44.298783443317 44.298783443317 44.298783443317 0
2013-08-02 44.2788215485064 44.3847867565522 45.7549508142756 0
2013-08-05 44.233733690905 44.2537430545239 45.0966886621836 0
2013-08-06 43.7141534899102 43.9890231500797 45.5490444729736 0
2013-08-07 43.507426231611 43.852764276259 43.726839919063 0
2013-08-08 43.8120650128555 43.9311413627673 43.0329612152018 0
2013-08-09 43.917347165767 43.7247544560165 43.0634226175952 0
2013-08-12 44.0276390812194 43.7082286664072 42.7605414111867 0
2013-08-13 44.325272431342 43.797036102169 43.859869937801 0
2013-08-14 44.4430429805608 43.4757382040691 44.4391863450951 0
2013-08-15 44.1173878848827 42.8366275000362 43.4991114532433 0
2013-08-16 44.1998175007487 42.7495473830243 43.173870676812 0
2013-08-19 44.0647185197109 42.5490593757469 43.5155251500507 0
2013-08-20 43.7157325385458 42.5270914244652 42.3713477540747 0
2013-08-21 43.6387293104331 42.228212688028 42.4597512961124 0
2013-08-22 44.2311516542815 42.4158343808775 42.2726339132855 0
2013-08-23 44.3317532281844 42.5484060970635 43.206889574252 0
2013-08-26 44.4274016222454 42.3668521621165 43.1301275841337 0
2013-08-27 43.4130379942472 41.8840388904644 42.8330995875952 0
2013-08-28 42.9671408973259 42.0211752663039 42.18815310161 0
2013-08-29 43.1601736097876 42.067776884797 42.5716541638411 0
2013-08-30 42.6787761230104 41.9809237548306 42.3475642643759 0
2013-09-02 42.3357547140723 42.3357547140723 42.3357547140723 0
2013-09-03 42.0114006383568 42.4033601309298 43.6006274796138 0
2013-09-04 42.0895102117692 42.6803809841622 43.8359027737541 0
2013-09-05 42.2901026171953 42.6992768917409 43.8700578982414 0
2013-09-06 42.4990601428732 42.6564547307261 43.2337210759524 0
2013-09-09 42.5024001702047 43.0584219383012 44.3080159795 0
2013-09-10 43.3765503578584 43.424141052737 44.9883922931869 0
2013-09-11 43.6291639906794 43.8115866910553 44.9937258873985 0
2013-09-12 43.6202773015292 43.7373792927502 44.8758201897584 0
2013-09-13 43.6994651133503 43.9529696086214 44.930094339281 0
2013-09-16 44.2313925592266 44.2923366244109 44.930094339281 0
2013-09-17 44.1489700321799 44.3922429037544 44.6400148861468 0
2013-09-18 44.3498131900077 44.8130473961189 45.2441612733698 0
2013-09-19 44.6482845420159 44.6975894723891 46.0576917072807 0
2013-09-20 44.5535400107259 44.1674461029296 45.9835818155831 0
2013-09-23 44.3458613233239 44.0253485521799 45.9835818155831 0
2013-09-24 44.4963783436899 43.8344270393592 45.9529844532059 0
2013-09-25 44.5016692357992 43.6591130037861 45.603391678759 0
2013-09-26 44.4938106325231 43.8164467569764 46.160437316209 0
2013-09-27 44.4805106949404 43.6161791799071 46.0386357454628 0
2013-09-30 44.135875711772 43.248656734369 45.0895752908881 0
2013-10-01 44.158035912343 44.158035912343 44.158035912343 0
2013-10-02 43.8545414454322 43.9878167331676 43.2000776295364 0
2013-10-03 43.6944094375483 43.5905866103654 43.1597135258824 0
2013-10-04 43.8217616819585 43.8117869516046 42.7544320711644 0
2013-10-07 43.662240106294 43.4154850465935 42.2331551712521 0
2013-10-08 43.4808620466112 42.9512527287574 42.3590317573032 0
2013-10-09 43.2816523956789 43.0281360722847 42.7956803891475 0
2013-10-10 44.1409090443741 43.9672681448623 43.2739137544191 0
2013-10-11 44.3394139720258 44.2900305750767 43.9142108752895 0
2013-10-14 44.3342277705446 44.4764950320373 43.9142108752895 0
2013-10-15 44.7439922070435 44.0891744418603 44.0263985559202 0
2013-10-16 44.9551971201771 44.687436691123 44.1044413813852 0
2013-10-17 44.7823105361797 44.6811009488698 44.4683524584963 0
2013-10-18 45.0522609555279 44.7624891404267 44.3922298877894 0
2013-10-21 45.0630353532905 44.7408334983129 44.7947366429449 0
2013-10-22 45.4708146361799 44.9601745611966 44.85473203021 0
2013-10-23 45.3305539688687 44.8022521756407 43.9791751147936 0
2013-10-24 45.6393835240355 45.0809482572142 44.1631893447805 0
2013-10-25 45.6653542267891 45.258462623339 42.9491789052873 0
2013-10-28 45.6293237848248 45.2545368493857 43.8876875092531 0
2013-10-29 45.8498291181749 45.5784034877286 43.6741042942257 0
2013-10-30 45.7900116292144 45.3993789898699 44.2117822724493 0
2013-10-31 45.9102024487231 45.1871599605581 43.6800794204177 0
2013-11-01 44.925813943233 44.925813943233 44.925813943233 0
2013-11-04 45.072445982746 44.993625545432 44.925813943233 0
2013-11-05 44.9321992048356 44.933495287823 45.0011031956061 0
2013-11-06 45.0905984287237 45.3036495444802 45.3552169258417 0
2013-11-07 45.2908939139587 44.8637591332445 45.0108159462073 0
2013-11-08 45.2771785144369 45.3465178492905 44.5627443438595 0
2013-11-11 45.424706733117 45.4078534112458 45.1417805036374 0
2013-11-12 45.2682021395566 45.3145534568674 46.1504111828187 0
2013-11-13 45.1602225896049 45.5187047064305 46.0823354370006 0
2013-11-14 45.6331798283138 45.6757592581664 47.060629221189 0
2013-11-15 45.7280917595569 45.9216858921373 47.9764759618184 0
2013-11-18 46.0110741566617 45.9628825091607 47.9713508190836 0
2013-11-19 45.8507802924711 45.9370204846122 47.8519618544455 0
2013-11-20 45.8945711841457 45.7465349476814 47.6922730161186 0
2013-11-21 45.8646953832225 46.060615954448 48.6081506477386 0
2013-11-22 45.9792063061749 46.2182155609745 48.6591456719577 0
2013-11-25 46.3827390752323 46.2405712513608 49.410178428362 0
2013-11-26 46.333463968842 46.2413185960993 49.08152976916 0
2013-11-27 46.6379935728028 46.3118919985434 48.8739753679903 0
2013-11-28 46.8187387684654 46.3118919985434 49.7517990417015 0
2013-11-29 46.9081616172728 46.2804754688552 49.5453845892576 0
2013-12-02 47.5780072251285 47.5780072251285 47.5780072251285 0
2013-12-03 46.6744181280875 47.2981954950103 47.8654793470395 0
2013-12-04 46.2555633527016 47.2243396400698 46.8269440183202 0
2013-12-05 45.9737999109357 47.0214718565049 46.1265727729789 0
2013-12-06 46.4163853583986 47.6119791186789 46.498473137673 0
2013-12-09 46.5315596747839 47.6278200919095 47.5632359203445 0
2013-12-10 46.1230333281935 47.4720863155445 47.4450120448094 0
2013-12-11 45.9341268950491 47.0869167265256 47.1524944703653 0
2013-12-12 45.6299423661185 46.7775301508941 46.6259954828467 0
2013-12-13 45.5766051838953 46.8248760287534 46.8122647175312 0
2013-12-16 46.371597543262 47.208887579331 46.0518703854859 0
2013-12-17 45.9746597901712 47.181216669084 46.4339506930372 0
2013-12-18 46.4636490318408 48.0511496525251 47.373562492253 0
2013-12-19 47.2429066011394 48.0841695769564 48.1984466194141 0
2013-12-20 47.5689982693355 48.2091704723389 48.2324856207097 0
2013-12-23 48.017558385163 48.4275251484417 48.2324856207097 0
2013-12-24 48.017558385163 48.6145809832941 48.2899563008706 0
2013-12-27 48.5264829726621 48.9737775250379 49.1701237575038 0
2013-12-30 48.3380855484323 49.0506895434327 49.5116297136095 0
2013-12-31 48.3380855484323 49.2657761824498 49.5116297136095 0
2014-01-02 49.0384971481639 49.0384971481639 49.0384971481639 0
2014-01-03 49.2216622080231 49.1239215957175 49.0384971481639 0
2014-01-06 49.1843597681179 48.9900293765023 47.8873449320242 0
2014-01-07 49.592317609104 49.3057106929141 47.6028609333284 0
2014-01-08 49.5487030024672 49.1022975129761 48.5272031701853 0
2014-01-09 49.1510260020993 49.0486683919058 47.8014071180592 0
2014-01-10 49.4203707932611 49.025675325769 47.8969161129788 0
2014-01-13 49.6130270364427 48.4914550430307 47.8969161129788 0
2014-01-14 49.7713051232697 48.8372015236785 46.4229922304457 0
2014-01-15 50.7797191138342 49.1595617199037 47.5858850198099 0
2014-01-16 50.6957300428561 48.9659003510683 47.4006726430448 0
2014-01-17 50.827455232095 49.0898310443526 47.3623232441833 0
2014-01-20 50.6862898071851 49.0898310443526 47.0830451951495 0
2014-01-21 50.7604718308792 48.9582340530017 47.5474444931323 0
2014-01-22 50.7082524966669 48.8356490398082 47.6226970333554 0
2014-01-23 50.2435869982313 48.3107349152142 47.2462226829653 0
2014-01-24 48.9966554478038 47.361544291089 46.330158225533 0
2014-01-27 48.7733757534952 47.2385689706586 45.1687734278425 0
2014-01-28 49.0743374436854 47.509033116127 45.0918041875405 0
2014-01-29 48.7082213030594 46.943020420937 46.3071327121442 0
2014-01-30 48.8999401428429 47.2705740119702 45.172774156901 0
2014-01-31 48.5504119179315 46.8238928122412 44.8942515711286 0
2014-02-03 46.7561854337671 46.7561854337671 46.7561854337671 0
2014-02-04 46.4578841242875 46.9765121259891 44.8031184783834 0
2014-02-05 46.3988958542051 46.9612749860867 45.3529366410383 0
2014-02-06 47.1127692211383 47.5339865717864 45.2721486384307 0
2014-02-07 47.343533238615 48.0375043095629 46.2549506355687 0
2014-02-10 47.2821542267631 48.060954063074 47.0734874463026 0
2014-02-11 48.2436361649072 48.6478988634565 47.0734874463026 0
2014-02-12 48.5552779301154 48.5541325241171 47.334850652802 0
2014-02-13 48.8442150743153 48.7477214501088 46.4862830449852 0
2014-02-14 49.1782532973858 49.1333815266071 45.7771907712321 0
2014-02-17 49.1495444803444 49.1333815266071 46.0333099146586 0
2014-02-18 49.1649178091573 49.0604184904043 47.4729548456846 0
2014-02-19 49.1662896331794 48.7871687155109 47.2276143096993 0
2014-02-20 48.9565949824923 49.0690261385516 46.2126357905585 0
2014-02-21 49.1505136976422 48.9779923845255 47.5446914442197 0
2014-02-24 49.4151258894742 49.2938200162067 47.4551706189919 0
2014-02-25 49.3663119503513 49.210241472293 48.1393481024879 0
2014-02-26 49.1748436276896 49.2672693714398 47.8814705308085 0
2014-02-27 48.8012611973768 49.4930701519312 47.7284024733965 0
2014-02-28 49.3293125689963 49.6422842431389 47.4660148105237 0
2014-03-03 48.8125372075529 48.8125372075529 48.812537207553 0
2014-03-04 50.013492823856 49.5004357962549 49.0432371142173 0
2014-03-05 49.7676755374148 49.3926511924185 49.6300624336221 0
2014-03-06 49.7721118821453 49.5789612968383 50.4200059550682 0
2014-03-07 48.7700837877777 49.6720396931597 50.8841385612032 0
2014-03-10 48.3254510424998 49.5692672290306 50.3713329320685 0
2014-03-11 48.5460203813676 49.3656917718588 50.7177016210017 0
2014-03-12 47.924840485635 49.3319689111254 49.406057871332 0
2014-03-13 47.0334867024161 48.6339870743861 49.3580550373911 0
2014-03-14 47.2349150736145 48.5035033699488 47.7312615264681 0
2014-03-17 47.8841544666793 49.051616310236 47.5647237312634 0
2014-03-18 48.2057512394791 49.3202257621753 48.0097983496994 0
2014-03-19 48.3856905909405 48.9759890063555 48.182133575259 0
2014-03-20 48.4851543466926 49.3047058166504 47.3866951851364 0
2014-03-21 48.7293519338359 49.2193254763396 47.3866951851364 0
2014-03-24 47.9252530474506 49.1405906480143 48.2231092267463 0
2014-03-25 48.7056727549006 49.4158986782653 48.0495117112396 0
2014-03-26 49.2803296077414 49.1173431591484 48.2293068123356 0
2014-03-27 49.2940461132903 49.1029730594987 48.7147910029875 0
2014-03-28 50.0032703858494 49.2805826775513 48.9584521634333 0
2014-03-31 49.8401239447741 49.686952284816 49.3975309029551 0
2014-04-01 49.6415357108484 49.6415357108484 49.6415357108484 0
2014-04-02 49.7431084978776 49.7628143673412 50.1594634512741 0
2014-04-03 49.7713310077639 49.7614655227321 50.5808381161457 0
2014-04-04 50.1173912344157 49.281523421983 50.5536199851122 0
2014-04-07 49.1615409485482 48.7805598786102 49.6981153362325 0
2014-04-08 49.0578531170182 48.8113956213721 49.0203101722801 0
2014-04-09 49.1382804677959 49.3549943605006 47.9893903325654 0
2014-04-10 48.8704770220689 48.5534087101804 47.9908323509969 0
2014-04-11 48.1506943676773 48.1226202354303 46.8495652009859 0
2014-04-14 48.2741293807638 48.5624782165544 46.6821368324393 0
2014-04-15 47.41886755007 48.8306723598467 46.9729300192492 0
2014-04-16 48.1637733379916 49.3179715262273 48.3853592232858 0
2014-04-17 48.6387505406367 49.2689967647121 48.3848577904197 0
2014-04-18 48.6387505406367 49.2689967647121 48.7162241802381 0
2014-04-22 49.6228233415596 49.5867667867816 48.2883374859524 0
2014-04-23 49.3338795096899 49.5485769119711 48.816903402423 0
2014-04-24 49.3570844650902 49.5485769119711 48.3427737446635 0
2014-04-25 48.5965707291759 49.1276349977632 48.4242216648151 0
2014-04-28 48.8281962549525 49.3897065613443 47.9509310005738 0
2014-04-29 49.5402758910032 49.6498223048963 47.9509310005738 0
2014-04-30 49.6390572187513 49.7863546256916 48.0042234762014 0
2014-05-02 49.1432117735481 49.1432117735481 49.1432117735481 0
2014-05-05 49.006831251947 49.1957693060826 49.1432117735481 0
2014-05-06 48.6881429730427 48.8102776441682 49.1432117735481 0
2014-05-07 48.9646605638104 49.1600218125645 47.70177063745 0
2014-05-08 49.40744527327 49.2565400441704 48.1447818286773 0
2014-05-09 49.2739926392045 49.3528722725619 48.2665038513255 0
2014-05-12 49.8963028529827 49.6865794759418 48.0963074596126 0
2014-05-13 50.1635646863737 49.7460075029535 49.03420336228 0
2014-05-14 50.1633587748858 49.4440312843199 48.9673058775506 0
2014-05-15 49.6576319171027 48.9465540628593 48.6017282000069 0
2014-05-16 49.5190366384859 49.0789883515363 47.9163916332048 0
2014-05-19 49.674807542509 49.1401427205099 47.6099604555561 0
2014-05-20 49.5703626430086 48.7307874265137 47.8438543505137 0
2014-05-21 49.8726989167447 49.2032384987782 47.7314102778517 0
2014-05-22 49.9911856477706 49.2330571383481 48.7362667330358 0
2014-05-23 50.2334022005071 49.4211122003694 49.1590523323243 0
2014-05-26 50.8752584748431 49.4211122003694 49.6361213897938 0
2014-05-27 51.1221054133072 49.6271456367017 49.7516924132511 0
2014-05-28 51.1136180441661 49.5011982116161 49.8687273272745 0
2014-05-29 51.1122319420376 49.6963097683529 49.9053345577273 0
2014-05-30 51.1347008760526 49.7511574676971 49.7376211380713 0
2014-06-02 50.2078264939403 50.2078264939403 50.2078264939403 0
2014-06-03 50.0545310686957 50.1439827795153 50.5383678681002 0
2014-06-04 50.0894979403184 50.189530213473 50.6516855533746 0
2014-06-05 50.196271067531 50.4851346432208 50.6900413517258 0
2014-06-06 50.3948815064723 50.7495229460351 50.6828816456832 0
2014-06-09 50.5030639528842 50.805957955109 50.8400668897449 0
2014-06-10 50.6048404070641 50.8144150088362 50.405754105034 0
2014-06-11 50.2062594887473 50.5084383891979 50.6567968155028 0
2014-06-12 50.1502021179923 50.1795152824535 50.3342555312709 0
2014-06-13 50.0198647894676 50.3041103849557 50.7521282438254 0
2014-06-16 49.8740890182006 50.3199117216304 50.198986013404 0
2014-06-17 50.0574581143228 50.4023152684438 50.3424558753951 0
2014-06-18 50.1079669110673 50.6965668067264 50.8125015325438 0
2014-06-19 50.4797017864361 50.7410717516161 51.6372923720659 0
2014-06-20 50.3951328150556 50.8178938786013 51.597827000348 0
2014-06-23 50.0604837174803 50.7884464710967 51.6645885431471 0
2014-06-24 50.1470730375012 50.4312238624859 51.687984793001 0
2014-06-25 49.7921908539689 50.5792925589349 51.3194585741439 0
2014-06-26 49.4750547564365 50.5151852895902 51.4602398490853 0
2014-06-27 49.5268743148498 50.532304379873 50.742581969102 0
2014-06-30 49.6171988199539 50.4566184459069 50.96814059181 0
2014-07-01 50.3473192858903 50.3473192858903 50.3473192858903 0
2014-07-02 50.3923634493587 50.4072094304945 50.4911043451065 0
2014-07-03 50.9931310460983 50.6804411801213 50.4198855067861 0
2014-07-04 50.8896665060649 50.6804411801213 50.7117287513129 0
2014-07-07 50.3659288001262 50.5496478791572 50.5222160689348 0
2014-07-08 49.6876745244111 50.200484916276 50.3085884295545 0
2014-07-09 49.8683228686893 50.4350290328365 50.2699570247934 0
2014-07-10 49.1103972247224 50.2255788087197 49.9868493169812 0
2014-07-11 49.1470551900851 50.3109166117171 49.8146152205835 0
2014-07-14 49.7402459104709 50.6423160890151 50.2508049293529 0
2014-07-15 49.4168832320236 50.6579338066406 50.5738561397898 0
2014-07-16 50.12797724826 50.8881109942987 50.5217541089131 0
2014-07-17 49.5921393892244 50.4089028494398 50.492057137446 0
2014-07-18 49.4199815078177 50.7752203639147 49.9843534484099 0
2014-07-21 48.8710256291483 50.6313610702658 49.9843534484099 0
2014-07-22 49.4927413377596 50.8148880850235 50.4034281797813 0
2014-07-23 49.5905108058161 50.7349900978766 50.3550699484765 0
2014-07-24 49.7964269816718 50.726586804068 50.2100690400486 0
2014-07-28 48.800455445724 50.4260632000371 51.0148418953304 0
2014-07-29 49.0824332996062 50.2167869579086 51.3061269344687 0
2014-07-30 48.7776255243912 50.1225123200997 51.3986344312768 0
2014-07-31 47.8309235213343 49.1810765999873 51.3149940012619 0
2014-08-01 49.4423313741945 49.4423313741945 49.4423313741945 0
2014-08-04 49.1420272233238 49.6698879792479 49.2875035673117 0
2014-08-05 49.3331413021614 49.2507824117672 48.7963948808488 0
2014-08-06 49.0126536626082 49.2923580691926 48.2851275082819 0
2014-08-07 48.523762305951 49.0673190695813 48.5163007838863 0
2014-08-08 48.3645958069557 49.6238743086537 47.070274959494 0
2014-08-11 49.2848267404422 49.671989889299 48.1918986306143 0
2014-08-12 48.6874949873329 49.6436872926893 48.2899673344206 0
2014-08-13 49.3822055394617 49.9172634258615 48.4566116598353 0
2014-08-14 49.5229604916938 50.1024598189227 48.7781148912434 0
2014-08-15 48.8116627774938 49.9505661061941 48.7901211481109 0
2014-08-18 49.6315634075949 50.4776536228626 48.803688835767 0
2014-08-19 50.1090733727356 50.7200172766996 49.2088003917043 0
2014-08-20 50.0032646919336 50.8985039502724 49.2236433562896 0
2014-08-21 50.4700905144711 51.0794438294916 49.6432775024651 0
2014-08-22 50.1353224003352 50.9647228881811 49.493547691477 0
2014-08-25 51.0531365535519 51.1914949386676 49.7294332658457 0
2014-08-26 51.4719204266005 51.2809168505151 49.4363095843834 0
2014-08-27 51.37292694956 51.326813424576 49.4796285208082 0
2014-08-28 50.7977131518699 51.1995922649651 49.2408751332412 0
2014-08-29 50.838567687582 51.2561857461331 49.1285357821235 0
2014-09-01 50.4077630719462 50.4077630719462 50.4077630719462 0
2014-09-02 50.5566048674875 50.3167004942913 51.0331130037352 0
2014-09-03 51.1919283887148 50.3483003314173 51.2277205996955 0
2014-09-04 51.7118490201267 50.3226542529545 51.0578015552227 0
2014-09-05 51.8328813207578 50.5224737044497 51.0333738235122 0
2014-09-08 51.891434448873 50.4460018686538 51.1520296216759 0
2014-09-09 51.6397416818611 50.1584134100076 51.2954693893042 0
2014-09-10 51.5837436007094 50.3200919502196 51.4245451393328 0
2014-09-11 51.5364700603072 50.2619823357216 51.8167565456283 0
2014-09-12 51.3229575713629 50.0807036064631 51.9440733752067 0
2014-09-15 51.3681590290829 50.2093312951458 51.9440733752067 0
2014-09-16 51.2261722366819 50.5065874157009 51.8243456816615 0
2014-09-17 51.3781039719661 50.5799326637451 51.74988881219 0
2014-09-18 52.104676898991 50.9016890228195 52.3325729095 0
2014-09-19 52.1106854117737 50.9422252570336 53.1585546741626 0
2014-09-22 51.846284924969 50.6266011575612 52.7831182504741 0
2014-09-23 51.0246300243602 50.2822331799707 52.7831182504741 0
2014-09-24 51.3806018949226 50.7368032852374 52.6578847741935 0
2014-09-25 50.5725063946551 49.9577417748419 53.3310787082302 0
2014-09-26 50.4690218529641 50.4511034465945 52.8611565836877 0
2014-09-29 50.1093264724383 50.3274909627187 53.1242572464146 0
2014-09-30 50.3826073014405 50.2440001408824 52.677652789056 0
2014-10-01 51.1014200771263 51.1014200771263 51.1014200771263 0
2014-10-02 50.086418073444 51.0902899112404 49.7660428230803 0
2014-10-03 50.086418073444 51.724738933395 49.9143056770791 0
2014-10-06 50.1617468247923 51.6706738960359 50.4935641057307 0
2014-10-07 49.4901656267583 50.8419696663569 50.1531894630328 0
2014-10-08 48.9951671091019 51.6777000349139 49.5562965045952 0
2014-10-09 49.0479429788937 50.6590881307468 49.1843671333793 0
2014-10-10 47.8703049069172 50.3089274809001 48.6175642709383 0
2014-10-13 47.9989573986559 49.6307180289463 48.6175642709383 0
2014-10-14 48.0685681417755 49.6128379046648 47.4608254465927 0
2014-10-15 46.6891296498484 49.085393465962 47.896174577214 0
2014-10-16 46.7487724509736 49.010891453014 46.8312668723251 0
2014-10-17 48.205060945173 49.8111644708246 46.1771136704943 0
2014-10-20 47.4833155480095 49.8697314641269 48.0160012484969 0
2014-10-22 48.6945595363696 50.0572040418422 48.2846244896596 0
2014-10-23 49.2782855577528 50.7158020765332 48.1041118312336 0
2014-10-24 48.9541517176918 51.1035463280851 48.5892522078993 0
2014-10-27 48.4901474566501 51.141646648384 48.8977245857133 0
2014-10-28 49.3920180407424 51.7127594567251 48.7108569153173 0
2014-10-29 49.4716446026451 51.6171552716442 49.4226179000847 0
2014-10-30 49.6461049741459 52.2895264356917 49.7539999574958 0
2014-10-31 50.8009773988088 52.8828045416452 52.1547938160021 0
2014-11-03 51.9461919188187 51.9461919188187 51.9461919188187 0
2014-11-04 51.4676422301408 51.9988361703342 53.366270242236 0
2014-11-05 52.3043036479071 52.3000201675185 53.603153942838 0
2014-11-06 52.6520247519819 52.5092300857387 53.1447654694332 0
2014-11-07 52.171512082687 52.5674361312463 53.4229522221197 0
2014-11-10 52.5086232431192 52.6865181107101 53.1069424548883 0
2014-11-11 52.6049736152827 52.689988391978 54.1943031160477 0
2014-11-12 51.7174447729346 52.681908600542 54.4251477445133 0
2014-11-13 51.9282783857768 52.8033216263911 55.0446193619636 0
2014-11-14 51.9531555562018 52.7493336663857 55.354899121486 0
2014-11-17 52.2530359461932 52.7882486987905 53.718607164463 0
2014-11-18 53.0962662098431 52.9081076947131 54.8904035803148 0
2014-11-19 53.1876159308553 52.901856520936 54.7153570138634 0
2014-11-20 53.2503325018314 53.0013729055471 54.75368070854 0
2014-11-21 54.646053090136 53.27375475602 54.9329676071614 0
2014-11-24 54.9435811992586 53.2972054301757 54.9329676071614 0
2014-11-25 55.3684505970822 53.2883486222809 55.0915535282295 0
2014-11-26 55.6736112875845 53.3266677474387 55.015474811473 0
2014-11-27 56.0066265163894 53.3266677474387 54.5879739977513 0
2014-11-28 56.0402000036903 53.3281341436826 55.2568522747335 0
2014-12-01 54.8750621407021 54.8750621407021 54.8750621407021 0
2014-12-02 54.7129750854666 55.1922402822822 55.1031748101149 0
2014-12-03 54.9206666019902 55.294318734544 55.281647171083 0
2014-12-04 54.2573284575287 55.2556722927609 55.8019473206609 0
2014-12-05 55.5558589534384 55.4368402891881 55.9056393278621 0
2014-12-08 55.1585961509936 55.1086771557406 55.9530312907722 0
2014-12-09 53.9398721253673 54.9503774810651 55.5716228618441 0
2014-12-10 53.9730306968324 54.1229397280942 54.3212622469352 0
2014-12-11 54.3189071226963 54.3179987380212 53.8371549845328 0
2014-12-12 52.8439719612017 53.3440542005005 54.1933563454463 0
2014-12-15 51.4080256817777 53.035395158201 53.3442493153804 0
2014-12-16 52.6741129447916 52.6897537033206 52.2708377863836 0
2014-12-17 52.5669351992646 53.5787785673116 52.4717753277525 0
2014-12-18 54.0354268941538 54.8792282408642 53.6894404832596 0
2014-12-19 53.9026958011453 54.9614951135901 54.9727098172635 0
2014-12-22 54.3366938899319 55.4388479758906 55.0155746225425 0
2014-12-23 54.6470505795963 55.6386639356086 55.0155746225425 0
2014-12-24 54.6470505795963 55.6573118988995 55.699059598247 0
2014-12-29 54.6746961665442 55.6820673240958 55.3110036219691 0
2014-12-30 54.0050812926683 55.5117938828644 54.440400208236 0
2014-12-31 54.0050812926683 55.0178911806473 54.440400208236 0
2015-01-02 54.4877908938505 54.4877908938505 54.4877908938505 0
2015-01-05 52.8608107845649 53.4753989257462 54.3564683285847 0
2015-01-06 52.8412805713415 53.0781607255894 52.7155948568425 0
2015-01-07 53.1120225157584 53.728601350725 52.7222786840041 0
2015-01-08 54.8944650809036 54.7165795699749 53.6020679252815 0
2015-01-09 53.8392177959579 54.1956255277477 53.6977088591449 0
2015-01-12 54.5836001046188 53.9006851907066 53.6977088591449 0
2015-01-13 55.471385615341 53.8176987211716 53.3541869767019 0
2015-01-14 54.7799049012594 53.2475829823425 52.4432350003411 0
2015-01-15 55.9825769604923 52.9225476680409 53.4197201936937 0
2015-01-16 56.7367734133403 53.5057087377317 52.6561783162738 0
2015-01-19 57.1529347920708 53.5057087377317 53.1249365806425 0
2015-01-20 57.2354096214194 53.5168921605137 54.2240480497949 0
2015-01-21 57.4703334561078 53.6362038601667 53.9560851266474 0
2015-01-22 58.2313960009372 54.4297075277594 54.107642125652 0
2015-01-23 59.4253056179651 53.99772553063 54.6781945913825 0
2015-01-26 60.2553396799591 54.0163625774658 54.5432129935263 0
2015-01-27 59.3081243386248 53.1257350217542 55.479241518508 0
2015-01-28 59.7678635993019 52.5273504130492 55.5648872031508 0
2015-01-29 59.9179694142997 53.2162944672891 54.9731672515575 0
2015-01-30 59.6749588493034 52.446625690696 55.1860190944855 0
2015-02-02 55.769201211495 55.769201211495 55.769201211495 0
2015-02-03 56.0933731992467 56.7501193085279 55.0634658917549 0
2015-02-04 56.1982886156736 56.7713820998383 56.152581606308 0
2015-02-05 56.1678486099589 57.4519483371454 55.5995247281228 0
2015-02-06 55.863866007672 57.2573081369481 56.0565302369794 0
2015-02-09 54.9219509967697 56.9518868422185 56.2580005162266 0
2015-02-10 55.3871419009403 57.4001622386258 56.0698060851679 0
2015-02-11 55.3782845257259 57.3788994441031 56.0698060851679 0
2015-02-12 56.2411923313054 57.7330262777328 57.1085790429875 0
2015-02-13 56.4665248352217 57.883904900841 56.8977970621054 0
2015-02-16 56.2596313699329 57.883904900841 57.1881410671926 0
2015-02-17 56.1174254327862 57.9745901818506 57.1319854783949 0
2015-02-18 56.4541617240352 57.9176342537115 57.8056106196289 0
2015-02-19 56.6650236578251 57.776034967481 58.0140352056013 0
2015-02-20 56.9158468973841 58.2728841462991 58.2284711473229 0
2015-02-23 57.3293270152243 58.1970746663403 58.6560588713755 0
2015-02-24 57.714685832293 58.4937310996178 59.0898130392699 0
2015-02-25 57.7380137827843 58.5431393301571 59.0317467195603 0
2015-02-26 58.3402098726543 58.5105330362444 59.6688756879917 0
2015-02-27 58.7237630115238 58.2480200430718 59.7074686993231 0
2015-03-02 58.8930839179729 58.8930839179729 58.8930839179729 0
2015-03-03 58.2221059056094 58.6185239713111 58.8564199399871 0
2015-03-04 58.7899573381597 58.2756730998197 58.5074431389114 0
2015-03-05 59.3764431307785 58.4006823424451 58.6583452575021 0
2015-03-06 59.6188208330281 57.5024346956744 59.3439084984579 0
2015-03-09 59.7795490996916 57.9498540758524 58.7794384156497 0
2015-03-10 59.3577079640058 56.8782312609093 58.387040370234 0
2015-03-11 60.9350758553266 56.7895184725243 58.5697554065022 0
2015-03-12 60.9010077932134 57.626223784477 59.4068134012021 0
2015-03-16 62.8020953647604 57.8909218660273 60.2043358840835 0
2015-03-17 61.8375896697929 57.4776416559894 60.8016208678786 0
2015-03-18 61.5378169367594 58.2089796978337 61.1378346213817 0
2015-03-19 61.4172001743913 57.8317003403822 60.9253717234644 0
2015-03-20 62.1396356247186 58.3746943083749 61.1870722475607 0
2015-03-23 61.3988228763222 58.3373034846184 61.1870722475607 0
2015-03-24 61.9658023213318 57.9995093380399 61.66639221134 0
2015-03-25 61.2413003000174 57.0572732276857 61.7688387351566 0
2015-03-26 61.1296050471111 56.9274714197501 60.9083502538652 0
2015-03-27 61.2568348139279 57.0383419633897 60.3281172859381 0
2015-03-30 62.3803600784367 57.8873494545398 60.7215417548065 0
2015-03-31 61.7618223835977 57.2426927077274 60.0821185481667 0
2015-04-01 59.6955445464972 59.6955445464973 59.6955445464973 0
2015-04-02 59.5264751888593 59.9149922405782 60.567226686235 0
2015-04-07 60.3030740863634 60.2933716943001 61.59509006126 0
2015-04-08 59.8670523558692 60.3847451020611 62.0632233713046 0
2015-04-09 60.5165650735006 60.5743762132565 62.5270873900586 0
2015-04-10 61.5526115467339 60.9080307875906 62.4327220243597 0
2015-04-13 61.3735455039435 60.6361306675723 62.4259168914151 0
2015-04-14 60.820774300274 60.8373629763537 62.4360112781073 0
2015-04-15 60.8393784414006 61.0934061502233 62.3139537269779 0
2015-04-16 59.6830122563345 61.0703355170061 62.3641622733891 0
2015-04-17 58.1402580356329 60.1276939849908 61.6337954193631 0
2015-04-20 59.1510359126294 60.8313943898381 61.5761202099617 0
2015-04-21 59.388148809648 60.5435450997471 62.4372975765983 0
2015-04-22 59.028972366139 60.8426596018599 63.1423304601395 0
2015-04-23 58.3137525529052 60.9115355193201 63.3108969175235 0
2015-04-24 58.7478361521372 60.9838898188173 62.7852476533942 0
2015-04-27 59.8834657682098 60.8416516620321 62.6700932421 0
2015-04-28 58.751867858909 61.0850791144379 62.9072745803104 0
2015-04-29 56.8669966623992 60.8334168569167 62.9072745803104 0
2015-04-30 56.974735507431 60.1756534948943 61.2170957089306 0
2015-05-04 59.4558282370853 59.4558282370853 59.4558282370853 0
2015-05-05 57.960868730418 58.9879532440246 59.4558282370853 0
2015-05-06 58.0758456279589 58.704273464944 59.4558282370853 0
2015-05-07 58.3716925300854 58.9743360487086 58.7263432318912 0
2015-05-08 59.9157258393591 59.8529889232952 58.991784547299 0
2015-05-11 59.7295741905803 59.5702280964293 59.7276014743475 0
2015-05-12 58.7014178885944 59.4486886880478 59.7395637552466 0
2015-05-13 58.0825463660583 59.4232215111885 60.1653721471008 0
2015-05-14 59.1486735240966 60.0541236947472 59.5733582265119 0
2015-05-15 58.5715554536145 60.1209822597657 60.0685680560041 0
2015-05-18 59.324996419075 60.2075822196757 60.5475527036975 0
2015-05-19 60.6504886783725 60.2520324980004 60.9618863452204 0
2015-05-20 60.625619492974 60.1632283385983 61.4799267675595 0
2015-05-21 60.7081020499575 60.164346501262 61.4991306263663 0
2015-05-22 60.4544133447899 59.9875928698409 61.6864663406131 0
2015-05-25 60.4544133447899 59.9875928698409 62.1411280844125 0
2015-05-26 59.4828460621478 59.3608677391114 62.2133060539453 0
2015-05-27 60.2298910941155 59.7604703967936 62.320152038234 0
2015-05-28 59.7511704591252 59.639155908742 62.5602716113106 0
2015-05-29 58.4016284921289 59.2593332074824 62.5958552302501 0
2015-06-01 60.0856056432872 60.0856056432872 60.0856056432872 0
2015-06-02 59.522108516646 59.9909171694328 60.0076729544176 0
2015-06-03 59.9992832005868 60.205176183065 59.8041351406507 0
2015-06-04 59.5841053059134 59.6366745587208 59.8470152327895 0
2015-06-05 58.8304155887859 59.4497630554846 59.7673025323115 0
2015-06-08 58.1356697674721 59.1736208680167 59.7564626987809 0
2015-06-10 59.1889482250902 59.9524849442712 58.556407711367 0
2015-06-11 59.5430221043447 60.0822750237653 59.5396660573794 0
2015-06-12 58.8269470892742 59.6142254037782 59.6100907347862 0
2015-06-15 57.7156072485266 59.2556178596437 59.5537407224508 0
2015-06-16 58.0258067108416 59.633012179519 59.1744435890647 0
2015-06-17 57.6790392482932 59.737126563078 59.0614868333546 0
2015-06-18 58.3215575288838 60.3369698400304 58.3941753600408 0
2015-06-19 58.0052625408256 60.0042721743507 58.9299540285812 0
2015-06-22 60.2140682505442 60.3500906590979 59.6717522637407 0
2015-06-23 60.6451109195048 60.4309947878636 60.7853453285542 0
2015-06-24 60.2706006255962 59.8381445129655 60.9565462131641 0
2015-06-25 60.2804263184259 59.585980188172 60.6742883971391 0
2015-06-26 60.3818285064187 59.7735617221293 60.4836899182986 0
2015-06-29 58.2317152808494 58.6067455219033 58.7421567923802 0
2015-06-30 57.5054451500125 58.6838831929378 59.109570047808 0
2015-07-01 58.4329661302527 58.4329661302528 58.4329661302527 0
2015-07-02 58.0088475265445 58.341486779344 58.9882263156753 0
2015-07-03 57.7947773137804 58.341486779344 59.037920607406 0
2015-07-06 56.918009667766 58.188380653016 57.8086605227011 0
2015-07-07 55.8003613498824 58.4954862323775 58.5688338779176 0
2015-07-08 56.1689195918999 57.6350443305723 56.7322895419646 0
2015-07-09 57.4708521264626 57.7442874128008 57.0710550669213 0
2015-07-10 59.1391992930383 58.4411924594797 56.8535555184147 0
2015-07-13 60.0211422324847 59.1561247399655 57.7444205980941 0
2015-07-14 60.1911050912569 59.4058773786027 58.5939561048024 0
2015-07-15 60.3100551004137 59.3946561522142 58.8181530424378 0
2015-07-16 61.2356358448178 59.6252568697652 59.2113285427791 0
2015-07-17 61.0091275816326 59.5140343287118 59.3573462290571 0
2015-07-20 61.3347268299208 59.5599732343432 59.3573462290571 0
2015-07-21 60.65049630642 58.9639885346683 59.9064872551219 0
2015-07-22 60.2108058986671 58.7394097467729 59.1927914254722 0
2015-07-23 60.1660707737711 58.3474444416251 59.4522829885398 0
2015-07-24 59.3055026974791 57.8098024120871 59.051545558312 0
2015-07-27 57.7843808031677 57.3888135874901 58.4926924732478 0
2015-07-28 58.3985254405469 58.0129606086599 58.4317310724381 0
2015-07-29 58.5968094861754 58.4115134068883 58.3570548982313 0
2015-07-30 58.8335662555757 58.3937111171182 58.9891750653777 0
2015-07-31 59.1044983060401 58.2090428787903 59.168561807077 0
2015-08-03 58.8273676639691 58.8273676639691 58.8273676639691 0
2015-08-04 58.8908568459827 58.6685517284674 58.7479219386772 0
2015-08-05 59.8173411449285 58.634392428653 59.0161798691365 0
2015-08-06 59.5541423925637 58.2308465265037 59.1604100935179 0
2015-08-07 59.0695422370248 58.0758434792076 59.3325313157945 0
2015-08-10 59.6553124390711 58.8840974334457 59.573384719585 0
2015-08-11 58.0559240936472 58.1743191539079 59.3216220664188 0
2015-08-12 56.1588438981443 58.1732157671567 58.3826438234892 0
2015-08-13 56.6215965846314 58.1924042563761 58.9631880931057 0
2015-08-14 56.4699996442809 58.4235606050934 58.7453162448556 0
2015-08-17 56.2396524222116 58.6501336524266 59.0339276691256 0
2015-08-18 56.1141700392099 58.5370136155463 58.8455795672765 0
2015-08-19 54.9124588406803 57.9934420051962 57.8955522848496 0
2015-08-20 53.6275194260663 56.7965803135595 57.3541437582232 0
2015-08-21 52.0459122627701 55.0217526723758 55.6430132323517 0
2015-08-24 49.598533883766 53.0548442572461 53.0802791069852 0
2015-08-25 52.0644213665825 52.3698726041385 50.9789598021265 0
2015-08-26 51.3925966364814 54.439301355635 52.6111925806698 0
2015-08-27 53.0282802953337 55.6736651498415 53.1769302427009 0
2015-08-28 52.9404285687717 55.6343545356878 54.7855440218331 0
2015-08-31 52.7395844670635 55.249997122758 54.0817269179486 0
2015-09-01 54.02376950259 54.02376950259 54.02376950259 0
2015-09-02 54.1989631849 55.0095868727004 53.8147336664405 0
2015-09-03 55.6542048163793 55.088241867824 54.0734378770762 0
2015-09-04 54.1449707237307 54.1718968900009 52.9129137491763 0
2015-09-07 54.5256254647462 54.1718968900009 53.116065589643 0
2015-09-08 55.4034954424561 55.4849500502341 51.8271855121672 0
2015-09-09 55.5748069275106 54.680534270938 55.8224721207613 0
2015-09-10 55.0748947016375 54.9390073133007 54.4220690888945 0
2015-09-11 54.6062612231022 55.2844768960597 54.3167960652523 0
2015-09-14 54.6503875476696 55.0754585000139 53.4290094560562 0
2015-09-15 54.9545520939718 55.8454928987015 53.6097695779649 0
2015-09-16 55.1653491889197 56.3168183600553 54.0413459841376 0
2015-09-17 55.1781335487228 56.0974411973384 54.8165641127322 0
2015-09-18 53.487553272594 55.1212795264159 53.7398216072924 0
2015-09-21 53.6620463688129 55.5438566957759 53.7398216072924 0
2015-09-22 51.6239337500211 54.9392405746366 53.7398216072924 0
2015-09-23 51.8502648715436 54.7690782232211 53.7398216072924 0
2015-09-24 50.852484225167 54.504753943243 52.2576641161163 0
2015-09-25 52.2597226101345 54.8860866052506 53.1756606698827 0
2015-09-28 51.1540624019986 53.83382595338 52.4755927480398 0
2015-09-29 50.9752551803134 53.992752345508 50.3513941259449 0
2015-09-30 52.1082066049223 54.7852619462461 51.7114107466271 0
2015-10-01 52.8682930992651 52.8682930992651 52.8682930992651 0
2015-10-02 53.1119195785897 53.5192672760886 52.8763801783729 0
2015-10-05 54.5669949248994 54.5071699598928 53.7127288077283 0
2015-10-06 55.05646849919 54.5518758874001 54.2515101601622 0
2015-10-07 55.4321371494509 54.9485815192641 54.6598436415947 0
2015-10-08 55.5581744318827 55.3984456453463 54.117479036217 0
2015-10-09 56.1337631710742 55.5080687715613 55.0049603884395 0
2015-10-12 56.2629169154732 55.6619726633523 55.0049603884395 0
2015-10-13 55.7791713191973 55.4996225567094 54.3966114967939 0
2015-10-14 55.1288527966817 54.989067515275 53.3711894877734 0
2015-10-15 55.956966750918 55.6941076281756 53.9854172438333 0
2015-10-16 56.1772958273366 55.9352531250543 54.5668305603573 0
2015-10-19 56.5102082181482 55.982586200972 54.0878283498681 0
2015-10-20 56.417751560075 55.9389527077061 54.3143073920099 0
2015-10-21 56.9204564932128 55.7813746179564 55.3498382521524 0
2015-10-22 58.3318906029027 56.8228546125491 54.9966052929465 0
2015-10-23 60.0140817260672 57.3347041921057 56.1583307331664 0
2015-10-26 60.0518863987552 57.2578696418871 56.5217308100011 0
2015-10-27 59.4450516630016 57.1226413464596 56.0143597226161 0
2015-10-28 60.2221241483453 57.7662417394236 56.3901759141514 0
2015-10-29 60.0491065636946 57.6891787432122 56.4876986505898 0
2015-10-30 60.3231972109705 57.3894173939949 56.9273783045103 0
2015-11-02 58.2133309698252 58.2133309698252 58.2133309698252 0
2015-11-03 58.2158851241479 58.5052035457656 58.2133309698252 0
2015-11-04 57.6528708915556 58.3400845803101 58.9725589002655 0
