time value.DAX value.Dow.Jones value.Nikkei
2012-02-01 27.3575219043096 36.6389276971258 36.0035503985646
2012-02-02 27.5187310388783 36.6991875907756 36.4226990371074
2012-02-03 27.9778432523733 37.0420233990797 36.1480737295157
2012-02-06 27.970236132825 37.0068399317706 36.3466433882481
2012-02-07 27.926285237659 37.2721657360876 36.454716067025
2012-02-08 27.9037909426006 37.1045741829934 36.6219469431274
2012-02-09 28.0693426760048 36.8293809143874 36.1699720479324
2012-02-10 27.6730780194348 36.5386235235874 35.7769205187674
2012-02-13 27.8612472027207 36.9580467830958 36.0235355501847
2012-02-14 27.8187418200318 36.8640794538055 36.1294386919393
2012-02-15 27.9417477958445 36.8023490326413 37.0003215763234
2012-02-16 27.9170226437356 37.2446453881315 36.7859953639831
2012-02-17 28.3142381881818 37.6232923394963 37.5170286341602
2012-02-20 28.7288200925469 37.6232923394963 37.1880490651149
2012-02-21 28.5629392819792 37.1367369401763 36.8758485649529
2012-02-22 28.2970393975467 37.0173678038356 37.1069534335943
2012-02-23 28.1547652860627 37.1658706079228 37.1172259513123
2012-02-24 28.3820481410781 37.0266236449 37.1354598408622
2012-02-27 28.3207308901279 36.55746395669 36.1636387706017
2012-02-28 28.477970917485 36.6948667176964 36.7214290153913
2012-02-29 28.3475233695615 36.5342999182887 36.8838360655585
2012-03-01 28.0878752906805 37.4096653999709 36.2681186627572
2012-03-02 28.0053329520903 37.7105103872817 36.6027266408661
2012-03-05 27.783154803077 38.0386715956007 36.3494201448037
2012-03-06 26.8389707645957 37.4211955394018 36.2552638990757
2012-03-07 26.9927268322803 37.7448214965384 36.2528168789901
2012-03-08 27.6540000218265 38.0564516724953 37.2268855564299
2012-03-09 27.838790222305 37.9046143347518 37.3923746501712
2012-03-12 27.9243277048164 38.2469375039784 36.9738241224352
2012-03-13 28.3069377752928 38.9020724037599 37.1214678166591
2012-03-14 28.6448360182775 38.9119839967714 37.5328472092155
2012-03-15 28.9079623092495 39.312518475774 37.6378427226493
2012-03-16 28.9620586666559 39.2648075129473 37.5380334845259
2012-03-19 28.9474938844179 38.9114374119092 37.3335213745543
2012-03-20 28.5457848178682 38.6823934474297 37.3335213745543
2012-03-21 28.6120613020581 38.434861360803 36.9410379749583
2012-03-22 28.2476591869653 38.1559837290008 36.9725770219025
2012-03-23 28.3057642159214 38.3788878638967 36.9775225208832
2012-03-26 28.6440674726194 38.6430982717817 37.1007333356794
2012-03-27 28.6427319069534 38.4743955246767 37.7603782984334
2012-03-28 28.318629908641 38.0881293841253 37.2154552387471
2012-03-29 27.8183161493026 38.2051484483073 37.0312777549122
2012-03-30 28.1083493596367 38.4639919558202 37.1860872930568
2012-04-02 28.5041842061595 38.3260922359471 36.9281521664072
2012-04-03 28.2037782707877 38.1556112557006 36.8174226808229
2012-04-04 27.4031020771739 37.840247964795 36.2462290112089
2012-04-05 27.3675547315887 38.2196940569565 36.2583021288564
2012-04-06 27.3675547315887 38.2196940569565 36.3013790383165
2012-04-09 27.3675547315887 38.0658990301671 36.0730946471146
2012-04-10 26.6855951899305 37.4826582525836 36.1739289546707
2012-04-11 26.961481087842 37.6887307311211 35.9069662887928
2012-04-12 27.2382170641405 38.2045108525493 36.3181151278093
2012-04-13 26.5945878296065 37.6864862037895 36.5943073721573
2012-04-16 26.7613721952588 38.0970894756777 36.1525898109972
2012-04-17 27.4715282008177 38.740555966068 36.3049259840344
2012-04-18 27.1929342872184 38.2731692210658 36.9066420515594
2012-04-19 26.9473039656282 38.1267403651282 36.35127403736
2012-04-20 27.2660072273302 38.2833310356093 36.1200196665859
2012-04-23 26.3485926266628 37.7303339597264 35.7698749476291
2012-04-24 26.6208849368489 38.0858430267167 35.7674828499867
2012-04-25 27.0817322191416 38.3208191784447 36.1457377974083
2012-04-26 27.2247243388445 38.5547166220947 35.9570233557369
2012-04-27 27.4728200776057 38.556728108402 35.8698521992427
2012-04-30 27.3107219725432 38.4441904590373 35.8698521992427
2012-05-01 27.4990448360903 37.5235666439971 36.6021531507357
2012-05-02 27.2939774322295 37.4677135277418 36.7619259085214
2012-05-03 27.2275598964826 37.4595574498571 36.7619259085214
2012-05-04 26.6867467424336 37.091834660421 36.7619259085214
2012-05-07 26.7193239793968 37.2024826164772 36.2279499048182
2012-05-08 26.2119837185804 37.1543330206431 36.6482307919909
2012-05-09 26.3363170083773 36.8529143916883 36.0718023930289
2012-05-10 26.5099451140589 37.0725079420501 36.1564813037474
2012-05-11 26.7618269131788 37.0331513447405 35.9651667962148
2012-05-14 26.2413894257736 36.756521818078 36.0581091451408
2012-05-15 26.0343281429709 36.7095105088527 35.8999746465362
2012-05-16 25.9659981574953 36.7809167351271 35.6369415666161
2012-05-17 25.6597395355792 36.5708067553946 36.0231816094072
2012-05-18 25.5062448140268 36.3730721230436 35.0976613572353
2012-05-21 25.7495434103711 36.6177593486227 35.4859899740239
2012-05-22 26.1748090478693 36.5956745067115 35.7611919840774
2012-05-23 25.5653402118281 36.6019631807804 34.9055360055166
2012-05-24 25.6879258788425 37.0778647097793 35.3291765843485
2012-05-25 25.7857410037342 37.0614241698279 35.6439012519908
2012-05-28 25.7176155694506 37.0614241698279 35.7219462149069
2012-05-29 26.0171637262757 37.4359426387611 35.9696844822838
2012-05-30 25.5452068276989 37.0871961852016 35.971285131868
2012-05-31 25.4784238833913 37.2582076860869 35.9481499436061
2012-06-01 26.6891610686476 36.6533406940811 35.3422797503556
2012-06-04 26.3712882875296 36.4837288782795 34.923056588931
2012-06-05 26.3323368699163 36.5106866580499 35.1633168207457
2012-06-06 26.8819322474784 37.272336278351 35.5868048327086
2012-06-07 27.1035077496019 37.3271629267983 35.7048838254234
2012-06-08 27.0443956753911 37.3881548274609 34.5497170895128
2012-06-11 27.0895223732648 37.056670372744 35.2968919015363
2012-06-12 27.1785867996233 37.4316418363098 34.8207750169198
2012-06-13 27.1399886236937 37.4662293263511 35.3081135193662
2012-06-14 27.0787592520564 37.8084339866644 35.0817447780286
2012-06-15 27.4792993301909 38.0072960596664 35.0272787497892
2012-06-18 27.5621863280248 37.7428172912116 35.7512075844621
2012-06-19 28.0701809709348 38.0076914583436 35.2997252905311
2012-06-20 28.1970918616159 38.0264979307197 35.8039431585565
2012-06-21 27.9809420764099 37.1094223157919 35.8709486027291
2012-06-22 27.6285743304358 37.4435244399789 35.5644408275151
2012-06-25 27.0513226716698 37.2554000130843 35.2614267966976
2012-06-26 27.0702900535275 37.5179536674724 35.3222498265782
2012-06-27 27.4774469618214 37.8366756790509 35.8440466035945
2012-06-28 27.1286073317444 37.8048608357216 36.4446962721562
2012-06-29 28.3036223948821 38.7127324839182 37.1315613664595
2012-07-02 27.9563961262627 38.9209246005809 37.2705955184161
2012-07-03 28.309848595349 39.2883603015092 37.7409742492537
2012-07-04 28.2521369248109 39.2883603015092 37.9275978101578
2012-07-05 28.1263013575161 39.2889718078596 37.8637783196636
2012-07-06 27.5864164836564 39.2194668044699 37.893272570459
2012-07-09 27.489413637106 39.7101377818778 38.0336245416032
2012-07-10 27.7078644183856 39.4187324035405 37.8623941227593
2012-07-11 27.7746560560806 39.286533743461 37.9266296296638
2012-07-12 27.6261825682579 39.281812087458 37.4766556761768
2012-07-13 28.2190006247093 40.0591179576398 37.621865897834
2012-07-16 28.256097982287 39.7854774392761 37.621865897834
2012-07-17 28.3073963125454 40.0695872481696 37.883902293536
2012-07-18 28.7669315910354 40.2673605929448 37.6448064049399
2012-07-19 29.0852682813555 40.3919296267316 37.9651207799252
2012-07-20 28.5328172957556 39.9856594672946 37.562157852994
2012-07-23 27.6260964105992 40.0848837663632 37.3143758589342
2012-07-24 27.5016372312688 39.8847262190238 37.4415329611491
2012-07-25 27.5709673094261 40.1200505750661 36.9727188544656
2012-07-26 28.3302905972956 40.7637050942029 37.3138973109972
2012-07-27 28.7883633301626 41.0388808716077 37.5701431012979
2012-07-30 29.1527050342033 40.6408736782042 37.3742856862473
2012-07-31 29.1449573304116 40.5891546632446 37.8476730720835
2012-08-01 28.919729661726 40.2061111570988 38.4559442469149
2012-08-02 28.2844718175321 39.8658379043644 38.4823187873136
2012-08-03 29.3958416819763 40.7638998683548 38.1653409741083
2012-08-06 29.623022325725 40.3061816183766 38.3682300821467
2012-08-07 29.8338041974176 40.4468377722043 38.7427503833184
2012-08-08 29.826096107182 40.4162730680886 39.0090346156083
2012-08-09 29.8211309011921 40.495192652966 39.5182594501401
2012-08-10 29.7336575663358 40.7485724686291 39.2275660798229
2012-08-13 29.5843167170574 40.7851215211136 39.4687539099462
2012-08-14 29.8613772947122 40.7140010807391 39.5851493163587
2012-08-15 29.743247207729 40.5890642212283 39.3230248688531
2012-08-16 29.9551433765478 40.9782984793733 40.0413428071229
2012-08-17 30.1460581560541 41.0492218191697 40.166331783451
2012-08-20 30.1152320676198 40.9483837191294 39.9339185801171
2012-08-21 30.3534574161931 40.735089980685 39.9085108185069
2012-08-22 30.0470258178169 40.4041824669635 39.6209710805113
2012-08-23 29.7551072529585 39.8482047759408 39.7254023274346
2012-08-24 29.8471611242253 39.8989889075887 39.324445967806
2012-08-27 30.1741894423346 39.918873980258 39.4559190157294
2012-08-28 29.9825032299792 39.849750226714 39.185856144143
2012-08-29 30.0162833528319 39.8283964723195 39.3802539269407
2012-08-30 29.5235614103527 39.4252704007434 38.9118352402127
2012-08-31 29.8459632036499 39.7556135549935 38.3392022958386
2012-09-03 28.8803053513268 40.2974913942013 38.7629823089539
2012-09-04 28.5416791709726 39.9785591521875 38.7535260086386
2012-09-05 28.6738766209348 39.9758143243342 38.2532723347343
2012-09-06 29.5081532845062 40.8222562718667 38.3303721112611
2012-09-07 29.7023535339222 40.6922804518859 38.9133757516131
2012-09-10 29.6990607082422 39.8965055948161 38.4803845723024
2012-09-11 30.0959827462246 40.1985105676456 38.2839937852564
2012-09-12 30.2335737557638 40.1752334489857 39.0057036374268
2012-09-13 30.096847163142 40.550432689929 39.0144159794777
2012-09-14 30.5160028032733 40.5815184387462 39.7030110558296
2012-09-17 30.4812552613661 39.8294246333419 39.7030110558296
2012-09-18 30.2507012662314 39.8876469048102 38.5497130032891
2012-09-19 30.4280212702225 40.0550508787921 39.0382336874427
2012-09-20 30.4227945617484 40.2032420944592 38.4802488647414
2012-09-21 30.678585503586 40.3464373776751 38.991522474918
2012-09-24 30.5202444739203 40.2977957346901 38.8823268203466
2012-09-25 30.5694418433764 40.1356638338908 39.1862997506483
2012-09-26 29.9576499497913 40.0166939582773 38.5002480563597
2012-09-27 30.0132721468447 40.410996828788 38.8917110293381
2012-09-28 29.709146239238 40.2427659297047 38.5607413717809
2012-10-01 29.1261695588086 40.7225667366654 38.6639172452496
2012-10-02 29.043203956403 40.5954701119189 38.5717435285191
2012-10-03 29.1076846638482 40.4875990260837 38.205494446783
2012-10-04 29.0406203814794 40.7424931633278 38.4420175384811
2012-10-05 29.4089750802834 40.6924329807237 38.3639703312353
2012-10-08 28.9849657613505 40.3608877581655 38.3639703312353
2012-10-09 28.7596433567709 40.2063815039885 37.9397100405109
2012-10-10 28.6431669626907 39.958174360522 37.3695996574998
2012-10-11 28.9471613031903 40.0946780793456 37.3537510564877
2012-10-12 28.7515354684753 40.0554164042999 37.2688295954549
2012-10-15 28.8658650293127 40.1489531179477 37.1726165236346
2012-10-16 29.3231075664777 40.5742807635047 37.673919519641
2012-10-17 29.3957757443499 40.3901275830737 37.8283185944766
2012-10-18 29.5654435248254 40.0366593746813 38.29801022332
2012-10-19 29.3404802237315 39.4597176766069 38.219698828318
2012-10-22 29.131416298738 39.6970590642564 38.4167457450138
2012-10-23 28.5177848991626 38.8985248770729 38.2025272117037
2012-10-24 28.5939528462657 38.9102138129257 37.9229102388861
2012-10-25 28.6232903126447 39.1479431637498 38.5280959203234
2012-10-26 28.7489907166246 39.1283147404594 37.8547979099796
2012-10-29 28.6349387292297 39.1283147404594 38.1621946340248
2012-10-30 28.9578935294434 39.1283147404594 37.8365746748478
2012-10-31 28.8633998595934 39.2171051735361 38.1614115326689
2012-11-01 28.6198042726519 39.8107126308263 37.8113996623202
2012-11-02 28.7297480310359 39.4489194955449 38.1712117963595
2012-11-05 28.5839120069822 39.8670877356833 38.1300543089938
2012-11-06 28.7840160092697 40.3728297766693 38.1299919173942
2012-11-07 28.2185789942512 39.4405212152647 38.2057925010849
2012-11-08 28.1098449178714 39.0489024613322 37.6535009263392
2012-11-09 27.9480906429942 39.2267289411776 37.6115113471909
2012-11-12 27.9686113963869 39.3461247894802 37.5321477625228
2012-11-13 27.9700172904906 39.1468058983491 37.4655717033291
2012-11-14 27.7078385871909 38.6452140302829 37.566999633902
2012-11-15 27.4796033247333 38.4574238659158 37.9772172303485
2012-11-16 27.1171964051108 38.5225942804809 38.2749649909811
2012-11-19 27.793358230793 39.1949212899037 38.6199183880074
2012-11-20 27.9851163874006 39.077030350031 38.5047436709064
2012-11-21 28.0308404039438 39.1421217147818 38.677196934759
2012-11-22 28.26602132581 39.1421217147818 38.9571043028062
2012-11-23 28.5162594390314 39.4834571596552 38.9571043028062
2012-11-26 28.4495441338163 39.0036809062951 38.3844904209321
2012-11-27 28.6067740133031 38.7741070275809 38.6478588689368
2012-11-28 28.650002466472 39.0901780480412 38.2158548087965
2012-11-29 28.8745305835414 39.3220065646577 38.8181433882225
2012-11-30 28.8922433526479 39.2059595245404 38.784667654837
2012-12-03 28.8403648721453 39.8757943358121 38.1667113240679
2012-12-04 28.8400163771122 39.6835551360279 38.0026025951507
2012-12-05 28.9153820082391 39.823933288212 38.1740849821603
2012-12-06 29.2256553625719 39.880700927955 38.3458465635199
2012-12-07 29.1607218288671 40.2973329417209 38.3207638906397
2012-12-10 29.2116133253319 40.6889239806954 38.6303666748724
2012-12-11 29.4398087527477 40.969671972427 38.6905239692542
2012-12-12 29.53693632076 40.7961662617449 38.7546494594384
2012-12-13 29.4096696964145 40.3822556762 39.0415623689271
2012-12-14 29.4658757304976 40.1279781901138 38.5737647309213
2012-12-17 29.4987288697483 40.1551264356329 38.6274868184511
2012-12-18 29.6873986323871 40.5119125886321 38.8314556702254
2012-12-19 29.7452713752687 40.144437839713 39.6634623205924
2012-12-20 29.7592357610009 40.121545241707 38.8122149249323
2012-12-21 29.6200995030401 39.8082839997718 38.5560454334537
2012-12-24 29.6200995030401 39.7899313637259 38.5560454334537
2012-12-25 29.6200995030401 39.7899313637259 39.0747710655357
2012-12-26 29.6200995030401 39.7162205862759 39.5472034675153
2012-12-27 29.6963193240263 39.6278073878842 39.7523486840445
2012-12-28 29.5276273638239 39.0219894704524 39.5336967081308
2012-12-31 29.5276273638239 39.5974995508711 39.5336967081308
2013-01-02 29.4821359826642 40.502601617859 38.6740860223026
2013-01-03 29.3974663639266 40.3225083452378 38.6740860223026
2013-01-04 29.4730031672854 40.7687412745598 39.4962830555441
2013-01-07 29.3073392650261 40.8099949500765 38.8950557943341
2013-01-08 29.167750615153 40.6627297660313 38.6855366152855
2013-01-09 29.261138510137 40.7168091451275 39.0334952803743
2013-01-10 29.2156576453266 41.0750519772296 39.378974142867
2013-01-11 29.2424139243924 40.9832857155928 39.5080792613948
2013-01-14 29.2954379232842 40.3394483525933 39.5080792613948
2013-01-15 29.0922526751932 40.3461951952389 38.4767343696994
2013-01-16 29.1499365373715 40.3269491610339 37.7343120396071
2013-01-17 29.3179507277511 40.7662638605238 38.201273460672
2013-01-18 29.1920067049582 40.8166637936161 38.9003996649361
2013-01-21 29.3687373220291 40.8166637936161 37.8728150305077
2013-01-22 29.1691903991002 41.0374585805025 37.9070291021347
2013-01-23 29.2121322112511 41.2166665793533 37.3619215604139
2013-01-24 29.3659706452212 41.3728938027246 38.0924804924137
2013-01-25 29.7822734194236 41.5344157016125 38.7714714899226
2013-01-28 29.6876345050317 41.091763880385 37.4007248500749
2013-01-29 29.7466452600706 41.3370456969441 37.5810475175055
2013-01-30 29.605428065501 41.1944565070426 38.5148223217009
2013-01-31 29.4717891617213 40.8435077633961 38.252419114568
2013-02-01 30.6938718504219 43.29451169813 34.5793324911335
2013-02-04 29.9291683511065 42.6609779467766 33.946240513492
2013-02-05 30.0327307194987 43.1208285687755 33.4640355394465
2013-02-06 29.7056279244914 43.3536150572279 34.8706229268853
2013-02-07 29.7435179493058 43.1454173368319 34.1649693657462
2013-02-08 29.9836730507206 43.4732441042344 33.7216386479232
2013-02-11 29.9115760078229 43.824659215711 33.7216386479232
2013-02-12 30.0152149052786 43.9143909741022 34.8689746485992
2013-02-13 30.2177937584842 43.69454200234 34.0672691980103
2013-02-14 29.9015830973264 43.5317663652461 34.3563418890452
2013-02-15 29.7539394280434 43.7790469466019 34.1356298608856
2013-02-18 29.8919441381567 43.7790469466019 34.856192583957
2013-02-19 30.3767217833527 44.0894346456764 34.6201579953802
2013-02-20 30.284443770546 43.7170183343693 35.0043479591284
2013-02-21 29.7149913735469 43.4753505103275 34.4772243439297
2013-02-22 30.0219552894343 44.3647564430271 35.2005604057439
2013-02-25 30.4579871224716 43.8114817698894 36.1287801320823
2013-02-26 29.7680458256611 44.1231837841164 35.1180433396653
2013-02-27 30.076498251621 45.151198223227 35.7212511304144
2013-02-28 30.3345996476463 45.0394211992184 36.7272400502883
2013-03-01 32.5426370718839 45.93382278723 33.6248010380391
2013-03-04 32.4730611942116 46.415516378868 33.5694172878989
2013-03-05 33.2272084011994 46.8689071117446 33.7311620533324
2013-03-06 33.4341631939501 46.9147935974668 34.455193092134
2013-03-07 33.5204574069418 47.0203001483602 34.4933399050065
2013-03-08 33.7176182684592 47.2674365192196 35.1116060910128
2013-03-11 33.708413909068 47.5198480352281 34.7218651028129
2013-03-12 33.6317033626726 47.5216493302786 34.5702129230274
2013-03-13 33.6519261522336 47.4621901314402 34.2688194928632
2013-03-14 34.0211683204738 47.8219586352086 34.8485210118876
2013-03-15 33.9556452468162 47.8869203048534 35.3856882941531
2013-03-18 33.8199134244291 47.2774277003535 34.4352558899343
2013-03-19 33.554316662892 47.8200072445134 35.6625289455834
2013-03-20 33.7830568250546 48.0012465318469 35.6625289455834
2013-03-21 33.4898057590531 47.7914482642516 36.0416634246366
2013-03-22 33.4004729763462 48.031951758852 35.0828776064628
2013-03-25 33.2296986253632 47.5835616674766 35.8950607145657
2013-03-26 33.2667242673059 48.0371721746121 35.6984025071915
2013-03-27 32.8843094569438 48.3067218213451 36.1658665686393
2013-03-28 32.9105702241253 48.6587046397308 35.7502665233154
2013-03-29 32.9105702241253 48.6587046397308 36.1086605221432
2013-04-01 34.9131045770351 48.4131686201128 34.3516621888514
2013-04-02 35.5784652620711 48.7207738971653 34.1545137093523
2013-04-03 35.2688947825221 48.2480891996684 35.3164591798635
2013-04-04 35.0119953288395 48.5047466597095 36.0974990867214
2013-04-05 34.3014886714678 48.2787022790032 36.0279802219045
2013-04-08 34.318911552517 47.9053759938505 35.5805349585081
2013-04-09 34.2063593558575 48.0576069652697 35.1390890029615
2013-04-10 34.9817179629512 48.2936780754227 35.1015592073631
2013-04-11 35.2549206146841 48.3913815441379 35.6341353036026
2013-04-12 34.6867492873058 48.3652412796284 35.3515318888636
2013-04-15 34.5428022273802 47.4169151108794 35.1691727520265
2013-04-16 34.4082172042646 48.049651642664 35.2742937692438
2013-04-17 33.6040595621822 47.5270120274561 35.8308741744019
2013-04-18 33.4728335880632 47.1542114404819 35.1390007886356
2013-04-19 33.4111613633876 47.4698697629802 35.5417263330339
2013-04-22 33.4924499101924 47.5303807745378 35.7093829644538
2013-04-23 34.2990699815196 48.0162426571557 35.5554702760002
2013-04-24 34.7506149530614 47.9967748983778 36.6818858208948
2013-04-25 35.0812800856392 48.1508517856138 36.8066602626203
2013-04-26 35.0002146020814 48.0710271368337 36.6589398008784
2013-04-29 35.2632963675276 48.4291669902033 36.6589398008784
2013-04-30 35.4433860064009 48.338451514138 37.0438460022761
2013-05-01 35.7248794521301 49.8156793106832 35.2851247600018
2013-05-02 35.9415659647965 49.9762388962756 34.9394644167941
2013-05-03 36.666472987828 50.6326610049569 34.9394644167941
2013-05-06 36.6203821369208 50.7042816432718 34.9394644167941
2013-05-07 36.9350276878311 51.0467364906486 35.7125602599677
2013-05-08 37.2416850407947 51.2791254229341 36.0724480976594
2013-05-09 37.2996479787018 51.0583770637316 35.8097121431306
2013-05-10 37.372057564409 51.1486251719545 36.7491397026411
2013-05-13 37.375218456341 51.6121285492643 36.6785954105627
2013-05-14 37.6452654357281 52.0948831765091 36.5946132319432
2013-05-15 37.7504918822917 52.2736211682289 37.4260763300771
2013-05-16 37.7841243150674 52.467778478182 37.3113933633378
2013-05-17 37.9111111119212 52.9549574613943 37.6329831793947
2013-05-20 38.1721735687763 53.0620300510503 37.9646857807235
2013-05-21 38.2460732263736 53.1767250688282 38.1962338609209
2013-05-22 38.5110151618083 52.7756781726557 38.7313725266766
2013-05-23 37.7033650351101 52.6380351158885 35.7301669383514
2013-05-24 37.4927269788436 52.778028981 36.3537761614157
2013-05-27 37.8447499871282 52.778028981 35.3568746263185
2013-05-28 38.2852118756084 52.9268348363498 35.8705637605378
2013-05-29 37.6338430138708 52.6829256538373 35.6775046275438
2013-05-30 37.921043457374 52.7904652277804 33.9417229432493
2013-05-31 37.6891873043009 51.7017924869823 34.3840974690949
2013-06-03 37.5152180298573 52.7475542694419 33.512304961079
2013-06-04 37.5612196804556 52.3702406675137 34.2466973870762
2013-06-05 37.109449328194 51.4399968958923 32.8656156278698
2013-06-06 36.6685935330519 51.6795892248902 32.660676095683
2013-06-07 37.3743169699903 52.1454059621025 32.7670543981568
2013-06-10 37.6143311618435 51.8132021896305 34.5790572083136
2013-06-11 37.2284372587115 51.4324110287204 33.7593084908227
2013-06-12 36.8698927642387 50.7744921243208 33.8566323902322
2013-06-13 36.6531093163807 51.2440188598217 32.0455235615052
2013-06-14 36.8005741450405 50.7720036687997 33.1239382107106
2013-06-17 37.1979684608222 51.1223259130259 34.2456760096404
2013-06-18 37.2603563223948 51.6115647469268 33.9641177007888
2013-06-19 37.1135259807752 50.7879115976392 34.370549263202
2013-06-20 35.8973982108005 49.5652967096843 33.6450508397273
2013-06-21 35.2669690968289 50.2514742569171 33.8732139189416
2013-06-24 34.8287374835075 50.2128816307045 33.5540949000343
2013-06-25 35.3668471575094 50.6274248867819 33.3088905153494
2013-06-26 35.9540402873006 51.110134850486 33.0875149722697
2013-06-27 36.1793351911767 51.7666330067354 34.2049803021223
2013-06-28 36.0365792971717 51.4378120499951 35.3279090408733
2013-07-01 37.5254443652325 53.6271931766848 31.6496628461229
2013-07-02 37.1816304737305 53.3681627518124 32.023567890152
2013-07-03 36.7988041392487 53.5722721999793 31.7834012403095
2013-07-04 37.5742793374954 53.5722721999793 31.7761590787803
2013-07-05 36.6891979850452 54.3662975653342 32.5485073849659
2013-07-08 37.4531569488382 55.2864249794722 32.0278946391676
2013-07-09 37.8724551708939 55.504895352262 32.8304089164173
2013-07-10 37.9134871930084 55.4734081317792 32.7253676243733
2013-07-11 38.3474021734554 56.20120663629 33.1023287003227
2013-07-12 38.6010667856016 55.1295688767686 33.0076918473778
2013-07-15 38.7046577866865 55.2049494002268 33.0076918473778
2013-07-16 38.5459825750527 55.1484813619587 33.0785324756663
2013-07-17 38.7982380700693 55.0212301788132 33.0130718453659
2013-07-18 39.1853881508616 55.1387672512962 33.3963097388381
2013-07-19 39.1594456447979 55.2647664210678 32.7704257887437
2013-07-22 39.1570450921004 55.1071907378661 32.6645263291027
2013-07-23 39.0779461658258 55.0768979752924 33.1057241671642
2013-07-24 39.3828899107186 54.8700169387541 33.0124716509691
2013-07-25 39.0062692161369 54.8341176553886 32.489431658411
2013-07-26 38.7521318322308 54.8496172413262 31.5474190352896
2013-07-29 38.818498187366 54.4600649113811 30.8583391569834
2013-07-30 38.8748492327741 54.4757354693122 31.4478542124387
2013-07-31 38.898115786849 54.4469722694968 30.962394217162
2013-08-01 38.3487494939086 54.1827027071643 31.7760300724349
2013-08-02 38.331468800309 54.3493391130406 32.6448299967648
2013-08-05 38.2924369619159 54.0746305541006 32.0184419909465
2013-08-06 37.8426446782195 53.7997740223713 32.4631593489415
2013-08-07 37.6636841915907 53.5967724808679 31.3248177398786
2013-08-08 37.9274051202483 53.5715265766258 31.0855732173145
2013-08-09 38.0185461989497 53.1202692780377 31.1969671070876
2013-08-12 38.1140241490903 53.1638712892849 31.0692395152535
2013-08-13 38.3716805878836 53.391944769076 31.8308056581594
2013-08-14 38.473632671862 53.1119718817078 31.9307627527586
2013-08-15 38.1917182553734 52.4298757967016 31.1688599590469
2013-08-16 38.2630762576483 52.2248235994395 30.9810292406331
2013-08-19 38.1461232269329 51.8121833440501 31.2261962145382
2013-08-20 37.8440116354101 51.7427248354404 30.3235023563712
2013-08-21 37.7773511703684 51.2254563863186 30.4030974786869
2013-08-22 38.2902017340392 51.3839165250414 30.1856950878148
2013-08-23 38.3772909102291 51.7492592214615 30.7164390460417
2013-08-26 38.4600921977189 51.3744336284118 30.4460698533953
2013-08-27 37.5819738016323 50.8117502561255 30.291411200942
2013-08-28 37.1959678046103 51.0009932007117 30.0931180472634
2013-08-29 37.3630731415729 51.0881199877387 30.5136754126305
2013-08-30 36.9463350238988 51.2935600457414 30.339069065337
2013-09-02 36.9242030949973 51.9335437369112 29.7212173030688
2013-09-03 36.6413094546855 52.3197902883381 30.4007543906445
2013-09-04 36.7094347018158 52.7734965035517 30.4645658682394
2013-09-05 36.8843864599052 52.7848434465832 30.4511444000183
2013-09-06 37.0666340699565 52.7679394293652 29.9455801118201
2013-09-09 37.0695471595746 53.2247802319218 30.9058086317561
2013-09-10 37.8319594345524 53.5833483711808 31.1727900746241
2013-09-11 38.0522828265846 53.8453065026268 30.9295386428783
2013-09-12 38.0445320750687 53.673130874242 30.730259066108
2013-09-13 38.1135977351964 53.8241861304871 30.9324664946881
2013-09-16 38.5775317591908 54.2764848333096 30.9324664946881
2013-09-17 38.5056448600713 54.1464236308227 30.7909165988935
2013-09-18 38.6808153182328 54.704738362488 31.1439823226121
2013-09-19 38.9411346840743 54.4577113343313 31.7159580791401
2013-09-20 38.858500836181 53.1755920115223 31.3428044290711
2013-09-23 38.6773685973931 53.0358650595453 31.1865103015966
2013-09-24 38.8086458373238 52.8410305364796 31.2961985227565
2013-09-25 38.8132604231773 52.7350401776469 31.1746060169862
2013-09-26 38.8064063428527 52.9015497531807 31.605194600891
2013-09-27 38.7948064646937 52.6207649921194 31.4485477686256
2013-09-30 38.4942243161505 52.1079158234932 30.9254391671959
2013-10-01 38.3878997597473 52.9302337102935 30.2094458367988
2013-10-02 38.1240629533156 52.6171405639386 29.442805029985
2013-10-03 37.9848554152092 52.1150349452525 29.5488087772284
2013-10-04 38.095566525692 52.144641494215 29.1698310878598
2013-10-07 37.9568896545494 51.852093177172 28.9253919392188
2013-10-08 37.7992122889269 51.2485107468586 29.1107405434471
2013-10-09 37.6260333883449 51.3251184173207 29.4309359041078
2013-10-10 38.3730108617879 52.5770250516391 29.7394823097487
2013-10-11 38.5455771253698 53.0531045495389 30.053999109561
2013-10-14 38.5410686054938 53.1781153639666 29.763654925847
2013-10-15 38.8972890711109 52.6256434620993 29.8799707159421
2013-10-16 39.0808958114612 53.4777115962494 29.9441647175382
2013-10-17 38.9306003393195 53.4938501522277 30.2002999958123
2013-10-18 39.1652763031375 53.2800802553903 30.0583772497486
2013-10-21 39.1746428089781 52.9352294386299 30.3127749718042
2013-10-22 39.5291375212596 53.2336397871997 30.2673743691957
2013-10-23 39.4072047331332 52.9228246076928 29.5553594779585
2013-10-24 39.6756794911619 52.9930236609152 29.7474991640317
2013-10-25 39.6982565988932 53.1245614016532 28.9405341885514
2013-10-28 39.6669342593496 53.0891658298466 29.5443351260796
2013-10-29 39.8586261328273 53.4768500147971 29.3350944328639
2013-10-30 39.8066250027351 53.3828429634939 29.7160918199221
2013-10-31 39.9111104726165 53.2221957548915 29.2674271641239
2013-11-01 39.0419185341563 52.9056980560677 30.4531168014079
2013-11-04 39.1693463009275 53.7123528186826 30.4531168014079
2013-11-05 39.0474675235107 53.5889168205917 30.7881031463056
2013-11-06 39.1851213365885 54.0584032055527 31.1191464447901
2013-11-07 39.3591842935154 53.4859379665162 30.8086249709835
2013-11-08 39.3472651881327 54.1858567829152 30.5616098821833
2013-11-11 39.4754717622523 54.6852992480086 31.0639095681434
2013-11-12 39.3394644413894 54.5199217279152 31.7101036915167
2013-11-13 39.2456268806966 54.6552706063267 31.4640688316853
2013-11-14 39.6566413145618 54.7336391488241 32.0839546123185
2013-11-15 39.7391227113863 54.9179759273254 32.5670410900913
2013-11-18 39.9850431460906 54.8328389738874 32.3323757181547
2013-11-19 39.8457428321294 54.7735765422717 32.2662255522199
2013-11-20 39.8837984681933 54.5020495371083 32.1871254535505
2013-11-21 39.8578354753523 54.8559471233868 32.7591519688879
2013-11-22 39.9573490007127 55.3589478383087 32.7741310642806
2013-11-25 40.3080314283101 54.9118538100811 32.7952431844953
2013-11-26 40.265209840439 55.0304491505919 32.5273608180876
2013-11-27 40.5298554627554 55.0615279487811 32.4228176787638
2013-11-28 40.6869286148059 55.0615279487811 32.8307092441013
2013-11-29 40.7646398296242 54.833864934851 32.5179114119461
2013-12-02 41.261908103554 55.1263803444884 31.7281277283789
2013-12-03 40.4782727127512 54.8869775984201 31.8854735988876
2013-12-04 40.1150219534471 54.8335958872642 31.1735221961338
2013-12-05 39.8706633113107 54.517648299616 30.7668470701488
2013-12-06 40.2544944367879 55.0725497469967 31.0550741040215
2013-12-09 40.3543790754214 54.7211085488411 31.3044823740673
2013-12-10 40.0000856202303 54.5063922559628 31.1493722863493
2013-12-11 39.83625698723 53.9147789166618 30.8721683154746
2013-12-12 39.5724537131696 53.4982951270204 30.6268210545327
2013-12-13 39.5261971749127 53.5330051537771 30.6927058185701
2013-12-16 40.2156523158143 54.0977017897892 30.1239353002018
2013-12-17 39.8714090394331 54.0031210826051 30.4167333410197
2013-12-18 40.2954837397022 54.9868478823837 31.0497581892404
2013-12-19 40.9712929231607 55.0246338994701 31.5636636392729
2013-12-20 41.2540951091114 55.534896974742 31.4594511096243
2013-12-23 41.6431077508266 55.7741929628619 31.4616617379083
2013-12-24 41.6431077508266 55.9364466834028 31.4880861972745
2013-12-25 41.6431077508266 55.9364466834028 31.664919975639
2013-12-26 41.6431077508266 56.3753657155189 31.9946593555053
2013-12-27 42.0844713300463 56.357977247512 31.856140717694
2013-12-30 41.9210841337577 56.1796480220694 31.7933663736685
2013-12-31 41.9210841337577 56.3563181493398 31.7933663736685
2014-01-02 41.9031745563274 55.8215334059502 32.3460606944883
2014-01-03 42.0596882735548 56.2123106881038 32.3460606944883
2014-01-06 42.0278135069606 56.5830151541176 32.0501243516076
2014-01-07 42.3764116414184 56.8806514713859 31.9291990512294
2014-01-08 42.339143156832 56.5586863240929 32.5217412231802
2014-01-09 41.9993299542963 56.5882785908348 31.9589596501108
2014-01-10 42.2294838630874 56.6283531044704 32.0497814248199
2014-01-13 42.3941077536405 55.6753025980881 32.0677843914958
2014-01-14 42.5293556646993 56.0927870155351 31.3096012788563
2014-01-15 43.3910408697739 56.4341304144728 32.0553602275466
2014-01-16 43.3192725875734 56.3932993758851 31.7734675911196
2014-01-17 43.4318311674472 56.6066414349023 31.7232301998611
2014-01-20 43.3112059487859 56.6066414349023 31.7817441077446
2014-01-21 43.3745941533307 56.7257906453345 32.1452838723312
2014-01-22 43.3299729678546 56.5837566866108 32.0937618217473
2014-01-23 42.9329183959655 55.9342692753363 31.8468016741868
2014-01-24 41.8674210121553 54.6297678300305 31.1808262861925
2014-01-27 41.6766295207842 54.2050835591374 30.759594684322
2014-01-28 41.9337999271428 54.5114491047129 30.6743185641423
2014-01-29 41.6209553368571 53.9171935365882 31.4293111712118
2014-01-30 41.7847782204359 54.3172602185465 30.6703213292524
2014-01-31 41.4861079292855 53.9937346415814 30.6976126514769
2014-02-03 47.3102192295602 55.0247833538932 23.8424526388904
2014-02-04 47.0083832218316 55.230833262275 22.8631366847571
2014-02-05 46.9486959748143 55.1434737052282 23.24343841393
2014-02-06 47.6710283288853 55.7994568856398 23.178334729828
2014-02-07 47.9045267667035 56.2739852929829 23.5817162281739
2014-02-10 47.8424204490073 55.9422165153695 23.6654644056422
2014-02-11 48.8152953928647 56.6378728770528 23.6654644056422
2014-02-12 49.1306299330181 56.4169649232797 23.7611117823418
2014-02-13 49.4229908155163 56.8249548674775 23.3752805774919
2014-02-14 49.7609871986238 57.1737330652407 23.0501019741194
2014-02-17 49.7319381986797 57.1737330652407 23.1724140655024
2014-02-18 49.747493692561 56.8097587850828 23.8799771954647
2014-02-19 49.7488817719056 56.4110320106342 23.5975566939727
2014-02-20 49.536702360706 56.613198989873 23.0641402421095
2014-02-21 49.7329189006428 56.6399282138457 23.8085398996366
2014-02-24 50.000666594135 56.9387811933553 23.648951564301
2014-02-25 49.9512742380234 56.8505156667468 24.0035440250751
2014-02-26 49.7575371263108 56.8956901786699 23.88514288173
2014-02-27 49.3795279599418 57.2397536182812 23.8511750961527
2014-02-28 49.9138364353664 57.5801582666555 23.8201374874258
2014-03-03 49.0413608643726 57.5780678312259 24.6947034938493
2014-03-04 50.2479463264391 58.5251771401477 24.9624457650934
2014-03-05 50.0009766964893 58.5124636246996 25.2087803196473
2014-03-06 50.0054338379388 58.7802185541481 25.5097522233443
2014-03-07 48.9987084312432 58.7365977188361 25.5698408625209
2014-03-10 48.5519913343511 58.1505083725211 24.9836046715716
2014-03-11 48.7735946592723 57.9075184021409 25.1676936356492
2014-03-12 48.149502793308 57.9305654974806 24.5373731396436
2014-03-13 47.2539705173521 57.0738773454283 24.5908570090411
2014-03-14 47.4563431454796 56.7408018736848 23.7903720320716
2014-03-17 48.1086260462285 57.410874812773 23.9780860438824
2014-03-18 48.4317304019933 57.7294099524746 24.1442305318109
2014-03-19 48.6125132740493 57.2852974153902 24.2120535548469
2014-03-20 48.7124432964946 57.7070952242939 23.8258131290309
2014-03-21 48.9577856343121 58.0536993883518 23.8258131290309
2014-03-24 48.149917289133 58.0112624088263 24.3030929999619
2014-03-25 48.9339954520029 58.3193540275393 24.1847371615885
2014-03-26 49.5113461841216 57.8579672252434 24.2511899552333
2014-03-27 49.5251269899741 57.9122675577821 24.5230651371795
2014-03-28 50.2376759676363 58.2737044414099 24.7509056312107
2014-03-31 50.073764727856 58.8225853285532 24.8280702522621
2014-04-01 48.5924981205637 59.0981205320851 26.0338016560224
2014-04-02 48.6919244455582 59.1608597865574 26.1799203336297
2014-04-03 48.7195505501694 59.154965569875 26.3020454607221
2014-04-04 49.0582977438729 58.7548767366325 26.3210094725604
2014-04-07 48.1226467299699 58.340085215022 26.1168677075259
2014-04-08 48.0211500561342 58.3173911651934 25.7588545220287
2014-04-09 48.0998777956278 58.7569937917901 25.2921689167142
2014-04-10 47.8377336406007 57.6519621587127 25.366611596668
2014-04-11 47.1331616167925 56.8849510633903 24.7106966263981
2014-04-14 47.2539881697089 57.3263479883994 24.613661140916
2014-04-15 46.4167999500968 57.8470836914197 24.8409320567233
2014-04-16 47.1459641989713 58.530117863793 25.5951522031864
2014-04-17 47.61090406226 58.4212344523542 25.4825412540022
2014-04-18 47.61090406226 58.4212344523542 25.6407224037156
2014-04-21 47.61090406226 58.6170689041465 25.6121068454207
2014-04-22 48.574181185834 58.8533829635288 25.3598919041467
2014-04-23 48.2913433886945 58.8464065883957 25.6483463199357
2014-04-24 48.3140579710604 58.7570002406634 25.3974453977096
2014-04-25 47.56961560533 58.2536132408048 25.4546161606419
2014-04-28 47.7963463614358 58.5262615801102 25.2307865729771
2014-04-29 48.4933781490508 58.7750070150984 25.1862501284156
2014-04-30 48.5900720045935 58.9451471254013 25.1485429461514
2014-05-01 47.7754727853356 58.6086610941947 26.2996281966159
2014-05-02 47.5406013125671 58.2773949871459 26.2106195951681
2014-05-05 47.4086682994357 58.3355160473744 26.2106195951681
2014-05-06 47.1003727716588 57.8658931682803 26.258749838086
2014-05-07 47.3678728406241 58.1464304447426 25.470553959781
2014-05-08 47.7962178872751 58.1936451637534 25.7325271864763
2014-05-09 47.6671172802685 58.3955273015177 25.8139984345164
2014-05-12 48.2691333206994 59.4013534218803 25.9708218455993
2014-05-13 48.5276794720143 59.4680790731606 26.4338695640934
2014-05-14 48.5274802755109 59.2189745582449 26.3790092697393
2014-05-15 48.0382456884491 58.7214798082774 26.2925272450761
2014-05-16 47.9041701437963 58.9276347856583 25.9979930146192
2014-05-19 48.0548611991222 59.0312206954322 25.9116380404226
2014-05-20 47.9538223547511 58.4711517214141 26.0445551079385
2014-05-21 48.2462991329936 59.0681956585909 25.9926956433006
2014-05-22 48.3609218903846 59.1557967107952 26.6030921774731
2014-05-23 48.5952395132948 59.4773273936184 26.7778444963839
2014-05-26 49.2161641972326 59.4773273936184 27.0221481976273
2014-05-27 49.4549612042501 59.8786060166548 27.0850656302504
2014-05-28 49.4467506169082 59.6872412717845 27.1234073204853
2014-05-29 49.4454097169894 60.0369163543181 27.2137488329883
2014-05-30 49.4671459160569 60.1561892651213 27.2066155371242
2014-06-02 49.1977539474534 60.197567029856 27.4346297409931
2014-06-03 49.0475424936004 60.2049205376325 27.5516699502994
2014-06-04 49.0818059076243 60.268459897497 27.5322364144905
2014-06-05 49.1864309911547 60.6145214450029 27.4880176997681
2014-06-06 49.3810458189368 60.9588208435856 27.5215553363627
2014-06-09 49.4870518692215 60.878985525755 27.5476881378926
2014-06-10 49.5867808019406 60.9740413778291 27.3495127804859
2014-06-11 49.1962184670054 60.8570538398606 27.6381049630476
2014-06-12 49.1412888489371 60.603681805847 27.5832727527854
2014-06-13 49.0135736247042 60.727239890567 27.856586964264
2014-06-16 48.8707305457041 60.7373444210103 27.5290529819893
2014-06-17 49.0504106534195 60.8143551646476 27.6417387117535
2014-06-18 49.099903322749 61.1197679262777 27.8352876907062
2014-06-19 49.4641596988797 61.1689117620244 28.2462723802381
2014-06-20 49.3812920717366 61.0409459787055 28.2002561635532
2014-06-23 49.0533753880053 61.0459459628865 28.2021650652193
2014-06-24 49.1382227187572 60.6344104635966 28.2597219967327
2014-06-25 48.7904799948641 60.772207512616 28.0400273511851
2014-06-26 48.4797239876082 60.6416934114453 28.1108670480528
2014-06-27 48.5305010489253 60.6488825460794 27.7528473575222
2014-06-30 48.6190084209397 60.4338044389992 27.9023935760501
2014-07-01 49.2008270201149 60.3163120191449 27.4380673967292
2014-07-02 49.2448454530029 60.2689433756367 27.4272806742072
2014-07-03 49.8319325715569 60.6931794948504 27.392538087872
2014-07-04 49.730824091322 60.6931794948504 27.5094961120646
2014-07-07 49.2190127647352 60.8571749181667 27.4698906394229
2014-07-08 48.5562034678663 60.4368144923571 27.3774115740263
2014-07-09 48.7327381486471 60.6700912040307 27.4117460591869
2014-07-10 47.9920717331985 60.3515962785066 27.2475241322609
2014-07-11 48.0278949356709 60.431954096251 27.2008025920814
2014-07-14 48.6075777159579 60.9104900473767 27.4966875074197
2014-07-15 48.2915785439522 60.893473131335 27.6233753077593
2014-07-16 48.9864797657873 61.2286209685611 27.582936818203
2014-07-17 48.4628438267308 60.8982808973409 27.6487493695538
2014-07-18 48.2946062668492 61.4315178002246 27.4724211275127
2014-07-21 47.7581510273017 61.2710550805918 27.516518111666
2014-07-22 48.3657092343509 61.4795106656012 27.7492444597266
2014-07-23 48.4612523288776 61.514723308482 27.7367880947829
2014-07-24 48.6624794506513 61.6552697680642 27.7358857934792
2014-07-25 47.9169463597469 61.2105322118706 27.9993901943324
2014-07-28 47.6891878444215 61.4497287089591 28.1412945901073
2014-07-29 47.9647445932045 61.1764816452501 28.2978383111573
2014-07-30 47.666877798399 61.0934655160425 28.3219465895208
2014-07-31 46.7417337757847 60.0712353345832 28.226385637681
2014-08-01 47.6205163314517 59.5516877740856 27.8671506425116
2014-08-04 47.3312775693733 59.6476133983878 27.7577112254984
2014-08-05 47.5153496157252 59.1883827857339 27.5070770745737
2014-08-06 47.2066710714659 59.3400327403945 27.2545018766825
2014-08-07 46.7357940277075 59.219391526233 27.5110380227257
2014-08-08 46.5824923800272 59.8552704743319 26.7301321177987
2014-08-11 47.4688153138132 59.7346341206895 27.3330776836015
2014-08-12 46.8934936064092 59.7852859528959 27.3987106915466
2014-08-13 47.562605969718 60.245190134441 27.5194145752488
2014-08-14 47.6981744859106 60.459656367094 27.667584808559
2014-08-15 47.0130861522066 60.2673458042942 27.6400544244623
2014-08-18 47.8027756806069 60.7578680104004 27.6215304335172
2014-08-19 48.26269070608 61.1362704240183 27.8569065758759
2014-08-20 48.1607807865415 61.5307353671785 27.8815784574794
2014-08-21 48.6104053509223 61.963089716997 28.0701036523433
2014-08-22 48.2879725286144 61.9777388975974 27.896017663734
2014-08-25 49.1719677338912 62.352232438896 28.0391509498793
2014-08-26 49.5753205635733 62.6693696674161 27.9306928858798
2014-08-27 49.4799747261281 62.7492293891204 27.9959272499966
2014-08-28 48.9259559878193 62.6649386090068 27.8913389934389
2014-08-29 48.9653051453331 62.6723841589941 27.8541340745953
2014-09-01 48.1388380320135 62.2734658916129 29.0795194552961
2014-09-02 48.2809802468491 62.4497361863632 29.4058544209184
2014-09-03 48.8877069536589 62.5222857813113 29.3592329700189
2014-09-04 49.3842252186991 62.4190970535858 29.1770271842946
2014-09-05 49.4998096835048 62.9544336870714 29.30962668841
2014-09-08 49.5557272521257 63.4804070756775 29.634621183425
2014-09-09 49.3153635341857 63.172166169398 29.6762961264074
2014-09-10 49.2618860062339 63.5870944803847 29.6054418281154
2014-09-11 49.2167403150559 63.3662664497837 29.6687845331192
2014-09-12 49.0128383266175 63.1572675475111 29.6491097521286
2014-09-15 49.0560052024991 63.1240959205265 29.433921473531
2014-09-16 48.9204094373722 63.5861053862538 29.4380020423065
2014-09-17 49.0655025093724 63.6636905601499 29.4190194179967
2014-09-18 49.7593713565691 64.063729435792 29.6753879843855
2014-09-19 49.765109417654 64.4532151648598 29.9477876785444
2014-09-22 49.5126099724453 64.308498586015 29.7554116793994
2014-09-23 48.7279389263971 63.7964780795847 29.7554116793994
2014-09-24 49.0678879972673 64.2881384274052 29.6975522898356
2014-09-25 48.2961660236846 63.4687729898593 30.1462088869602
2014-09-26 48.1973394682555 64.4876779684017 29.9772791106047
2014-09-29 47.8538344878961 64.6593095471063 30.2177547029335
2014-09-30 48.114814558482 64.5469544987467 29.9205543348906
2014-10-01 49.07982661536 63.2832892332176 30.2192075435416
2014-10-02 48.1049785136872 63.4601068066271 29.4912416218635
2014-10-03 48.1049785136872 64.0906582320195 29.7685458747645
2014-10-06 48.1773272282581 64.6938851711414 30.1249740946699
2014-10-07 47.5323140621289 63.4635986674229 29.9327996612367
2014-10-08 47.0568978919956 64.0931975781966 29.6045881292056
2014-10-09 47.1075859263975 62.6661685921074 29.3974020549716
2014-10-10 45.9765357070296 61.9250021924985 29.0015104973372
2014-10-13 46.1000986526119 61.5641774786262 29.2958121701538
2014-10-14 46.166955565741 61.3283612506233 28.5987882892554
2014-10-15 44.8420882350847 60.6094213196469 28.8908623188001
2014-10-16 44.8993715421564 60.4888259180171 28.3068556105127
2014-10-17 46.2980486569875 60.9722165328792 27.8847178968007
2014-10-20 45.6048558083395 61.240066059578 28.852700532279
2014-10-21 46.489985784714 61.9948605515434 28.1983867884668
2014-10-22 46.7681824800424 61.3932942989065 29.020499808697
2014-10-23 47.3288160569003 62.5979430407368 29.009883287323
2014-10-24 47.0175050865524 63.3059368760866 29.2550880366577
2014-10-27 46.5718570273333 63.238138091515 29.2388723585174
2014-10-28 47.4380492354938 63.8234484577156 29.139891279636
2014-10-29 47.5145257374435 63.5952462020316 29.5032209488201
2014-10-30 47.6820843839858 64.3730257307307 29.6061436786483
2014-10-31 48.7912695745298 65.7126668353438 31.0798754722535
2014-11-03 49.862984009692 63.9816992651876 31.7391286072475
2014-11-04 49.4036256892268 64.2157319086815 31.7097638026838
2014-11-05 50.2067343167236 64.4483800975579 31.6780139572858
2014-11-06 50.5405106959317 64.7216953728338 31.2313777397093
2014-11-07 50.0792681166306 65.0220237696509 31.3729149623495
2014-11-10 50.4028600447625 65.2582698515656 31.2594384041125
2014-11-11 50.4953464598211 65.2154434228157 31.9397501719068
2014-11-12 49.6434103536421 65.3732818826169 31.8790158434385
2014-11-13 49.8457888664364 65.3662070152031 32.1410326331237
2014-11-14 49.8696683830147 65.330828741691 32.2907898637535
2014-11-17 50.1575226132985 65.018853706548 30.9919897352316
2014-11-18 50.9669366550163 65.2654885820348 31.73559171335
2014-11-19 51.0546229609776 65.310000298052 31.5324028816024
2014-11-20 51.1148243975067 65.2292777833081 31.2586051519185
2014-11-21 52.4545721404287 65.538358489963 31.1303949734108
2014-11-24 52.7401684238059 66.3556442261394 31.6101113537284
2014-11-25 53.1479992042218 66.2750849856952 31.6018060330128
2014-11-26 53.4409219781314 66.1254964235399 31.4765032383147
2014-11-27 53.7605822345528 66.1254964235399 31.2021666123898
2014-11-28 53.792809317975 65.8626149237094 31.6124520149132
2014-12-01 51.5838971545458 66.8459431550482 32.8380359470037
2014-12-02 51.4315313683182 67.1783588629923 32.9656135622793
2014-12-03 51.6267664607315 67.4270598160879 33.0723851031841
2014-12-04 51.0032124220162 67.8600496545003 33.4379788343004
2014-12-05 52.2238627673643 68.1598100835886 33.4185443481619
2014-12-08 51.8504260413686 68.026541425532 33.1286948231314
2014-12-09 50.7047957250604 67.8311351858481 32.9824152717883
2014-12-10 50.7359655911803 66.4743118778048 32.4078896976535
2014-12-11 51.0610978695583 66.4662983912101 32.2431351536194
2014-12-12 49.6746228349592 65.0750258257825 32.5115427366468
2014-12-15 48.3247983006865 64.5531109111721 31.8443534454386
2014-12-16 49.5149512156214 64.220018954816 31.3496782180301
2014-12-17 49.4142015200977 65.115216192276 31.7177170585183
2014-12-18 50.7946195388917 66.7812922120135 32.5004415738221
2014-12-19 50.6698490733312 67.6961004497292 33.229461839874
2014-12-22 51.0778178646891 68.7643006293962 33.2621972943482
2014-12-23 51.3695607244936 68.9107062464546 33.2621972943482
2014-12-24 51.3695607244936 69.1200643031063 33.5080954137339
2014-12-25 51.3695607244936 69.1200643031063 33.4409498201489
2014-12-26 51.3695607244936 69.3179925230712 33.4487334428489
2014-12-29 51.3955482506715 69.3324698156534 33.3404581223248
2014-12-30 50.7660939331784 69.103434859352 32.7754371556974
2014-12-31 50.7660939331784 68.6520073303874 33.0002343927049
2015-01-02 51.8405684268051 66.7588241666431 33.8189430628226
2015-01-05 50.2926331499137 66.0588714266068 33.84475282416
2015-01-06 50.2740517881372 65.9031094430752 33.0884939236147
2015-01-07 50.5316400673701 66.7778197924165 33.4376718266854
2015-01-08 52.227484847447 68.4244774646954 34.190727057658
2015-01-09 51.2235054571099 68.0542746052609 34.2299086706663
2015-01-12 51.9317228646208 67.4838681751509 34.2299086706663
2015-01-13 52.7763764055687 67.4084303817503 34.2436644023265
2015-01-14 52.1184904335718 66.8468182252753 33.8084127229999
2015-01-15 53.2627321464196 66.6079690021559 34.847093602873
2015-01-16 53.9802868899637 67.7040159692882 34.531642764985
2015-01-19 54.3762295787158 67.7040159692882 35.1901848959565
2015-01-20 54.4546974696725 68.4720195989656 35.9023935795407
2015-01-21 54.6782078180913 68.6602232635303 35.4564221072344
2015-01-22 55.4022950729622 69.7121090086133 35.6810110016418
2015-01-23 56.5382000561084 69.3145202899711 36.13400466559
2015-01-26 57.3279079316067 71.4606073432609 37.2109737075985
2015-01-27 56.4267118854498 70.2009248954203 37.7180979440427
2015-01-28 56.8641152782218 68.9615327517824 37.5241617161851
2015-01-29 57.0069283863696 69.5274085753875 37.005215719966
2015-01-30 56.775724191513 68.8250793104006 37.2990764526972
2015-02-02 50.4085533433876 68.8812795435473 43.610047067676
2015-02-03 50.7015652672099 69.8699538195258 42.9416584524438
2015-02-04 50.7963960026448 69.5460066414231 43.6139741824848
2015-02-05 50.7688819515466 69.9432973442237 42.847585436908
2015-02-06 50.4941187688226 70.0673838839385 43.5100533843412
2015-02-09 49.6427425245773 70.1493464076217 43.2875113704449
2015-02-10 50.063218342741 70.6453189902274 43.2517735956653
2015-02-11 50.0552123562596 70.6628227237791 43.2260610156872
2015-02-12 50.835175726777 71.1492208665014 43.7247081700702
2015-02-13 51.0388488168861 71.1276452753858 43.4606869163663
2015-02-16 50.8518423678991 71.1276452753858 43.8244354797992
2015-02-17 50.7233055516513 70.8953517331728 43.8624009823448
2015-02-18 51.0276740728303 70.9626595692654 44.3992826872664
2015-02-19 51.2182675331388 70.7207899844792 44.3557668656588
2015-02-20 51.444981138075 71.2663782766396 44.6117756754441
2015-02-23 51.8187167147696 71.2925067446654 44.9393722489269
2015-02-24 52.1670340667233 71.832673164642 45.3755735199807
2015-02-25 52.1881196876607 72.0266018126478 45.3712840740587
2015-02-26 52.7324314773217 71.8406485940992 45.8881728456106
2015-02-27 53.0791167164989 71.7585140719549 45.999690535386
2015-03-02 52.4336138203115 72.5154180821934 45.8882894213349
2015-03-03 51.8362295496696 72.2160482576994 45.7845193112658
2015-03-04 52.3417982979988 71.825758383412 45.5707943494386
2015-03-05 52.8639575655302 72.3030197210851 45.9386115883316
2015-03-06 53.0797509659252 71.7450086375437 46.7209341650981
2015-03-09 53.2228503471018 73.6767694099269 46.8276111733115
2015-03-10 52.8472772962343 72.241040358341 46.4087212701636
2015-03-11 54.2516374241785 72.6706344549884 46.7140531120369
2015-03-12 54.2213059914598 74.7262055681182 48.0537280818751
2015-03-13 54.6910370737948 74.4741599049765 48.9738811044048
2015-03-16 55.9138798037589 76.0421487155708 49.3103444314246
2015-03-17 55.0551623487882 75.1841105703406 49.6281771353942
2015-03-18 54.7882690792893 75.7884064274465 49.6579275468271
2015-03-19 54.6808817204091 74.9785508348252 49.3700891225243
2015-03-20 55.3240795102434 75.0124086373652 49.3713136879284
2015-03-23 54.6645200683116 74.3201466829782 49.1433408680672
2015-03-24 55.1693124698284 73.62448037632 49.4256134928148
2015-03-25 54.5242747732027 71.911960242955 49.250521749289
2015-03-26 54.4248304010145 71.6893828985003 48.545878731415
2015-03-27 54.5381054414082 71.7372677414811 48.2381422381275
2015-03-30 55.5384009925577 73.2864224345885 48.8483882433217
2015-03-31 54.9877053171594 72.7307436612476 48.3042067721317
2015-04-01 55.955615625907 71.4768195685625 48.5902205560692
2015-04-02 55.7971384721767 71.8129026723764 49.4488563895434
2015-04-03 55.7971384721767 71.8129026723764 49.5544390703985
2015-04-06 55.7971384721767 70.8918768232973 49.0507098965518
2015-04-07 56.5250834090119 70.7864948734104 49.5615617265678
2015-04-08 56.1163784622453 71.5318078240462 50.0415111562724
2015-04-09 56.7251991748801 72.127381996766 50.6365939109319
2015-04-10 57.6963372835487 73.1799346460649 50.9008438946845
2015-04-13 57.5284897375022 73.7740527320254 51.5581404729808
2015-04-14 57.0103496780291 74.1657901935369 51.6191253020087
2015-04-15 57.0277882687621 74.3444298810409 51.7050065323452
2015-04-16 55.9438684843643 74.0926792659819 51.7140579125205
2015-04-17 54.4977678945357 72.424514251392 50.8520546187732
2015-04-20 55.4452204858147 72.6144027897141 50.4446860471
2015-04-21 55.6674782477015 72.5258390647568 51.293886638426
2015-04-22 55.3308042267582 73.2036701638564 51.8933384346409
2015-04-23 54.6603929714228 73.1500778607817 51.8497181944523
2015-04-24 55.0672812109499 73.1892717559881 51.3114468903901
2015-04-27 56.1317635734629 72.1658433373379 50.9877511726105
2015-04-28 55.0710603310861 72.5212651021844 51.1846753445233
2015-04-29 53.3042764114907 71.8784761916183 51.1846753445233
2015-04-30 53.405265412368 70.3792509219806 49.1185023475354
2015-05-01 55.7224569137071 69.597801990324 47.5827597778528
2015-05-04 56.5274223305816 69.5274907350476 47.5827597778528
2015-05-05 55.1060947684875 69.165657178499 47.1359400035191
2015-05-06 55.2154086547501 68.9627072408573 47.2380344288013
2015-05-07 55.4966840700889 68.6029797809837 46.3572306209514
2015-05-08 56.9646683796803 69.2437163622409 46.3980562327796
2015-05-11 56.7876853457194 69.6239644186886 47.3337607397523
2015-05-12 55.8101693102442 69.7433568790884 47.4741013683811
2015-05-13 55.2217793582404 69.452147361961 47.588513627678
2015-05-14 56.2353960533139 69.759910196514 47.0084033356913
2015-05-15 55.6867030509279 69.1626965363778 47.1021783977022
2015-05-18 56.4030344337137 68.8690595328092 47.1441532118718
2015-05-19 57.6632415985765 69.2526170470096 47.5572716128
2015-05-20 57.6395973068777 70.1854951768457 48.4697017896371
2015-05-21 57.7180173116402 70.8559066104708 48.6398490777708
2015-05-22 57.4768236557327 70.6223368106588 48.715573947616
2015-05-25 57.4768236557327 70.6223368106588 49.3899665028924
2015-05-26 56.5531094339833 70.7753202114602 49.5658414732556
2015-05-27 57.2633599052005 71.6759574589899 49.5989604286626
2015-05-28 56.8082179230798 71.7407221189222 49.5491037200013
2015-05-29 55.5251455820967 71.0814102886677 49.2072522907742
2015-06-01 55.7656405778653 70.9273594676064 49.120808116067
2015-06-02 55.2426571129489 71.158721960188 49.2375203788446
2015-06-03 55.6855244458584 70.8879154090714 48.6234424441159
2015-06-04 55.3001965290911 69.1949639291431 48.0766208186375
2015-06-05 54.6006947195881 68.3909433948546 47.5503005141808
2015-06-08 53.9558989261601 69.0839859533608 47.7459956620345
2015-06-09 53.645620355684 68.7709907897535 46.8433052828218
2015-06-10 54.9334499929604 68.9448212605207 46.5504035130928
2015-06-11 55.2620670798172 68.9657078463957 47.6581145472304
2015-06-12 54.5974755942245 68.604472844674 47.8208608301789
2015-06-15 53.5660375741616 68.222041103107 47.7894026952539
2015-06-16 53.8539346759333 68.8704442067742 47.5980268848628
2015-06-17 53.5320986975232 68.8313828557372 47.3875715354338
2015-06-18 54.1284219452714 69.4855189980569 46.7445686600693
2015-06-19 53.8348675667844 68.4462257159057 46.9812865861017
2015-06-22 55.8848671298372 68.9923419817115 47.8015729016491
2015-06-23 56.2849191937822 68.9936426805137 48.4951369915122
2015-06-24 55.9373350058686 69.0581745192572 48.8939920182093
2015-06-25 55.946454262451 69.086717408512 48.7974165916102
2015-06-26 56.0405659537434 69.2299667882257 48.6967915457008
2015-06-29 54.045039070805 68.0486470664312 47.3630132594365
2015-06-30 53.3709854660342 68.6171937471954 48.4186939426223
2015-07-01 53.5765880238173 69.2044699425535 47.6258151894812
2015-07-02 53.1877180209928 69.5626988247104 48.2334831724354
2015-07-03 52.9914392359681 69.5626988247104 48.2352149737249
2015-07-06 52.187539963451 69.3364466337211 47.2516537518249
2015-07-07 51.1627796706176 70.1505346721429 48.2728011168663
2015-07-08 51.5007069470003 69.3951520734688 46.9394994981367
2015-07-09 52.6944355501929 69.3438533597874 47.4698344606495
2015-07-10 54.2241259757154 70.0220145222404 47.3277534195623
2015-07-13 55.0327704217616 70.2242181749139 47.0268101805767
2015-07-14 55.1886076257723 70.9916010789786 47.9216370936729
2015-07-15 55.2976716705756 71.4423539751131 48.27848405276
2015-07-16 56.1463271729368 71.8567866164418 48.6226778459242
2015-07-17 55.9386440669035 72.2354757947438 48.9480202616497
2015-07-20 56.2371826820325 72.8319167483021 48.9480202616497
2015-07-21 55.6098187246867 72.0499043705901 49.6283784618172
2015-07-22 55.2066710942603 71.5773557998554 48.8991004206155
2015-07-23 55.1656539165356 70.7287684083666 49.0009454282732
2015-07-24 54.3766078635392 69.8150327022737 48.4593549971977
2015-07-27 52.9819067818952 69.199342067039 47.9760327601191
2015-07-28 53.5450097082563 69.534087281023 47.7924646467798
2015-07-29 53.7268143183569 69.9168725942814 47.6265965405955
2015-07-30 53.9438941747471 70.0031246128841 48.1601067176879
2015-07-31 54.1923089962337 70.3806175127687 48.505413029289
2015-08-03 54.2706761707127 70.2638680631651 48.5437953044136
2015-08-04 54.3292475631484 70.176391201352 48.478237432635
2015-08-05 55.1839675916315 70.2636446804255 48.7892545446329
2015-08-06 54.9411558727778 70.2419686844442 49.0421109752812
2015-08-07 54.49409221588 69.8494972097132 48.9318787600488
2015-08-10 55.0344894188842 70.4534850976528 49.0944475579022
2015-08-11 53.5589876173838 69.5535103003586 48.7474154941929
2015-08-12 51.8088527898642 69.2492964047465 47.6375859771802
2015-08-13 52.2357612542871 68.6925334131883 47.8020763236092
2015-08-14 52.0959068160395 68.8415277883701 47.6116926709697
2015-08-17 51.8834019906127 69.2640125502372 47.9911170370839
2015-08-18 51.7676393100197 69.2426054886259 47.8796053805023
2015-08-19 50.659011100125 68.8105453752436 47.2573146397567
2015-08-20 49.4736014236657 67.408729375772 46.880150278936
2015-08-21 48.0145034970199 64.6994759890822 45.2181311789845
2015-08-24 45.7566958685564 61.1319745058625 42.884095132068
2015-08-25 48.031578909691 59.7809792265617 41.4219052091194
2015-08-26 47.411792850606 62.029931381641 42.9314641130303
2015-08-27 48.9207785776975 63.7965254435643 43.675650092286
2015-08-28 48.8397317317718 64.6320558409059 45.238446324737
2015-08-31 48.6544447533221 64.811037135126 44.6047868992518
2015-09-01 51.7627208143023 62.6845987362314 43.6229492371661
2015-09-02 51.9305821418131 63.5621751765305 43.6016337294694
2015-09-03 53.324917764469 63.6643610527343 43.9149202892821
2015-09-04 51.8788494189891 63.0306375323514 43.1767751375737
2015-09-07 52.2435726744607 63.0306375323514 43.9565930415009
2015-09-08 53.0847012922124 64.7377916755045 42.7642882627941
2015-09-09 53.2488429034847 63.662284085588 45.8233591118183
2015-09-10 52.7698534287076 63.9918298833257 44.3620925537883
2015-09-11 52.320833596567 64.1131284853473 44.0441582754022
2015-09-14 52.3631131087182 63.2341642652016 42.9186336879683
2015-09-15 52.6545475020754 64.1692060706271 43.1965435593344
2015-09-16 52.8565221379572 64.8711132185303 43.7303904678096
2015-09-17 52.868771435875 64.7674227621599 44.3315657729487
2015-09-18 51.248946761419 63.3818066533161 43.196741531808
2015-09-21 51.4161368243628 63.9807418321983 43.196741531808
2015-09-22 49.4633250260383 63.480891822578 43.196741531808
2015-09-23 49.6801835452201 63.8395975975411 43.196741531808
2015-09-24 48.7241628619572 63.6568961623188 42.8682523073096
2015-09-25 50.0725043107476 63.7135537229241 43.4299006514369
2015-09-28 49.0131191327756 62.5813456578601 42.677221179814
2015-09-29 48.8417955028088 62.7717017977225 41.0957438788447
2015-09-30 49.9273296820812 62.7717017977225 41.0957438788447
2015-10-01 49.9611096019154 62.6880781686671 41.1455875880658
2015-10-02 50.191339263626 62.6880781686671 41.1455875880658
2015-10-05 51.5664012259922 62.6880781686671 41.1455875880658
2015-10-06 52.0289590552464 62.6880781686671 41.1455875880658
2015-10-07 52.3839699986572 62.6880781686671 41.1455875880658
2015-10-08 52.5030765956809 62.6880781686671 41.1455875880658
2015-10-09 53.0470141884907 62.6880781686671 41.1455875880658
2015-10-12 53.169065875828 62.6880781686671 41.1455875880658
2015-10-13 52.7119210478381 62.6880781686671 41.1455875880658
2015-10-14 52.0973630003795 62.6880781686671 41.1455875880658
2015-10-15 52.8799396565388 62.6880781686671 41.1455875880658
2015-10-16 53.0881530201662 62.6880781686671 41.1455875880658
2015-10-19 53.402758835299 62.6880781686671 41.1455875880658
2015-10-20 53.3153862920102 62.6880781686671 41.1455875880658
2015-10-21 53.7904478986856 62.6880781686671 41.1455875880658
2015-10-22 55.1242684197624 62.6880781686671 41.1455875880658
2015-10-23 56.7139572511757 62.6880781686671 41.1455875880658
2015-10-26 56.749683076333 62.6880781686671 41.1455875880658
2015-10-27 56.1762176783427 62.6880781686671 41.1455875880658
2015-10-28 56.9105595935621 62.6880781686671 41.1455875880658
2015-10-29 56.747056102092 62.6880781686671 41.1455875880658
2015-10-30 57.0060747324779 62.6880781686671 41.1455875880658
2015-11-02 51.4758746548083 65.991001351927 43.3728644824756
2015-11-03 51.4781331980934 65.991001351927 43.3728644824756
2015-11-04 50.9802807374462 65.991001351927 43.3728644824756
2015-11-05 51.1800607224528 65.991001351927 43.3728644824756
2015-11-06 51.6514946633406 65.991001351927 43.3728644824756
