time value.DAX value.Dow.Jones value.Nikkei value.mixed
2013-02-01 0.183899846341543 0.249468622395089 0.233296134444358 0.33333539681901
2013-02-04 0.181588103627571 0.248929830354119 0.231923990300797 0.337558075717512
2013-02-05 0.182212753623084 0.251607995976855 0.228624889476535 0.337554360923527
2013-02-06 0.178622964635303 0.250713237763287 0.236112787457519 0.33455101014389
2013-02-07 0.179885347849776 0.250952497885763 0.232672865587905 0.336489288676557
2013-02-08 0.181275593322729 0.252772569795843 0.229574907789563 0.336376929091865
2013-02-11 0.180548947372165 0.254406149318189 0.229205788572601 0.335839114737045
2013-02-12 0.17956776252078 0.252666212568686 0.234902336916259 0.332863687994275
2013-02-13 0.181770508010382 0.25277915166183 0.230759312880948 0.33469102744684
2013-02-14 0.180027305291771 0.252059970283553 0.232922992583404 0.334989731841272
2013-02-15 0.179308816512577 0.253732947617069 0.231646816895425 0.335311418974929
2013-02-18 0.179115154909939 0.252288739068823 0.235190277238385 0.333405828782853
2013-02-19 0.181456776411314 0.253291263256235 0.232874845561146 0.332377114771305
2013-02-20 0.180924282717165 0.251177760570342 0.235483508017506 0.332414448694988
2013-02-21 0.179014132077916 0.251888414671011 0.233886551275908 0.335210901975166
2013-02-22 0.17873427993723 0.254015591845857 0.235982449833066 0.331267678383847
2013-02-25 0.180310772307115 0.249437536680861 0.240843549716129 0.329408141295895
2013-02-26 0.177834824064841 0.253505110254867 0.236242506108183 0.332417559572109
2013-02-27 0.177580361106883 0.256383656067564 0.237495602250582 0.328540380574971
2013-02-28 0.177756812879428 0.253824874643638 0.242346932755612 0.326071379721322
2013-03-01 0.188027585789307 0.255363841799787 0.230535396334848 0.326073176076058
2013-03-04 0.187269993222474 0.257552717159431 0.229719484180538 0.325457805437557
2013-03-05 0.190103163814803 0.258011047474279 0.229000198293327 0.322885590417591
2013-03-06 0.190079328657772 0.256632838335904 0.232438564978151 0.320849268028173
2013-03-07 0.19031725645035 0.256868952725751 0.232387383547728 0.320426407276171
2013-03-08 0.190174398833685 0.256516436401093 0.234992999175503 0.318316165589719
2013-03-11 0.190367677144938 0.258218837494969 0.232684258832581 0.318729226527512
2013-03-12 0.190207816522012 0.258600277973709 0.232001405928588 0.319190499575691
2013-03-13 0.190747417243743 0.258853773014939 0.230492579862575 0.319906229878743
2013-03-14 0.19131809962957 0.258757043277176 0.232541383433788 0.317383473659466
2013-03-15 0.190270351724188 0.258186795227321 0.235285870178568 0.316256982869923
2013-03-18 0.191494373234091 0.257570043220691 0.231364065187282 0.319571518357937
2013-03-19 0.188165203358583 0.25802307029799 0.237307857564988 0.316503868778439
2013-03-20 0.189020122777544 0.258416118303169 0.236771976948274 0.315791781971013
2013-03-21 0.187426284538507 0.257351109331822 0.239349078624812 0.315873527504859
2013-03-22 0.187973225670639 0.26009475682016 0.2342867088192 0.317645308690002
2013-03-25 0.186631889636928 0.257142808414447 0.239223152371797 0.317002149576829
2013-03-26 0.186587700981692 0.259243809445246 0.2375914582253 0.316577031347762
2013-03-27 0.183996851239763 0.260068179006198 0.240120702961194 0.315814266792845
2013-03-28 0.18427550798141 0.262150529314397 0.237531143642272 0.316042819061921
2013-04-02 0.195891005471791 0.261005934939237 0.22906695312098 0.314036106467992
2013-04-03 0.193497921609137 0.257557079452205 0.236019918799736 0.312925080138922
2013-04-04 0.191098028850682 0.257592079707578 0.239995725841953 0.311314165599787
2013-04-05 0.188262638797085 0.257819451545684 0.240867461916812 0.313050447740419
2013-04-08 0.189283260788699 0.257082121982964 0.239044207656813 0.314590409571524
2013-04-09 0.189185966999435 0.258614651595326 0.236733441106349 0.31546594029889
2013-04-10 0.192452631782133 0.258512723161693 0.235231878262233 0.313802766793941
2013-04-11 0.192876000210986 0.257593790956934 0.237471624127975 0.312058584704105
2013-04-12 0.190745789664982 0.258781745118019 0.236802697221255 0.313669767995744
2013-04-15 0.191309560304812 0.255517895962588 0.237262066191862 0.315910477540738
2013-04-16 0.189922985799358 0.258056332570682 0.237170535034404 0.314850146595557
2013-04-17 0.186135893869079 0.256146139162916 0.241759102623203 0.315958864344802
2013-04-18 0.186791596024477 0.25603200685925 0.238858835094256 0.318317562022017
2013-04-19 0.185684289845189 0.256690944913364 0.240607497076141 0.317017268165306
2013-04-22 0.185779992903082 0.256526501471833 0.241280052684796 0.316413452940289
2013-04-23 0.189108414367954 0.257587984535846 0.23879321557948 0.31451038551672
2013-04-24 0.189709864859425 0.254946113588621 0.243930509392393 0.311413512159561
2013-04-25 0.190855456010867 0.254883687241703 0.243917302159265 0.310343554588165
2013-04-26 0.190765431068415 0.254930203218262 0.243386182831506 0.310918182881817
2013-04-29 0.191560337725762 0.255975620955096 0.242577008140112 0.309887033179029
2013-04-30 0.191953497513852 0.254719667051534 0.244379033485454 0.308947801949159
2013-05-02 0.196158265839741 0.264512542066515 0.230303632508794 0.30902555958495
2013-05-03 0.198638098005668 0.266009560870004 0.228604398140546 0.306747942983781
2013-05-06 0.198362807401383 0.266351465486628 0.228574903008143 0.306710824103845
2013-05-07 0.198368459427286 0.265873624353107 0.231648826367197 0.30410908985241
2013-05-08 0.198981881885885 0.265703883949455 0.232774152799076 0.302540081365585
2013-05-09 0.199796483903242 0.265230336564127 0.231664167266337 0.303309012266294
2013-05-10 0.198805321915982 0.263868801124024 0.236103866938669 0.301222010021324
2013-05-13 0.198433769435474 0.265739855787788 0.235190331996193 0.300636042780545
2013-05-14 0.199193589274233 0.26732104130935 0.233860611772393 0.299624757644024
2013-05-15 0.19840323727631 0.266429191979652 0.237561120340265 0.297606450403773
2013-05-16 0.198492505316283 0.26730095493582 0.236728826906429 0.297477712841468
2013-05-17 0.198130949143267 0.268389494673671 0.237535967657815 0.295943588525247
2013-05-20 0.198699907537983 0.267859909969568 0.238674219640477 0.294765962851973
2013-05-21 0.198603631381454 0.267790399118682 0.239549794724108 0.294056174775757
2013-05-22 0.199438014371383 0.265051263981277 0.242248328172306 0.293262393475033
2013-05-23 0.199983592773865 0.270761558467561 0.228888632932061 0.300366215826513
2013-05-24 0.198152970553386 0.27050780937761 0.232048098104888 0.299291121964116
2013-05-27 0.200917660765643 0.271730709068303 0.226705088195086 0.300646541970968
2013-05-28 0.201963374938768 0.270763780682632 0.228536037635944 0.298736806742656
2013-05-29 0.199707835843708 0.271118718701384 0.228657754382056 0.300515691072852
2013-05-30 0.203068606828189 0.274151787379697 0.219518598199745 0.303261007592369
2013-05-31 0.202644034765219 0.269585005955468 0.223279888597853 0.30449107068146
2013-06-03 0.198700021292623 0.269732788753999 0.227074438512023 0.304492751441356
2013-06-04 0.198290748300886 0.266924422230911 0.231288996850674 0.303495832617529
2013-06-05 0.199182579212822 0.266568453055985 0.225674310562021 0.308574657169173
2013-06-06 0.197315414022321 0.268489180796642 0.224835788662476 0.309359616518561
2013-06-07 0.199724386628717 0.269038764886587 0.224010690331178 0.307226158153518
2013-06-10 0.198631598782946 0.264165686128016 0.233604741398177 0.303597973690861
2013-06-11 0.198482296764963 0.26474320989583 0.230257626419152 0.306516866920055
2013-06-12 0.197485442008036 0.262572824565197 0.231995991266591 0.307945742160176
2013-06-13 0.198536137008864 0.267986491984025 0.222059637989106 0.311417733018004
2013-06-14 0.198184286823025 0.263985396501844 0.228207598268472 0.309622718406659
2013-06-17 0.198009197592541 0.262734874169612 0.23320904811341 0.306046880124437
2013-06-18 0.198156686351291 0.265002352707031 0.231076390665618 0.30576457027606
2013-06-19 0.197819371404053 0.261359284173433 0.234367066499423 0.30645427792309
2013-06-20 0.194788581268042 0.259668463486597 0.233558254734443 0.311984700510918
2013-06-21 0.191031398997323 0.262800630276264 0.234728884277585 0.311439086448828
2013-06-24 0.189564544587219 0.263861180771376 0.233635277481881 0.312938997159524
2013-06-25 0.191840587925644 0.265137382950839 0.231141447618103 0.311880581505414
2013-06-26 0.194213960216899 0.266551263945487 0.228649578357997 0.310585197479617
2013-06-27 0.193043827977281 0.26667741291155 0.233484574717332 0.306794184393838
2013-06-28 0.191285107951517 0.263609504023534 0.239899335447477 0.305206052577472
2013-07-01 0.199978588602328 0.274406240119882 0.220407250598967 0.305207920678823
2013-07-02 0.198255619416548 0.273231388356805 0.223134090256574 0.305378901970073
2013-07-03 0.19673906367892 0.275009833221243 0.222052874312679 0.306198228787158
2013-07-04 0.2000651423217 0.273887426755999 0.221096212349581 0.304951218572719
2013-07-05 0.194434120299085 0.276640193858947 0.225405481183325 0.303520204658643
2013-07-08 0.197470112967931 0.279886990981665 0.220668564191877 0.301974331858527
2013-07-09 0.197929452032994 0.278528417424286 0.224213825279872 0.299328305262848
2013-07-10 0.198274430184964 0.278553800734653 0.223643688686723 0.29952808039366
2013-07-11 0.19885290588923 0.27982911232082 0.224312602649423 0.297005379140526
2013-07-12 0.20110525978673 0.27577822997843 0.224718285389689 0.298398224845151
2013-07-15 0.201459736700793 0.275901656182084 0.224511876728576 0.298126730388547
2013-07-16 0.200759035847017 0.275791450803553 0.225134135199958 0.298315378149472
2013-07-17 0.202025477230406 0.275090564947107 0.224635923210878 0.298248034611608
2013-07-18 0.202983064489012 0.2742483133786 0.226064967337783 0.296703654794605
2013-07-19 0.203610552435308 0.275907399018436 0.22266141533168 0.297820633214577
2013-07-22 0.203907215189109 0.275538452848919 0.222278870367474 0.298275461594499
2013-07-23 0.202999671333856 0.274716242574549 0.224732472914479 0.297551613177116
2013-07-24 0.204599766417608 0.273705741477585 0.224116962295967 0.29757752980884
2013-07-25 0.20380154739064 0.275090241156958 0.221826951801397 0.299281259651005
2013-07-26 0.204040574515013 0.2772974023881 0.21706205344472 0.301599969652167
2013-07-29 0.205697940140158 0.277089857432581 0.21367951794497 0.303532684482291
2013-07-30 0.205081227502556 0.275938026582243 0.216794041670655 0.302186704244547
2013-07-31 0.205897196731659 0.276724024049562 0.214168472326189 0.303210306892591
2013-08-01 0.201802517591179 0.275438262440971 0.219547001555495 0.303212218412355
2013-08-02 0.200356844832972 0.274429770625729 0.224034877044318 0.301178507496981
2013-08-05 0.20133814176389 0.274659637911125 0.221037390298278 0.302964830026707
2013-08-06 0.199110205905447 0.273451761478612 0.224261810562541 0.3031762220534
2013-08-07 0.200136859837561 0.275125694567258 0.218547243693339 0.306190201901842
2013-08-08 0.201617783828502 0.275104668654943 0.21696370338932 0.306313844127235
2013-08-09 0.202315235683437 0.273074774517369 0.217970619025849 0.306639370773344
2013-08-12 0.202855258570625 0.273341954646405 0.21711237975476 0.30669040702821
2013-08-13 0.202632169453302 0.27237142680556 0.220697647337989 0.304298756403148
2013-08-14 0.203209994027723 0.270995779291749 0.221433671439997 0.304360555240531
2013-08-15 0.203810078148923 0.270285979923392 0.218388554830539 0.307515387097146
2013-08-16 0.204597944655256 0.269765617919389 0.217505239884042 0.308131197541312
2013-08-19 0.20418347411591 0.267910853236971 0.219453122652535 0.308452549994584
2013-08-20 0.204265349614643 0.269795723923451 0.214896525683137 0.311042400778769
2013-08-21 0.204414557128027 0.267765355540376 0.215998456625453 0.311821630706144
2013-08-22 0.206763347462674 0.268041065737092 0.214012716741131 0.311182870059103
2013-08-23 0.205968613570915 0.268299029104316 0.216446265500375 0.309286091824394
2013-08-26 0.207117482213051 0.267264770746881 0.215273303568522 0.310344443471546
2013-08-27 0.204174483001777 0.266670064666535 0.216069707804647 0.31308574452704
2013-08-28 0.202587013618753 0.268338263701646 0.215196610752183 0.313878111927417
2013-08-29 0.202609967593522 0.267624809095691 0.217252727834426 0.312512495476362
2013-08-30 0.20083694803441 0.269353934559282 0.21653444877663 0.313274668629678
2013-09-02 0.200307824267277 0.272777484842974 0.213638101429276 0.313276589460472
2013-09-03 0.197709212324874 0.273335282469455 0.21735298805799 0.31160251714768
2013-09-04 0.197445587902972 0.274826992879939 0.21711511777859 0.310612301438499
2013-09-05 0.198206769558813 0.274636930975962 0.216822762025998 0.310333537439228
2013-09-06 0.199726504057498 0.275293821851609 0.21380143442374 0.311178239667154
2013-09-09 0.197910037755817 0.27513015807141 0.218633137007014 0.308326667165759
2013-09-10 0.20041415767146 0.274835729089273 0.218811715709949 0.305938397529318
2013-09-11 0.201418966139413 0.275956914075251 0.216929403739215 0.305694716046121
2013-09-12 0.201845896917415 0.275713726381237 0.216032571071544 0.306407805629804
2013-09-13 0.201694654911771 0.27578185896143 0.216897391256507 0.305626094870293
2013-09-16 0.203179524174215 0.276777635302946 0.215866567961462 0.304176272561377
2013-09-17 0.203212822454654 0.276675219736911 0.21531518455827 0.304796773250164
2013-09-18 0.202869565307285 0.277792172460843 0.216431643525953 0.302906618705918
2013-09-19 0.203403264804497 0.275411761433294 0.219509078569121 0.301675895193088
2013-09-20 0.204917481911799 0.271505781864292 0.21900607202415 0.304570664199759
2013-09-23 0.204526385289765 0.271541279705858 0.218516652394986 0.305415682609391
2013-09-24 0.205124605169541 0.270417210102758 0.219182659000192 0.305275525727509
2013-09-25 0.20542980111425 0.270244199187924 0.218629935777726 0.305696063920099
2013-09-26 0.204607943206535 0.270060605845958 0.220801930269965 0.304529520677542
2013-09-27 0.205077158178333 0.269323741022498 0.220277242162079 0.30532185863709
2013-09-30 0.205103435300753 0.26881583290691 0.218332592466781 0.307748139325556
2013-10-01 0.203539272023008 0.274779376731289 0.213931309789463 0.30775004145624
2013-10-02 0.203863125932389 0.275481983868811 0.210279245921041 0.310375644277758
2013-10-03 0.203650950504447 0.273568100397928 0.21158928353575 0.311191665561876
2013-10-04 0.204646025055435 0.274261609767422 0.209286164098244 0.311806201078899
2013-10-07 0.204727069543124 0.273827715489656 0.208373089871521 0.313072125095699
2013-10-08 0.204428547026271 0.271372914953378 0.210276031763607 0.313922506256745
2013-10-09 0.203129408887721 0.271294372939228 0.212210157529461 0.31336606064359
2013-10-10 0.204528244190472 0.274378375291497 0.21170862156239 0.309384758955642
2013-10-11 0.204294574234641 0.275308449562454 0.212746427447076 0.30765054875583
2013-10-14 0.20456273207709 0.276351714298667 0.210992370232269 0.308093183391974
2013-10-15 0.20648502832685 0.273522533185208 0.211849345884772 0.30814309260317
2013-10-16 0.206250822737302 0.276331536629469 0.211067375203961 0.306350265429267
2013-10-17 0.205232217191274 0.276111662303179 0.212639244139004 0.306016876366542
2013-10-18 0.206647662034852 0.275245754793864 0.211822728970391 0.306283854200894
2013-10-21 0.2066839832746 0.273446919365436 0.213601943415095 0.306267153944868
2013-10-22 0.207910886186023 0.274140064193277 0.212624040120332 0.305325009500369
2013-10-23 0.208781357072102 0.274527312824237 0.20913660739879 0.307554722704872
2013-10-24 0.209543920682482 0.274028573573426 0.209835459352951 0.306592046391141
2013-10-25 0.210693459279175 0.276058697353035 0.205146394686621 0.308101448681169
2013-10-28 0.209702522414268 0.274794083088993 0.208606081670794 0.306897312825945
2013-10-29 0.210390767752425 0.276373646555612 0.20680906473653 0.306426520955433
2013-10-30 0.209711867209961 0.275356800115819 0.209091832014423 0.305839500659797
2013-10-31 0.210986501953782 0.275473676956478 0.206644158571921 0.306895662517819
2013-11-01 0.204922306448242 0.274764165805098 0.213415957590379 0.306897570156281
2013-11-04 0.204596614078045 0.277604085949708 0.212383573389784 0.305415726582464
2013-11-05 0.203743129006116 0.276671635228539 0.214491501269272 0.305093734496073
2013-11-06 0.203352869767255 0.277582371526957 0.215622383776093 0.303442374929695
2013-11-07 0.205114593462038 0.275797069031716 0.214367944574832 0.304720392931414
2013-11-08 0.204677743337186 0.278895541365965 0.21226058275481 0.304166132542039
2013-11-11 0.203972160472912 0.279584904443561 0.214307187701876 0.302135747381651
2013-11-12 0.202679123647023 0.277929954988479 0.218129946871182 0.301260974493316
2013-11-13 0.202496033050187 0.279033827843742 0.216759025298488 0.301711113807583
2013-11-14 0.203235990310034 0.277548300437639 0.219537967394587 0.299677741857741
2013-11-15 0.202712916211153 0.277189788656608 0.221808663532383 0.298288631599856
2013-11-18 0.204124746606791 0.276973603027477 0.220380296673885 0.298521353691847
2013-11-19 0.203710784562085 0.277078451931661 0.220250709427065 0.298960054079189
2013-11-20 0.204255914925966 0.276178916674764 0.220088514100114 0.299476654299156
2013-11-21 0.20299141283176 0.276431310616049 0.222758181434343 0.297819095117848
2013-11-22 0.202860019171781 0.278091158530663 0.222161110820728 0.296887711476828
2013-11-25 0.204705862849063 0.275933453937533 0.222375329797688 0.296985353415716
2013-11-26 0.204782305793739 0.276926858058733 0.220875907091591 0.297414929055938
2013-11-27 0.205964475912449 0.276863104151721 0.219991082721101 0.297181337214729
2013-11-28 0.206027473594203 0.275878621827579 0.221966560200468 0.29612734437775
2013-11-29 0.207012878569083 0.275525736321899 0.220482160195862 0.296979224913156
2013-12-02 0.20889486743287 0.278475013765931 0.215648938628191 0.296981180173008
2013-12-03 0.205772157040225 0.278408345658204 0.217611542786582 0.298207954514989
2013-12-04 0.205357615975943 0.28009077270698 0.214246665867477 0.3003049454496
2013-12-05 0.205267868449594 0.280061183779895 0.212654668922935 0.302016278847576
2013-12-06 0.205839763665578 0.280994860626421 0.213192481976745 0.299972893731256
2013-12-09 0.206261244241028 0.279080919812113 0.214811688479319 0.299846147467541
2013-12-10 0.205264692899462 0.279093077842802 0.214598681833497 0.301043547424239
2013-12-11 0.205611714907919 0.277667757965043 0.213924675125582 0.302795852001456
2013-12-12 0.205318451863268 0.276963946132744 0.213334620709539 0.304382981294449
2013-12-13 0.204996038678978 0.277032266313447 0.213707631319086 0.304264063688489
2013-12-16 0.208043083882171 0.279244916491922 0.209215708399026 0.303496291226881
2013-12-17 0.206310098114609 0.278821370250483 0.211298245088805 0.303570286546102
2013-12-18 0.206098342123289 0.280624279914736 0.213206658965551 0.300070718996425
2013-12-19 0.208060665382841 0.278814766213959 0.215190026174834 0.297934542228367
2013-12-20 0.208804679900709 0.280470654632749 0.213770966860165 0.296953698606377
2013-12-23 0.210102158722986 0.280781811611569 0.213104910536879 0.296011119128566
2013-12-24 0.209892420265074 0.281317527920374 0.213070981374608 0.295719070439945
2013-12-27 0.210676295598307 0.281512374394565 0.214097391696003 0.293713938311125
2013-12-30 0.210305741213731 0.28121982401596 0.214131005236929 0.29434342953338
2013-12-31 0.2101192154073 0.281853980174484 0.213941086701167 0.294085717717049
2014-01-02 0.210075958558926 0.279563704513907 0.216272279606619 0.294088057320548
2014-01-03 0.210283389736455 0.280750122321124 0.215680235825084 0.293286252117337
2014-01-06 0.210182438803315 0.282680150075593 0.213766369952247 0.293371041168844
2014-01-07 0.211412687620666 0.283479088138496 0.212444223082331 0.292664001158508
2014-01-08 0.210772484327737 0.281268281707982 0.215921392611038 0.292037841353243
2014-01-09 0.210190148056651 0.282908550656541 0.213310709722544 0.293590591564264
2014-01-10 0.21092820929518 0.28255462488744 0.213498091567438 0.293019074249941
2014-01-13 0.212560307964624 0.2788616893614 0.214434993605708 0.294143009068268
2014-01-14 0.213729460429651 0.281599709041639 0.209847189149955 0.294823641378755
2014-01-15 0.215677512664793 0.28021813107612 0.212498316066855 0.291606040192232
2014-01-16 0.215844140692122 0.280695990654819 0.211141574331874 0.292318294321185
2014-01-17 0.216125656738255 0.281394218619526 0.210535638247165 0.291944486395054
2014-01-20 0.215570330478978 0.281452879395863 0.210967944165647 0.292008845959512
2014-01-21 0.215170472519494 0.281110717590136 0.212674072614471 0.291044737275899
2014-01-22 0.21522085886421 0.280761346302135 0.212601635101702 0.291416159731954
2014-01-23 0.214714610970424 0.279446550435028 0.212415910702873 0.293422927891675
2014-01-24 0.212852074065588 0.2774473800794 0.211416719378217 0.298283826476795
2014-01-27 0.21315663838794 0.276946504473679 0.209815184220612 0.300081672917768
2014-01-28 0.213979257314909 0.277871996134782 0.20875285010376 0.29939589644655
2014-01-29 0.212273336326189 0.274701022809122 0.213780602713184 0.299245038151505
2014-01-30 0.213596983734066 0.277373180666879 0.209095830708044 0.29993400489101
2014-01-31 0.212706065110239 0.276547760022616 0.209909365309577 0.300836809557569
2014-02-03 0.224749684565322 0.299539565422117 0.174871519952783 0.300839230059778
2014-02-04 0.225001400432591 0.302930656315528 0.168954492931307 0.303113450320575
2014-02-05 0.2242562172602 0.301833057109812 0.171413632364529 0.302497093265458
2014-02-06 0.22622156116025 0.303431853748975 0.169818785704045 0.300527799386729
2014-02-07 0.22582845169095 0.303991541162296 0.171633293984881 0.298546713161872
2014-02-10 0.225868152654367 0.302644823409423 0.172496748701827 0.298990275234382
2014-02-11 0.228550508143252 0.303867972158991 0.171066640601202 0.296514879096554
2014-02-12 0.229800303985461 0.302384627312846 0.171588844495239 0.296226224206454
2014-02-13 0.230989597214523 0.304336626105603 0.1686724902797 0.296001286400174
2014-02-14 0.232312692036688 0.305866718087335 0.166142532743576 0.295678057132401
2014-02-17 0.232003220354852 0.305637684857966 0.166899076684142 0.29546001810304
2014-02-18 0.23132941803158 0.302715269856802 0.171442145595549 0.29451316651607
2014-02-19 0.232298150843356 0.301840977092234 0.170119263331513 0.295741608732897
2014-02-20 0.232178333881644 0.304063309059521 0.166899829872783 0.296858527186053
2014-02-21 0.231603386598021 0.302256308614727 0.171181861356076 0.294958443431176
2014-02-24 0.232455646011792 0.303336167292059 0.16974626319269 0.294461923503459
2014-02-25 0.231797494661563 0.302307066006968 0.171973512004116 0.293921927327353
2014-02-26 0.231246196956451 0.303002922363184 0.171382941653842 0.294367939026523
2014-02-27 0.229527247460027 0.304885516617126 0.171167426500669 0.294419809422178
2014-02-28 0.231068688620205 0.305453232906844 0.170250516381999 0.293227562090952
2014-03-03 0.226512933443391 0.304189833834651 0.17606730212284 0.293229930599117
2014-03-04 0.229223175129362 0.305379627904346 0.175780924385063 0.28961627258123
2014-03-05 0.227972304173358 0.305146998481315 0.177418881463743 0.289461815881583
2014-03-06 0.227188783108581 0.305462568785829 0.178904114356243 0.288444533749346
2014-03-07 0.22359332022811 0.30657737154139 0.180113646924782 0.289715661305718
2014-03-10 0.223617374257001 0.306343824380657 0.177622508064078 0.292416293298264
2014-03-11 0.224401754733331 0.304742871219317 0.178743107842371 0.292112266204981
2014-03-12 0.223142169496553 0.307082260989423 0.175534430203227 0.294241139310796
2014-03-13 0.220825964637272 0.305074792889311 0.177390311746397 0.29670893072702
2014-03-14 0.223246344984 0.305311156257117 0.172757027727306 0.298685471031578
2014-03-17 0.224509617379646 0.306452576969554 0.17273124860113 0.29630655704967
2014-03-18 0.225025401521539 0.306800310712345 0.173164686339987 0.295009601426129
2014-03-19 0.226098281586028 0.304754043325603 0.173830194029557 0.295317481058812
2014-03-20 0.226576795796369 0.307016593576121 0.171067556072789 0.295339054554721
2014-03-21 0.227039366493639 0.307940220861241 0.170557779516605 0.294462633128516
2014-03-24 0.223416061241615 0.307884821719556 0.174070347631992 0.294628769406837
2014-03-25 0.226052941588994 0.308155063062452 0.172458760186849 0.293333235161705
2014-03-26 0.228558518530977 0.305501232074035 0.172810502593165 0.293129746801824
2014-03-27 0.22809948648342 0.305088893003918 0.174348358836672 0.29246326167599
2014-03-28 0.229816396534567 0.304916702536266 0.174778081089682 0.290488819839485
2014-03-31 0.228456433783799 0.306968897458376 0.174855990828368 0.289718677929457
2014-04-01 0.226131690030151 0.306018147501578 0.178128928607827 0.289721233860444
2014-04-02 0.226189276615103 0.305795337617395 0.178808456729624 0.289206929037879
2014-04-03 0.226106054859968 0.305479052951523 0.179474645974374 0.288940246214135
2014-04-04 0.227760354302158 0.303522495944878 0.179668879157368 0.289048270595596
2014-04-07 0.225190146369098 0.303772354480126 0.179690711794891 0.291346787355885
2014-04-08 0.225403249566577 0.304583949630147 0.177770144106366 0.29224265669691
2014-04-09 0.225897352041937 0.30704925306867 0.17464570226034 0.292407692629053
2014-04-10 0.226133348765454 0.303242048021739 0.176303583223492 0.294321019989315
2014-04-11 0.225490593524526 0.302817211834685 0.173816703115052 0.297875491525736
2014-04-14 0.225561338349991 0.304482110024458 0.17274563166488 0.297210919960672
2014-04-15 0.221483499143959 0.307134752287617 0.174276459703777 0.297105288864647
2014-04-16 0.222207193625462 0.306954709803479 0.177368286666472 0.293469809904587
2014-04-17 0.224209355817981 0.306125383750243 0.176439045924906 0.29322621450687
2014-04-18 0.223963209046772 0.305789306004869 0.177339374513336 0.292908110435022
2014-04-22 0.227390569644776 0.306562975893291 0.174549665653687 0.291496788808246
2014-04-23 0.225924445973069 0.306333996950452 0.176424124193757 0.291317432882722
2014-04-24 0.226502085829673 0.306506448111666 0.175062605134935 0.291928860923726
2014-04-25 0.224294544544958 0.305628075618592 0.176465691787957 0.293611688048493
2014-04-28 0.225149298224109 0.306766543123362 0.17474765235776 0.293336506294769
2014-04-29 0.227458569411264 0.306756563832188 0.173695288542542 0.292089578214006
2014-04-30 0.227665001202879 0.307310992824862 0.17324719800568 0.29177680796658
2014-05-02 0.225070820824358 0.304093688379319 0.178050703178777 0.292784787617546
2014-05-05 0.224517480055427 0.304493620785539 0.178107239214905 0.292881659944129
2014-05-06 0.223858948041932 0.303127631888142 0.179075446045904 0.293937974024022
2014-05-07 0.225724050465276 0.305400513578156 0.174158319198388 0.29471711675818
2014-05-08 0.226838754821372 0.304405177945224 0.175233866717832 0.293522200515572
2014-05-09 0.225999588887894 0.305155426110041 0.175612700665891 0.293232284336174
2014-05-12 0.226771842059459 0.307587525670497 0.175072204903415 0.290568427366629
2014-05-13 0.226923261219421 0.306496947570765 0.177362628421791 0.289217162788023
2014-05-14 0.227297174599025 0.305717239836391 0.177286904690207 0.289698680874377
2014-05-15 0.226235781970736 0.304806271855243 0.177671745993382 0.291286200180638
2014-05-16 0.225954125699195 0.306350586267754 0.175953803275873 0.291741484757178
2014-05-19 0.226513473382068 0.306684076962756 0.175252193496156 0.291550256159021
2014-05-20 0.226599932893999 0.304530605969431 0.17658970115507 0.2922797599815
2014-05-21 0.227041210787095 0.30637064104239 0.175510818696644 0.291077329473871
2014-05-22 0.2264215538999 0.305262358147093 0.178717547574287 0.28959854037872
2014-05-23 0.226627087059601 0.305718898733196 0.179186623697942 0.28846739050926
2014-05-26 0.228486820107929 0.304338984881141 0.180005238401753 0.287168956609178
2014-05-27 0.228775362425721 0.305297901681215 0.179779910688896 0.286146825204168
2014-05-28 0.228910348707311 0.304552330774547 0.180170547029823 0.286366773488319
2014-05-29 0.228360272305579 0.305608691580496 0.180341146373393 0.285689889740532
2014-05-30 0.228309111955387 0.306012706223603 0.180174278697407 0.285503903123603
2014-06-02 0.227641806754116 0.307086017149117 0.179765771658502 0.285506404438265
2014-06-03 0.226921156849714 0.307088872129395 0.180512306877562 0.285477664143329
2014-06-04 0.22699825318316 0.307302738267655 0.180320301089712 0.285378707459473
2014-06-05 0.227036661883652 0.308462033679701 0.179678145250102 0.284823159186546
2014-06-06 0.227282068470999 0.309325556148054 0.179382063586211 0.284010311794735
2014-06-09 0.227711656882103 0.308841350707492 0.179506422376912 0.283940570033493
2014-06-10 0.2282498177443 0.309431028593994 0.178276981036278 0.284042172625428
2014-06-11 0.226566998791864 0.308994115840424 0.180249614487225 0.284189270880487
2014-06-12 0.226743550110725 0.308291651097288 0.180233429067392 0.284731369724594
2014-06-13 0.225741653445796 0.308356587446096 0.181687224415187 0.284214534692921
2014-06-16 0.225702258539035 0.309255354955817 0.18004435019398 0.284998036311168
2014-06-17 0.226088639542157 0.309041322763237 0.180427446398167 0.284442591296438
2014-06-18 0.225629510644051 0.309650165188849 0.18113906891197 0.28358125525513
2014-06-19 0.226262635921954 0.308480215633022 0.182971943718664 0.28228520472636
2014-06-20 0.226182161586349 0.308241785409693 0.182915330762871 0.282660722241087
2014-06-23 0.225009153808143 0.308718370016279 0.183195538211937 0.283076937963641
2014-06-24 0.225695309514597 0.307041163743867 0.183811266117569 0.283452260623967
2014-06-25 0.22462058393016 0.308456430358384 0.182807515567499 0.284115470143958
2014-06-26 0.223554077943535 0.308296172700642 0.183568369858237 0.284581379497586
2014-06-27 0.224251280047131 0.308970712213105 0.181605440486126 0.285172567253639
2014-06-30 0.224594181334564 0.307784463341902 0.182530320352338 0.285091034971196
2014-07-01 0.227780361187114 0.307562898992057 0.179564038753827 0.285092701067002
2014-07-02 0.228008323794726 0.307353945740977 0.179512479663353 0.285125250800943
2014-07-03 0.229657151242269 0.308082780059593 0.178454083182477 0.283805985515661
2014-07-04 0.229122838412919 0.307990915131791 0.179162590157486 0.283723656297804
2014-07-07 0.227169492796936 0.309374269021923 0.179223936732168 0.284232301448973
2014-07-08 0.225417098954759 0.309028825531635 0.179662107858257 0.285891967655349
2014-07-09 0.225731012643383 0.309528295476398 0.179485383802075 0.285255308078145
2014-07-10 0.223671040602105 0.309802069081002 0.179510260927203 0.28701662938969
2014-07-11 0.223776691483101 0.310129605346933 0.179153372221456 0.286940330948509
2014-07-14 0.224879211353287 0.310379276291024 0.179824011018179 0.28491750133751
2014-07-15 0.223577762207042 0.310515469265455 0.180782304987486 0.285124463540016
2014-07-16 0.225742147454101 0.310775082810247 0.179679651777862 0.28380311795779
2014-07-17 0.224149208383661 0.310233462176289 0.180769758600974 0.284847570839076
2014-07-18 0.22319525352244 0.312703586843384 0.17947552492872 0.284625634705457
2014-07-21 0.221381403719665 0.31282703860563 0.18030554486322 0.285486012811484
2014-07-22 0.222991799665028 0.312202967185481 0.180852479309472 0.283952753840019
2014-07-23 0.223311608740102 0.312213037459038 0.180673645697294 0.283801708103566
2014-07-24 0.223872377057768 0.312414923973766 0.180372485468171 0.283340213500296
2014-07-28 0.220028491240977 0.312272871282438 0.183537596012788 0.284161041463796
2014-07-29 0.221099512231947 0.310602850383822 0.18439149314654 0.283906144237691
2014-07-30 0.220086319690805 0.31068937048785 0.184850833566563 0.284373476254783
2014-07-31 0.218014848295994 0.308605108483242 0.186105195856517 0.287274847364248
2014-08-01 0.225326721485854 0.306459643022213 0.180937098148123 0.28727653734381
2014-08-04 0.224313248339111 0.30744001173868 0.180512303628094 0.287734436294116
2014-08-05 0.225890879586581 0.306028490655308 0.179442648046336 0.288637981711775
2014-08-06 0.224947237629663 0.307528726105359 0.17820996925761 0.289314067007368
2014-08-07 0.222968599396288 0.307268924305296 0.18010157679827 0.289660899500146
2014-08-08 0.222803568295481 0.311359726528331 0.175435299866681 0.290401405309507
2014-08-11 0.225336744877121 0.308397217051099 0.178044522308819 0.288221515762961
2014-08-12 0.223060653161009 0.309289595252913 0.178836830656882 0.288812920929196
2014-08-13 0.224815385955296 0.309701555754403 0.178490882656476 0.286992175633825
2014-08-14 0.22484761186196 0.309965112087065 0.178967523684408 0.286219752366568
2014-08-15 0.222595604639726 0.310341966601102 0.179578018441141 0.287484410318031
2014-08-18 0.224951864159386 0.310956491072174 0.178361319894098 0.285730324874343
2014-08-19 0.225846214177372 0.311143580257323 0.178875404867596 0.284134800697709
2014-08-20 0.224988821157085 0.312622438030777 0.178731555767843 0.283657185044295
2014-08-21 0.225845390869679 0.313094669356546 0.178954433936804 0.282105505836971
2014-08-22 0.224916804435795 0.313963585898839 0.17829600025929 0.282823609406076
2014-08-25 0.227457702366915 0.313686397371944 0.177977202613879 0.280878697647262
2014-08-26 0.228688957479724 0.314409463310317 0.176798196663434 0.280103382546526
2014-08-27 0.228163423186182 0.314691904487369 0.177144580013011 0.280000092313438
2014-08-28 0.226432332336935 0.315416462987507 0.177127071213937 0.281024133461621
2014-08-29 0.226617812387666 0.315458630035154 0.176893427556736 0.281030130020444
2014-09-01 0.224710422267018 0.311547348080058 0.182710824781599 0.281031404871325
2014-09-02 0.224566065070664 0.311309279946109 0.18409894213462 0.280025712848606
2014-09-03 0.226732049408505 0.310771727559916 0.183276756837481 0.279219466194099
2014-09-04 0.228885100983982 0.310056021233077 0.182020272011323 0.279038605771618
2014-09-05 0.228501486269516 0.311462116368534 0.182114794012339 0.277921603349611
2014-09-08 0.227648524112994 0.312538912576175 0.183239798293703 0.276572765017127
2014-09-09 0.227080960271361 0.31175803890456 0.183932138036313 0.277228862787765
2014-09-10 0.226525901795582 0.313378518227641 0.183243179963923 0.276852400012854
2014-09-11 0.226522837938185 0.312572434504515 0.183801199780821 0.277103527776479
2014-09-12 0.226056917672765 0.312194098649789 0.184064080689953 0.277684902987493
2014-09-15 0.226550502807933 0.312436260315415 0.182966010249854 0.278047226626798
2014-09-16 0.225543848611614 0.314193023699281 0.182683227029797 0.277579900659308
2014-09-17 0.226001385509918 0.314282406615498 0.182394812918836 0.277321394955747
2014-09-18 0.227658175551094 0.314133311147405 0.182748664458861 0.27545984884264
2014-09-19 0.226864428753277 0.314904914022883 0.18376196577019 0.274468691453651
2014-09-22 0.226401089356753 0.315155195441219 0.183137843262023 0.275305871940006
2014-09-23 0.22417978163714 0.314563633150312 0.184261160830004 0.276995424382544
2014-09-24 0.22492708937495 0.315841109763786 0.183237557321841 0.275994243539423
2014-09-25 0.222455941676102 0.313317653432036 0.186901806142442 0.277324598749419
2014-09-26 0.221220218391724 0.317228282054302 0.185201032131613 0.27635046742236
2014-09-29 0.219478034873182 0.317832856626659 0.186546004322131 0.276143104178027
2014-09-30 0.220937726378824 0.317658315605942 0.184931179438493 0.276472778576741
2014-10-01 0.226158180999754 0.312260363334495 0.185108026180165 0.276473429485587
2014-10-02 0.223471284716985 0.315682882444458 0.182120005170516 0.278725827668042
2014-10-03 0.222392670818792 0.317280741214953 0.182945176021718 0.277381411944537
2014-10-06 0.221506184697321 0.318511356283456 0.184120748655466 0.275861710363756
2014-10-07 0.22079187815735 0.315672946984383 0.184830811676693 0.278704363181574
2014-10-08 0.218824770909261 0.319156476129015 0.183005906915805 0.279012846045918
2014-10-09 0.220860530014326 0.314614647217388 0.183218409628966 0.281306413139319
2014-10-10 0.218063309088434 0.31450743619311 0.182852064307582 0.284577190410874
2014-10-13 0.218516075009788 0.312484263761904 0.184595017571284 0.284404643657023
2014-10-14 0.219992584620869 0.312936845065206 0.181157923683892 0.285912646630033
2014-10-15 0.215430981328318 0.311803511839037 0.18450822521175 0.288257281620894
2014-10-16 0.216588556731475 0.312456047012939 0.181518030467051 0.289437365788534
2014-10-17 0.221884912963647 0.312907234075853 0.177649601462166 0.287558251498334
2014-10-20 0.217644250451157 0.312961054436076 0.183043990823995 0.286350704288773
2014-10-22 0.221556495696498 0.311439337313365 0.182756056634261 0.284248110355877
2014-10-23 0.222278355854396 0.314811168749142 0.181113328704207 0.281797146692255
2014-10-24 0.220017561231852 0.317220131335911 0.181983524379395 0.280778783052842
2014-10-27 0.218483836544049 0.317682554594423 0.18234307446455 0.281490534396978
2014-10-28 0.221134894220615 0.318587884689521 0.180572362219574 0.279704858870289
2014-10-29 0.221166319282719 0.316982859275382 0.182555498900234 0.279295322541664
2014-10-30 0.220777353075967 0.319169767326275 0.182227546797912 0.277825332799845
2014-10-31 0.221299075176372 0.31915753838572 0.187391395810681 0.272151990627227
2014-11-03 0.228499080195648 0.312183399676836 0.187164861356093 0.272152658771423
2014-11-04 0.226651387573533 0.313681452873717 0.187204245325568 0.272462914227182
2014-11-05 0.229273317926255 0.313365652502198 0.186154103707124 0.271206925864424
2014-11-06 0.23074460551517 0.314622414758007 0.183487380332428 0.271145599394396
2014-11-07 0.22859614527227 0.316023411059288 0.18428455081257 0.271095892855872
2014-11-10 0.229623268785362 0.316551309335293 0.183258873374216 0.270566548505129
2014-11-11 0.229081831598335 0.315019607735988 0.18646354292722 0.269435017738457
2014-11-12 0.225997968268111 0.316877248728947 0.186754449717049 0.270370333285894
2014-11-13 0.226370827993227 0.316077160485545 0.18783431615056 0.269717695370668
2014-11-14 0.226295203605593 0.315649336294571 0.18855613334698 0.269499326752855
2014-11-17 0.229387042067223 0.316606594578187 0.182391833736036 0.271614529618554
2014-11-18 0.23094564078021 0.314885509582812 0.18505079898052 0.269118050656458
2014-11-19 0.231475340561358 0.315280556601379 0.183971204506231 0.269272898331032
2014-11-20 0.232146023407034 0.315431303035891 0.182686769784567 0.269735903772508
2014-11-21 0.236614417259393 0.314775743433114 0.180703103648683 0.26790673565881
2014-11-24 0.236014787060868 0.316172006726168 0.182031628177405 0.265781578035559
2014-11-25 0.237508705317318 0.315348485897093 0.181730424945627 0.265412383839962
2014-11-26 0.238846972228051 0.314675251490186 0.181032023075734 0.26544575320603
2014-11-27 0.240311279237168 0.314721912397743 0.179480830256116 0.265485978108973
2014-11-28 0.2401542334255 0.313078204655881 0.181613166512896 0.265154395405723
2014-12-01 0.230679258713037 0.316164927122832 0.18800078473124 0.265155029432892
2014-12-02 0.229625409971801 0.317222598021926 0.188425529049889 0.264726462956384
2014-12-03 0.229886221137485 0.317553188434328 0.18853484312283 0.264025747305357
2014-12-04 0.226803988318002 0.3191622867169 0.190362441341349 0.263671283623749
2014-12-05 0.230680002801457 0.3184296992556 0.188980318358745 0.261909979584198
2014-12-08 0.229929588934709 0.319054712403137 0.18807668041004 0.262939018252114
2014-12-09 0.226394766820516 0.320324878529614 0.188533223354442 0.264747131295428
2014-12-10 0.228718541567043 0.316944727679646 0.187035603722486 0.267301127030825
2014-12-11 0.230074378883684 0.316755264274647 0.185995940056429 0.267174416785239
2014-12-12 0.226391766834867 0.313678417415849 0.189693181080099 0.270236634669186
2014-12-15 0.22304123944973 0.315120411330443 0.188163614178762 0.273674735041066
2014-12-16 0.22831857842482 0.313198421196807 0.185065759805387 0.273417240572987
2014-12-17 0.226478204404357 0.315646774984034 0.186107828841838 0.27176719176977
2014-12-18 0.228464934502271 0.317688063812599 0.187145415850443 0.266701585834688
2014-12-19 0.22609735521427 0.319487420126765 0.18982668789348 0.264588536765486
2014-12-22 0.226322302527278 0.322256945636654 0.18868355221518 0.262737199620888
2014-12-23 0.227165291564412 0.322305015648404 0.188310766316462 0.262218926470722
2014-12-24 0.226627694823902 0.322519146143081 0.189253954813911 0.261599204219105
2014-12-29 0.226706127485828 0.323458572169534 0.188277060548724 0.261558239795914
2014-12-30 0.225516099750089 0.324674123195676 0.186397630279387 0.263412146774848
2014-12-31 0.225706079915433 0.322824872097118 0.18783418049917 0.263634867488278
2015-01-02 0.231949846264242 0.314589028892966 0.189825671878954 0.263635452963838
2015-01-05 0.227314962346853 0.314459962369253 0.191904684482287 0.266320390801607
2015-01-06 0.228398731113722 0.31533070698167 0.188580759145293 0.267689802759315
2015-01-07 0.227894783051554 0.317185835674303 0.189181036925031 0.265738344349111
2015-01-08 0.230985399135062 0.318718641895825 0.189698690898189 0.260597268070925
2015-01-09 0.22790034280897 0.31889055151513 0.191052182827979 0.262156922847921
2015-01-12 0.230940708176826 0.316066371519752 0.190960737767447 0.262032182535976
2015-01-13 0.233882896222583 0.314618074768195 0.190374908623712 0.26112412038551
2015-01-14 0.232819673412771 0.314498912365151 0.189462476588931 0.263218937633148
2015-01-15 0.235619891559857 0.310331072976706 0.19338627791161 0.260662757551827
2015-01-16 0.237244754015191 0.313390927589545 0.19039224292552 0.258972075469744
2015-01-19 0.237708044465124 0.311716491151269 0.192986494966681 0.257588969416926
2015-01-20 0.236212069044635 0.312817061214963 0.195371278599116 0.255599591141286
2015-01-21 0.237323275575257 0.313864237429346 0.193059666954264 0.255752820041133
2015-01-22 0.23827993176438 0.315775544470224 0.19251627214282 0.253428251622576
2015-01-23 0.241828254794931 0.312248129397699 0.193888361625402 0.252035254181968
2015-01-26 0.240675362683862 0.315967784086574 0.195977925909589 0.247378927319975
2015-01-27 0.238485451336402 0.312485982488332 0.199985041102046 0.24904352507322
2015-01-28 0.241468053057498 0.308417391278587 0.19989547992757 0.250219075736345
2015-01-29 0.241984175548165 0.310832146647668 0.197057444518181 0.250126233285986
2015-01-30 0.241620312964701 0.308480730351459 0.199131249864159 0.25076770681968
2015-02-02 0.254023425710317 0.32527435926352 0.169934098144028 0.250768116882135
2015-02-03 0.254598365935026 0.328778788226109 0.16673911772217 0.249883728116695
2015-02-04 0.254676518148123 0.326743751149725 0.16908539899532 0.249494331706833
2015-02-05 0.25485511678773 0.329018978756617 0.166320795132907 0.249805109322746
2015-02-06 0.253026343744141 0.329018209524151 0.168592790832546 0.249362655899161
2015-02-09 0.249945628759714 0.33097294791701 0.168529851988113 0.250551571335164
2015-02-10 0.25097883357008 0.331879793713167 0.167666652465096 0.249474720251657
2015-02-11 0.250953026253282 0.331980978332799 0.167576545038287 0.249489450375632
2015-02-12 0.252808283533005 0.331570747896951 0.16814282174687 0.247478146823174
2015-02-13 0.253847183882988 0.331504173477582 0.167144660257763 0.247503982381667
2015-02-16 0.252798446742805 0.331348668643361 0.168464532317918 0.247388352295916
2015-02-17 0.252557164142393 0.330787428062584 0.168876409272491 0.247778998522531
2015-02-18 0.253086353109561 0.329816157892529 0.170279885576697 0.246817603421214
2015-02-19 0.254119394762266 0.328805535822567 0.170171748491053 0.246903320924114
2015-02-20 0.254064328404022 0.329810485317593 0.170362745815736 0.245762440462648
2015-02-23 0.255089144267082 0.32887305923968 0.171063268546472 0.244974527946766
2015-02-24 0.255305856319925 0.32943197435414 0.17171617244524 0.243545996880695
2015-02-25 0.255159823935563 0.329999026698176 0.1715323966962 0.243308752670061
2015-02-26 0.256854328404856 0.327912842403175 0.172836036408768 0.242396792783201
2015-02-27 0.258095415169376 0.326970919840813 0.172956127785993 0.241977537203818
2015-03-02 0.255716121101076 0.329562154652185 0.172743903171919 0.24197782107482
2015-03-03 0.253987364993206 0.329739586603806 0.173160929961669 0.243112118441319
2015-03-04 0.256493495777846 0.327994528300951 0.172372054705976 0.243139921215227
2015-03-05 0.257473994466524 0.3281623819393 0.172704679805549 0.241658943788627
2015-03-06 0.258148163388479 0.325155059817111 0.17538975572257 0.24130702107184
2015-03-09 0.256318943877881 0.330652500625035 0.17407528770644 0.238953267790644
2015-03-10 0.257031417947351 0.327420786890838 0.174227112697496 0.241320682464314
2015-03-11 0.26126893361914 0.32613134031664 0.173650090823219 0.238949635241002
2015-03-12 0.257502593801337 0.330706876753214 0.176153494544971 0.235637034900478
2015-03-16 0.260725537533406 0.330428108680218 0.177482084825355 0.231364268961021
2015-03-17 0.258423963109003 0.328866368404359 0.179810728660826 0.232898939825813
2015-03-18 0.256786388694645 0.331013614405766 0.179649309650817 0.232550687248771
2015-03-19 0.257592041029481 0.329149072006616 0.179520225501548 0.233738661462355
2015-03-20 0.259795034665251 0.328252786729576 0.178955015754797 0.232997162850375
2015-03-23 0.258495052827349 0.327500461120041 0.179375826943428 0.234628659109182
2015-03-24 0.260790291159084 0.324320761843599 0.18034265484828 0.234546292149037
2015-03-25 0.260668866102474 0.320375320566231 0.181745071757734 0.237210741573561
2015-03-26 0.261256002088429 0.320687990102237 0.179876364559769 0.238179643249564
2015-03-27 0.261899827859624 0.321024855232486 0.178804433095693 0.238270883812197
2015-03-30 0.263021559073961 0.323429894365402 0.178566816956571 0.234981729604066
2015-03-31 0.262262351090716 0.323256333867545 0.177831155682245 0.236650159359494
2015-04-01 0.261491140149351 0.32376813550891 0.178090435948795 0.236650288392944
2015-04-02 0.259730077956526 0.324017438277348 0.180528177247048 0.235724306519079
2015-04-07 0.263337419955592 0.319651948629709 0.181090127079779 0.23592050433492
2015-04-08 0.260595451103912 0.321982286410061 0.182257763715604 0.235164498770423
2015-04-09 0.261416197548394 0.322190118586426 0.183020347264786 0.233373336600394
2015-04-10 0.263224563586238 0.323612860038054 0.182130038460908 0.231032537914799
2015-04-13 0.261357568371251 0.32487129060353 0.183707877553361 0.230063263471859
2015-04-14 0.259110240825944 0.326730806934815 0.184000897098828 0.230158055140414
2015-04-15 0.258885978977697 0.327134253787592 0.184091198492125 0.229888568742587
2015-04-16 0.255497363035703 0.327993178467334 0.185234113641456 0.231275344855508
2015-04-17 0.253217064986787 0.326178574748035 0.185310994462417 0.235293365802761
2015-04-20 0.256650958609742 0.325804538436998 0.183135536696406 0.234408966256855
2015-04-21 0.256726187780709 0.324202955497992 0.185529364779533 0.233541491941766
2015-04-22 0.254246653223828 0.32604436715089 0.187015799927355 0.232693179697928
2015-04-23 0.252042312844842 0.326942277212058 0.187510474623845 0.233504935319255
2015-04-24 0.253891906954513 0.327083195788374 0.185544425074174 0.233480472182939
2015-04-27 0.259016411403869 0.322779444543337 0.184528256637163 0.233675887415631
2015-04-28 0.254782311179249 0.325212170513509 0.18572236853667 0.234283149770572
2015-04-29 0.249365509053309 0.325933332529358 0.18779875585733 0.236902402560002
2015-04-30 0.253361378442476 0.323635802279206 0.182759465012645 0.240243354265674
2015-05-04 0.263994199069777 0.319045203313285 0.177542939505551 0.239417658111386
2015-05-05 0.259946824194139 0.320579576411518 0.177646080698052 0.24182751869629
2015-05-06 0.260472980091431 0.319651798214894 0.178038031250481 0.241837190443194
2015-05-07 0.262761653153662 0.319152604041313 0.175360191412506 0.24272555139252
2015-05-08 0.267019092325894 0.318916928181288 0.173762119551672 0.240301859941146
2015-05-11 0.265016563841296 0.319255260266648 0.17648526010909 0.239242915782966
2015-05-12 0.261367187193738 0.320923139950072 0.177628665720935 0.240081007135256
2015-05-13 0.259563624424094 0.320759533540288 0.178712179161919 0.240964662873699
2015-05-14 0.263273036740955 0.320895036293883 0.175829079259429 0.240002847705733
2015-05-15 0.262005194757898 0.319735438723519 0.177058983162614 0.241200383355968
2015-05-18 0.264800763388678 0.317688414803382 0.176832944985066 0.240677876822875
2015-05-19 0.268239932132918 0.316534483449712 0.176750188317534 0.238475396099837
2015-05-20 0.266122067847528 0.318396130783992 0.178792326614394 0.236689474754085
2015-05-21 0.265414274601074 0.320146968234359 0.178699636008071 0.235739121156496
2015-05-22 0.264804670668873 0.31969469290555 0.17931609874562 0.236184537679958
2015-05-25 0.264148988308715 0.318903097461841 0.1813483048411 0.235599609388344
2015-05-26 0.260662016723134 0.320526223917526 0.1825249855784 0.23628677378094
2015-05-27 0.261977575885367 0.322196825789941 0.181291917918533 0.234533680406158
2015-05-28 0.260409232519525 0.323125637699538 0.181467807357983 0.234997322422954
2015-05-29 0.257125437452613 0.323423695588028 0.182055175368973 0.237395691590385
2015-06-01 0.258954061618243 0.322460612690206 0.181189727494301 0.237395598197251
2015-06-02 0.256768505976869 0.323818893902754 0.181792266846299 0.237620333274078
2015-06-03 0.259200542731418 0.323052159609882 0.179784121398817 0.237963176259883
2015-06-04 0.260409664615447 0.31901548319744 0.179835900953041 0.240738951234072
2015-06-05 0.259442820520375 0.318162458633489 0.179476995805088 0.242917725041047
2015-06-08 0.256148758075459 0.321097970270544 0.180053809017493 0.242699462636504
2015-06-10 0.260923889726437 0.320616205729923 0.175635562534289 0.24282434200935
2015-06-11 0.260961455762224 0.318852105951888 0.178771438345227 0.241414999940661
2015-06-12 0.258910025975029 0.318519179276471 0.180138163985102 0.242432630763398
2015-06-15 0.255754187403553 0.318907542686775 0.181249522360759 0.244088747548913
2015-06-16 0.256186102777848 0.320758270385505 0.179861874266056 0.243193752570592
2015-06-17 0.255295472479336 0.321382473333783 0.179516897039364 0.243805157147517
2015-06-18 0.257248722930222 0.323317355722538 0.176470068834078 0.242963852513162
2015-06-19 0.257226524463797 0.320190510708352 0.178315478542058 0.244267486285794
2015-06-22 0.262955480603396 0.317830625639907 0.178666129134552 0.240547764622145
2015-06-23 0.263656526377733 0.316418891860628 0.180449925248844 0.239474656512795
2015-06-24 0.261988570813103 0.316666789569107 0.181906454109792 0.239438185507998
2015-06-25 0.26207998928428 0.316856560852092 0.181580899157198 0.23948255070643
2015-06-26 0.262331115370706 0.317284069703879 0.181075493779515 0.239309321145901
2015-06-29 0.258077872968775 0.318142201186216 0.179657890943694 0.244122034901315
2015-06-30 0.253984486970786 0.319699364559268 0.183032021712698 0.243284126757248
