time value.DAX value.Dow.Jones value.Nikkei value.VIX
2012-02-01 50 50 50 -50
2012-02-02 50.2946340226512 49.956553140442 50.3804305931428 -48.4691938865756
2012-02-03 51.1337308807308 50.5731567922482 50.1256536699626 -45.9050908839604
2012-02-06 51.1198277217113 50.5059187949894 50.67771283692 -45.3884424991622
2012-02-07 51.0395008278504 50.6359483476378 50.6114191798164 -45.8285524200421
2012-02-08 50.998389108856 50.6585568409513 51.1680176490526 -46.8427101486683
2012-02-09 51.3009598862517 50.6841526672267 51.0922518819861 -49.1197873339008
2012-02-10 50.5767264232282 50.3333101675308 50.7797000972318 -53.3295095275632
2012-02-13 50.9206340036443 50.6195909808362 51.0748817404365 -49.2920035418964
2012-02-14 50.8429490019883 50.6362632072774 51.375062696883 -50.7462710718081
2012-02-15 51.0677609865002 50.2535699172481 52.5570972917939 -53.6165352253515
2012-02-16 51.0225720395711 50.7377057670744 52.4308727455701 -51.5499452739889
2012-02-17 51.7485433936937 50.9177481654322 53.2598954144042 -50.8993517070694
2012-02-20 52.5062543914499 50.9177481654322 53.8326668513694 -50.8993517070694
2012-02-21 52.2030821758744 50.9799522420719 53.7074066981632 -50.8228095357265
2012-02-22 51.717110008215 50.8737099856465 54.2237667282958 -49.3876774589548
2012-02-23 51.4570825978714 51.0546585678036 54.4596992069132 -46.1729811286088
2012-02-24 51.8724763162981 51.047816117132 54.7537446425629 -47.9334099290431
2012-02-27 51.7604097863604 51.0421524772337 54.6774080049106 -48.430922741107
2012-02-28 52.0477896665759 51.1349862968361 55.1802000272393 -47.7611937210474
2012-02-29 51.8093770859704 50.9263991382924 55.1842903801127 -46.9192522004168
2012-03-01 55.5004072019793 55.5004072019793 55.5004072019793 -55.5004072019793
2012-03-02 55.3373071683973 55.48873659535 55.8986785130714 -55.8222850003942
2012-03-05 54.8982929099669 55.4256234774782 55.4502073310595 -55.6153652110382
2012-03-06 53.0326267438006 54.5548294638787 55.101678057143 -59.8457197608793
2012-03-07 53.3364419764572 54.8891055999162 54.7496591888123 -56.8568799237395
2012-03-08 54.6430887381561 55.1910172157916 55.8525377358219 -54.7187110182683
2012-03-09 55.0082260533624 55.2512158129178 56.7717744100183 -53.6611244643724
2012-03-12 55.1772443597058 55.4123703504896 56.543767270753 -51.2010822150035
2012-03-13 55.9332650444767 56.3443525687696 56.5964796471354 -48.8559935201763
2012-03-14 56.600937123066 56.4145599072298 57.4623116084847 -50.4423776618431
2012-03-15 57.1208631104665 56.6653755778184 57.8783100468512 -49.706664451845
2012-03-16 57.2277551353394 56.5792636437956 57.9157575573728 -49.5687149559297
2012-03-19 57.1989757657129 56.6070977207597 57.9852813935412 -46.5798795733069
2012-03-20 56.4052163040411 56.3123304371637 57.9852813935412 -44.4187190372851
2012-03-21 56.5361757241604 56.1174835564431 57.6679686133974 -42.2115798383733
2012-03-22 55.8161331590462 55.7819213543109 57.9000348520504 -42.7173814847707
2012-03-23 55.9309461427329 55.929822764894 57.2390503135061 -39.7745247650379
2012-03-26 56.5994185106207 56.6177870746336 57.2777596540314 -36.0269845418665
2012-03-27 56.5967794915585 56.4300845261925 58.6322573218146 -39.5446176559543
2012-03-28 55.9563681861407 56.1242813184912 58.2172917965795 -39.8434995129956
2012-03-29 54.9677701848798 56.2081301110634 57.829768429651 -39.6365795799455
2012-03-30 55.5408630624668 56.4912685491978 57.6512129892261 -38.5789931697437
2012-04-02 65.5521757155735 65.5521757155735 65.5521757155735 -65.5521757155735
2012-04-03 64.8613205583423 65.2312446931403 65.1665056614176 -66.7624875955057
2012-04-04 63.0199745245307 64.6144928540338 63.6726009231265 -68.2460952262319
2012-04-05 62.9382249179757 64.5422895243412 63.3329709190722 -69.7297101774061
2012-04-06 62.9382249179757 64.5422895243412 62.819698200305 -69.7297101774061
2012-04-09 62.9382249179757 63.8971215954971 61.8977385827222 -74.1024536588123
2012-04-10 61.3698961637702 62.8412281655613 61.8443090800277 -80.0368985785982
2012-04-11 62.0043616417696 63.2833329818019 61.3302638601181 -78.2409523194976
2012-04-12 62.6407820779392 64.1787633146537 61.7585293445637 -71.4866130708965
2012-04-13 61.1606030146585 63.501767234739 62.4925169218323 -75.3127731032074
2012-04-16 61.5441634759851 63.8566981539916 61.4074193990531 -74.1414967804076
2012-04-17 63.1773367296088 64.8160743514606 61.3689714388257 -70.237257825354
2012-04-18 62.5366435231144 64.4069318146358 62.682299924242 -71.2523609297277
2012-04-19 61.9717579650682 64.0676664215158 62.1708444959329 -71.7599088216905
2012-04-20 62.7046921918858 64.3896833242362 61.9956504505726 -69.3783279394065
2012-04-23 60.5948783248402 63.8851625115547 61.8712201240838 -71.6818296549329
2012-04-24 61.2210794900523 64.2527909082055 61.3905635914129 -69.9249191969796
2012-04-25 62.2809078229176 64.6934141191534 61.9933772586513 -65.6692980039264
2012-04-26 62.60975233532 65.2563018176353 61.9986961436363 -63.3657965324149
2012-04-27 63.1803077086622 65.3733734244794 61.7332392950148 -63.2096308784517
2012-04-30 62.8075244222028 65.3008274461042 61.7332392950148 -64.6151517779574
2012-05-01 62.6132196926822 62.6132196926822 62.6132196926822 -62.6132196926822
2012-05-02 62.14629691459 62.562532451477 62.8094088594686 -63.3171796511659
2012-05-03 61.9950692707953 62.2702888299392 62.8094088594686 -64.6859897717277
2012-05-04 60.7636791251012 61.476643034146 62.8094088594686 -67.384492883542
2012-05-07 60.8378549994677 61.3364196905635 61.0610346843445 -66.3285528236014
2012-05-08 59.6826800688915 60.975996019628 61.4796016537958 -66.9543007666074
2012-05-09 59.9657774504759 60.5184893310279 60.5650003667684 -69.4181531661818
2012-05-10 60.361115353689 60.6126990846648 60.3279033169894 -67.3062732907307
2012-05-11 60.9346309255531 60.4503092816301 59.9506496551289 -68.3622133506713
2012-05-14 59.7496346127924 59.8597439829362 60.088118738966 -72.1557734073053
2012-05-15 59.2781719250062 59.5610447353416 59.5986495572323 -75.9884359274414
2012-05-16 59.1225897796013 59.4033239816366 58.9319346576643 -78.4913978789914
2012-05-17 58.4252623454627 58.6674887148769 59.436940464231 -82.128519238863
2012-05-18 58.075766616447 58.3227666687616 57.6606448226417 -87.4473210243477
2012-05-21 58.6297388927436 58.9597783887202 57.8118392312321 -77.8265477169133
2012-05-22 59.5980361898727 58.9518999458697 58.4506326710309 -80.6032777544424
2012-05-23 58.2103223127417 58.9205013028742 57.2943112697903 -79.2735771858562
2012-05-24 58.489440491053 59.0789265573659 57.3397114458885 -79.8602079995531
2012-05-25 58.7121580414485 58.7256722171339 57.4536074811208 -79.0389188962826
2012-05-28 58.5570416434469 58.7256722171339 57.5390524025715 -79.0389188962826
2012-05-29 59.239089862344 59.3191153817854 57.96712050833 -75.167146824171
2012-05-30 58.1644801385444 58.5607867346554 57.807157323048 -80.3686194648688
2012-05-31 58.0124204874335 58.4362604092481 57.2014446100755 -81.4245592803793
2012-06-01 46.1127831131889 46.1127831131889 46.1127831131889 -46.1127831131889
2012-06-04 45.5635714472405 46.0476759359939 45.3226600612622 -44.2543851067649
2012-06-05 45.4962722815704 46.1484748242795 45.7945378460057 -43.2332871607768
2012-06-06 46.4458477433223 47.2399388480097 46.6224141072458 -40.129148511512
2012-06-07 46.8286796744698 47.4156215848941 47.2025736121431 -39.7411301433013
2012-06-08 46.7265474924038 47.7704131632049 46.2166417923265 -37.5764036465415
2012-06-11 46.8045161339176 47.2263942074159 47.1216090877689 -40.7418095765753
2012-06-12 46.958399149019 47.8449923042888 46.6398394916303 -40.0270402485601
2012-06-13 46.8917103044116 47.5503991319992 46.9191310846449 -42.0896586100052
2012-06-14 46.7859199153017 48.1422126513945 46.8155978625128 -39.4756464642658
2012-06-15 47.4779618158938 48.5807914981065 46.8179507686029 -37.7602015320939
2012-06-18 47.6211716434409 48.4843328369081 47.64675005585 -34.6560628828291
2012-06-19 48.498870523931 48.8477602884441 47.2908102676051 -33.9617160242827
2012-06-20 48.7181435974317 48.7985202191439 47.8177012459226 -32.5321811973696
2012-06-21 48.3446860676304 47.8441190526871 48.2097616152111 -36.1468688196285
2012-06-22 47.7358749699571 48.0998619559213 48.0692381474278 -32.4504933616906
2012-06-25 46.7385157620772 47.5742964118998 47.7210560150846 -35.0032363121024
2012-06-26 46.7712870718827 47.6960978586926 47.3351740239008 -34.0434056468832
2012-06-27 47.474761345836 48.0474633324615 47.6984926551057 -34.3293117953874
2012-06-28 46.8720460277468 47.9532862676207 48.4831522744327 -33.2061057140846
2012-06-29 48.902204061633 49.0104669250162 49.20798617067 -31.0617996445977
2012-07-02 58.0294287563608 58.0294287563608 58.0294287563608 -58.0294287563608
2012-07-03 58.7630943111401 58.3552534271898 58.4361826770285 -56.7235600401891
2012-07-04 58.643301500265 58.3552534271898 58.6783946156747 -56.7235600401891
2012-07-05 58.3821030949209 58.1434024529967 58.5213238058801 -58.7639759240201
2012-07-06 57.2614575480921 57.5834577567068 58.1407347143479 -58.1926620270673
2012-07-09 57.0601075690878 57.4203450948545 57.3423643336664 -57.7029624699998
2012-07-10 57.5135484915794 57.0453814588091 57.0900376763934 -59.2944845639201
2012-07-11 57.6521886998393 56.8263187959739 57.0466583107495 -57.3764964386908
2012-07-12 57.3440004897102 56.6853827315419 56.2023971966332 -57.7029624699998
2012-07-13 58.5745200823273 57.6042871121711 56.2288893205779 -54.4791056285989
2012-07-16 58.6515235150616 57.379408431929 56.2288893205779 -53.7853639730444
2012-07-17 58.7580040781358 57.732552094353 56.4279170162255 -51.8265626841507
2012-07-18 59.7118670003713 58.1976397878195 56.2457765558319 -52.4386897447679
2012-07-19 60.3726423094646 58.3539017895396 56.6892695041254 -51.2144394493134
2012-07-20 59.2259131328762 57.8093314508002 55.8792360369536 -53.8669785679817
2012-07-23 57.3438216512184 57.3534851070609 54.8380117090807 -57.3764964386908
2012-07-24 57.0854802309791 56.883981463117 54.7076218553396 -59.8249932038201
2012-07-25 57.2293895107352 57.1487577633567 53.9200837269396 -58.9680182775591
2012-07-26 58.8055260212304 58.1039979442306 54.4176498111225 -54.4791056285989
2012-07-27 59.7563531198693 58.950362798075 55.2138927658767 -53.0100036417207
2012-07-30 60.5126215910311 58.9384137683364 55.6573290671157 -54.1118302594053
2012-07-31 60.4965395887882 58.6483877664608 56.0415876490117 -55.6625465861689
2012-08-01 59.7619842090459 59.7619842090459 59.7619842090459 -59.7619842090459
2012-08-02 58.4492378695243 59.3140962010857 59.8403364175338 -58.3732107951065
2012-08-03 60.7458592095647 60.3148324758138 59.1621461718577 -54.4756906823305
2012-08-06 61.2153230048049 60.4131138148302 60.3459249014423 -53.1317171965667
2012-08-07 61.650899098876 60.648409732653 60.8785469908868 -54.7444868914525
2012-08-08 61.6349705002228 60.6808328590661 61.4169161712937 -52.4597325536421
2012-08-09 61.6247100114341 60.63270864894 62.0907505140551 -52.1013401280948
2012-08-10 61.4439482920978 60.8296401241759 61.4880085415905 -51.1605589960539
2012-08-13 61.1353387172251 60.6522326882289 61.4445103058655 -49.86138571846
2012-08-14 61.7078782969663 60.6647134963117 61.7538333461321 -52.6389286264186
2012-08-15 61.4637650747655 60.6308196576631 61.7203638119712 -52.6389286264186
2012-08-16 61.9016438392984 61.0238100854512 62.8802154791514 -51.563751629771
2012-08-17 62.2961650250628 61.1393621656703 63.3624982023664 -50.1749779358373
2012-08-20 62.2324635924497 61.1229639517569 63.4223867828829 -50.1749779358373
2012-08-21 62.7247510268814 60.8095134095468 63.3239096422306 -51.5189514216012
2012-08-22 62.0915168798988 60.6675694697381 63.1497816274272 -51.9669439834939
2012-08-23 61.4882735969408 60.1365525033664 63.4705178078598 -52.9077251155349
2012-08-24 61.6785008938548 60.5994534686547 62.7280763293067 -50.757366642331
2012-08-27 62.354297708395 60.4460901439564 62.8292480479343 -51.2501549324849
2012-08-28 61.9581823736435 60.3462436424498 62.4689575833661 -52.1461400562704
2012-08-29 62.0279882533013 60.3669235643976 62.7215053287782 -52.2357362726957
2012-08-30 61.0097892144332 59.8751885501352 62.1265769602638 -53.4005134056887
2012-08-31 61.6760254173772 60.2902846298735 61.1316552653348 -51.563751629771
2012-09-03 65.7671068414073 65.7671068414073 65.7671068414073 -65.7671068414073
2012-09-04 64.9959770381822 65.4912975221356 65.7043646375662 -65.3099943894012
2012-09-05 65.2970210787509 65.549273556287 64.9879145457499 -63.5386797542042
2012-09-06 67.1968611878125 66.7777159107673 64.993529977194 -57.0248204385691
2012-09-07 67.6390998828885 66.8512640792279 66.4241927558093 -53.7678934591469
2012-09-10 67.6316013604293 66.5882647324146 66.4071197927149 -56.7391292182982
2012-09-11 68.535484257862 66.935267270737 65.9429839137389 -56.3391519391196
2012-09-12 68.8488106758032 66.985452326869 67.0853878707355 -54.7392585356579
2012-09-13 68.5374527342707 68.0229422251969 67.3488671336076 -50.6823819975498
2012-09-14 69.49196666452 68.2917700829777 68.5785661844298 -52.4536966327468
2012-09-17 69.4128385087305 68.0894549654028 68.5785661844298 -51.8251629490054
2012-09-18 68.8878139618538 68.1474309995542 68.3118697510364 -50.625241825051
2012-09-19 69.2916124503303 68.2143509572247 69.1237894849509 -50.5681066522235
2012-09-20 69.2797100313473 68.3096530216628 68.0364211436305 -49.9967134981004
2012-09-21 69.862204918304 68.2219358748473 68.2087739412389 -49.7110169210388
2012-09-24 69.5016259255019 68.1186956521336 67.9039686144545 -48.9682078919711
2012-09-25 69.6136596666266 67.6094220383157 68.0705597472967 -52.8536685551347
2012-09-26 68.2204686203185 67.3881691634254 66.6866191177984 -54.6821180060397
2012-09-27 68.3471331736138 67.7522009637988 67.009842767717 -49.8824327959833
2012-09-28 67.6545684373518 67.5068343351682 66.4130350058384 -51.4251910266175
2012-10-01 75.0746233758704 75.0746233758704 75.0746233758704 -75.0746233758704
2012-10-02 74.8607740627577 74.8927015231054 74.985351874617 -73.3402261600142
2012-10-03 75.0269773397346 74.9607486283381 74.650969216173 -73.3402261600142
2012-10-04 74.8541147279638 75.4093040363008 75.3142753897139 -71.4406441274164
2012-10-05 75.8035732630318 75.6025580318015 75.6446491197815 -70.4495610364493
2012-10-08 74.710661273267 75.4553540898695 75.6446491197815 -71.2754675697092
2012-10-09 74.1298779118365 74.8436516198461 74.8448728203411 -74.2900130467959
2012-10-10 73.8296523226083 74.1295150482185 73.3653212557983 -73.4021663367751
2012-10-11 74.6132177885485 74.0263052040597 72.9432840001913 -72.2871946332518
2012-10-12 74.1089792949093 74.0399699571238 72.8352347319175 -73.0511609897508
2012-10-15 74.403671279836 74.5697978279489 73.2091315535633 -70.6560415411866
2012-10-16 75.5822440818577 75.2783198634756 74.262128528467 -68.9422882979059
2012-10-17 75.7695511039553 75.307314746125 75.1603110141105 -68.0957372758808
2012-10-18 76.2068810004422 75.262544916907 76.665049628098 -67.8892645139882
2012-10-19 75.6270232519348 74.1214051608877 76.8341995779464 -72.2459066881008
2012-10-22 75.0881471941451 74.1346250858587 76.9027346830185 -71.3374077464701
2012-10-23 73.5064717829065 72.7827964327979 76.9329474721509 -76.9329014614382
2012-10-24 73.7027996910626 72.6428669819391 76.4212970072891 -77.366506959678
2012-10-25 73.7784189459308 72.7891812787948 77.2824406857748 -75.3223923419485
2012-10-26 74.1024200291467 72.8087914713116 76.2400202639604 -74.9507352795039
2012-10-29 73.8084435080787 72.8087914713116 76.2082739195647 -74.9507352795039
2012-10-30 74.6408808096784 72.8087914713116 75.4626972816774 -74.9507352795039
2012-10-31 74.397317142267 72.7490766646788 76.1993142620312 -76.4167118138619
2012-11-01 73.4644981275575 73.4644981275575 73.4644981275575 -73.4644981275575
2012-11-02 73.7467139999999 72.6902481337417 74.321333157932 -75.3631422755966
2012-11-05 73.3723658663105 72.7972878311447 73.9618527988318 -76.7223994945189
2012-11-06 73.8860150849187 73.5370018963345 73.6967129813724 -74.0686168820377
2012-11-07 72.4345884386935 71.7995789891576 73.6781495790073 -79.7213897416349
2012-11-08 72.1554777126205 71.1255374030824 72.5635680257594 -80.2391968784916
2012-11-09 71.7402688414963 71.1481294312906 71.9103610160611 -80.2176246376485
2012-11-12 71.7929437946454 71.146410769039 71.2439471444268 -75.061087213452
2012-11-13 71.7965526000642 70.819409196213 71.1175717162929 -75.1905346825707
2012-11-14 71.1235631318571 69.7910571675634 71.1477943673429 -77.6717177928299
2012-11-15 70.537703464484 69.6324412915034 72.5025533922199 -78.3621325227126
2012-11-16 69.6074370582435 69.887432470482 74.0991417348907 -74.8237553464798
2012-11-19 71.3430844688104 71.0402602268844 75.1587147005788 -68.3942642301805
2012-11-20 71.8353106420866 70.9988984382297 75.0719999863645 -67.2291863057403
2012-11-21 71.9526801354529 71.2674925427362 75.7279093086573 -67.6175459734783
2012-11-22 72.5563686942382 71.2674925427362 76.9126228208135 -67.6175459734783
2012-11-23 73.1987077272052 72.225954038639 76.9126228208135 -64.726431494025
2012-11-26 73.0274554583791 71.9918904386766 77.0944238174285 -64.1654685483565
2012-11-27 73.4310506079863 71.4964489504733 77.3765553569884 -65.5031497507271
2012-11-28 73.5420142116025 72.0903801897173 76.4326768443498 -63.518205851577
2012-11-29 74.1183579656997 72.294185540724 77.1924609981512 -62.7846396279781
2012-11-30 74.1638250723391 72.3150589066806 77.5630312827081 -63.9065649799281
2012-12-03 80.0676751408998 80.0676751408998 80.0676751408998 -80.0676751408998
2012-12-04 80.0667076362506 79.9823353078895 79.8499462740269 -81.2062042616716
2012-12-05 80.2759404561754 80.4931018353139 80.1579180772486 -79.8558558927442
2012-12-06 81.1373326836916 80.7373374305908 80.8040032806859 -80.8620006311593
2012-12-07 80.9570618339476 81.238099098575 80.6535680692003 -77.9494846451488
2012-12-10 81.0983486666365 81.3291861476852 80.7074112625543 -79.1144872003291
2012-12-11 81.7318731533054 81.814328412276 80.6360502245335 -76.4137950960204
2012-12-12 82.0015222578611 81.7958625355102 81.1112971882129 -78.2936889375963
2012-12-13 81.64820000346 81.3343725145783 82.4765233808105 -79.7764223508155
2012-12-14 81.8042412497437 81.1138494656745 82.4327494332882 -80.3059724570101
2012-12-17 81.8954493357907 81.7337347023804 83.2058162808473 -77.5523248787273
2012-12-18 82.4192412271499 82.4474268227813 84.0026673813457 -74.5338966208984
2012-12-19 82.5799096513221 81.8361232088295 86.0122840381439 -78.8761951797001
2012-12-20 82.6186780894229 82.2051029501403 84.9873702798666 -80.6501760875224
2012-12-21 82.232402924316 81.4586221474788 84.1470015146484 -86.1574818350505
2012-12-24 82.232402924316 81.1380565251811 84.1470015146484 -84.6217869904408
2012-12-25 82.232402924316 81.1380565251811 85.3326760045802 -84.6217869904408
2012-12-26 82.232402924316 80.9877484190277 86.6045260566927 -89.3347725431906
2012-12-27 82.4440071773508 80.8748605400049 87.3885963201153 -89.2553330438456
2012-12-28 81.9756783913511 79.8979181712482 87.9997946482305 -93.8094501888678
2012-12-31 81.9756783913511 80.9232143501285 87.9997946482305 -84.2246272240193
2013-01-02 83.3370300828454 83.3370300828454 83.3370300828454 -83.3370300828454
2013-01-03 83.0976948268115 83.2053723363488 83.3370300828454 -83.5747114584208
2013-01-04 83.3112143919329 83.4778258397827 85.6854235008193 -81.8515214854994
2013-01-07 82.8429329344991 83.1614419207497 84.9711137496899 -81.7623946834302
2013-01-08 82.4483582835804 82.8169704481448 84.2419758754459 -80.7522480944806
2013-01-09 82.7123374545005 83.200087337441 84.8072528599314 -80.9305076406535
2013-01-10 82.5837768847666 83.701567558997 85.4010587072295 -78.9399261202099
2013-01-11 82.6594087465396 83.8084992802903 86.5950197159414 -78.6131120005309
2013-01-14 82.8092914617322 83.9258735695537 86.5950197159414 -77.3355798060935
2013-01-15 82.2349485734658 84.0971718399795 87.2164071180575 -77.3652907207947
2013-01-16 82.3980033046587 83.9501687912882 84.9825832280813 -75.7312275499427
2013-01-17 82.872928311661 84.4769939448438 85.0563323627971 -76.1471684716909
2013-01-18 82.5169228708605 84.8105313538879 87.4907429644804 -71.2449908432036
2013-01-21 83.0164865646192 84.8105313538879 86.1634698087448 -71.2449908432036
2013-01-22 82.4524281148231 85.198927171637 85.8603467551734 -69.2246984080588
2013-01-23 82.5738115550572 85.6159687700591 84.0730652898901 -67.3529598036658
2013-01-24 83.0086660108947 85.9017834316667 85.1463658168583 -67.7391898107128
2013-01-25 84.1854273160348 86.3407599011473 87.5977731669876 -68.1848468464424
2013-01-28 83.9179118938033 86.2534573094769 86.7773178853704 -70.0268745361342
2013-01-29 84.084717347478 86.703865389924 87.1173155223335 -67.9174545561658
2013-01-30 83.6855392960987 86.4304774527341 89.0993354168906 -72.1065888006814
2013-01-31 83.3077827674986 86.120804449529 89.2974324989045 -72.3145592615556
2013-02-01 93.2057302271883 93.2057302271883 93.2057302271882 -93.2057302271883
2013-02-04 90.8836136689283 92.342782845458 93.7804697694853 -99.6239679689236
2013-02-05 91.1980935826093 93.0028817535954 92.002946246271 -95.5469731741361
2013-02-06 90.2048055733093 93.0509138677097 95.4744655051089 -95.0625748454024
2013-02-07 90.3198633101878 92.7683670334345 94.5859965318627 -94.6992773602983
2013-02-08 91.0491239164821 93.0938263757926 92.8877552796404 -92.802065457822
2013-02-11 90.8301923472342 92.9492622347959 92.8877552796404 -91.2277837561877
2013-02-12 91.1449046508619 93.2650086028175 94.6863518860719 -90.2993604379237
2013-02-13 91.7600603416666 93.0269010572677 93.7060186084706 -90.7837517025593
2013-02-14 90.7998476411489 92.9635620709014 94.1713261699825 -89.4516646240859
2013-02-15 90.351509416633 93.0192476277946 93.0599022433287 -88.6847033787723
2013-02-18 90.7705777519534 93.0192476277946 95.0090766086385 -88.6847033787723
2013-02-19 92.2426649046757 93.3779064972461 94.713166995822 -84.8499122895576
2013-02-20 91.962451329488 92.6585292134796 95.5121953398722 -92.1562060652948
2013-02-21 90.2332388420385 92.346375670847 94.1867304247982 -93.9323241882397
2013-02-22 91.1653726592744 93.1443923066957 94.8264378433986 -90.7433844182971
2013-02-25 92.4894371369849 91.7047021817723 97.1298936792166 -103.176197150715
2013-02-26 90.3943452340639 92.4761721903901 94.9336169307836 -100.633124846555
2013-02-27 91.3309990958523 93.6420279191116 93.7273356882348 -93.9323241882397
2013-02-28 92.1147558407304 93.5031161483673 96.2707448424946 -96.7579583998231
2013-03-01 92.5653292158846 92.5653292158846 92.5653292158846 -92.5653292158846
2013-03-04 92.3674253395642 92.8160313168551 92.9314803110006 -87.7335160474984
2013-03-05 94.5125460419174 93.6434842711589 93.1799945012679 -84.7659516791577
2013-03-06 95.1012149466977 93.9225055223245 95.1644240981186 -85.1844502614464
2013-03-07 95.3466729966204 94.1409492010471 95.4500269394758 -83.4343482468427
2013-03-08 95.9074837266954 94.584932384406 97.9665797221061 -82.2929717022436
2013-03-11 95.8813025492024 94.9148626674233 98.4884065683119 -78.8688544333179
2013-03-12 95.6631045904524 94.9330577513323 98.2153275671803 -80.0863177381987
2013-03-13 95.7206269470224 94.9673563849816 97.61598217978 -79.6297724467652
2013-03-14 96.7709113105189 95.5182902307073 98.744740374746 -78.1079440290221
2013-03-15 96.5845353609931 95.353854396299 100.178393416843 -78.0318506107327
2013-03-18 96.1984553762463 94.9461972207292 97.4642084567871 -82.1027457656716
2013-03-19 95.442983359149 94.9709042979384 99.438918055144 -82.1027457656716
2013-03-20 96.0936192731564 95.3382191963757 99.438918055144 -77.7655312558712
2013-03-21 95.2594864581859 94.7453647933022 100.774475444847 -79.9721852199161
2013-03-22 95.0053854023075 95.3401888291172 98.4045092676383 -79.7058658650547
2013-03-25 94.5196293160549 94.9178844891649 100.062828245433 -78.6786284967458
2013-03-26 94.624946249292 95.6530403706849 99.4659517974658 -76.6241547112722
2013-03-27 93.5371931965814 95.433018411747 99.642765424911 -77.3850727247195
2013-03-28 93.6118901719447 95.7771403465915 98.3840100440331 -77.0426599515686
2013-03-29 93.6118901719447 95.7771403465915 98.8780865995974 -77.0426599515686
2013-04-01 105.612228583283 105.612228583283 105.612228583283 -105.612228583283
2013-04-02 107.62494631806 106.258389295446 104.46698967018 -102.337837558829
2013-04-03 106.688494843898 105.449166779525 107.589403498805 -105.97604894198
2013-04-04 105.91137335459 105.853275549855 109.959603050886 -104.104972625914
2013-04-05 103.76208894069 105.557152763221 111.692385875242 -104.520767507191
2013-04-08 103.814793199399 105.906688197496 114.816363554316 -101.610187745893
2013-04-09 103.474322523268 106.341371048783 114.814272766273 -100.258859254353
2013-04-10 105.819784247124 107.274666320058 115.647857596163 -97.6601331253514
2013-04-11 106.64622295127 107.730510404596 117.919628876696 -97.1923611227679
2013-04-12 104.927503266255 107.729930064013 117.362452309518 -95.3732515331034
2013-04-15 104.492063050298 105.803196320314 115.539332376658 -106.651722932973
2013-04-16 104.084943019084 106.945209287197 115.06745294693 -98.2318450775535
2013-04-17 101.652364142428 105.943716815432 116.472560839212 -109.510317776786
2013-04-18 101.255405242822 105.353431665382 115.055528679726 -114.551852963865
2013-04-19 101.068846609077 105.428585894105 115.894595441244 -106.235926752332
2013-04-22 101.314744666278 105.571066805194 118.086814993457 -103.897069338141
2013-04-23 103.754772397553 106.674741847575 117.749833537222 -98.6476412581938
2013-04-24 105.120697064747 106.361951941451 120.480948056964 -98.9594961898524
2013-04-25 106.120959917032 106.539508127764 121.199998789424 -100.050955966581
2013-04-26 105.875736626711 106.624662625281 120.83490225438 -99.998980144638
2013-04-29 106.67155962455 107.394315752217 120.83490225438 -99.5312081420545
2013-04-30 107.216331232134 107.546867715419 120.63238531399 -98.5956654362507
2013-05-01 118.399959412646 118.399959412646 118.399959412646 -118.399959412646
2013-05-02 119.118105273413 119.452039219741 117.496391551329 -114.447305328882
2013-05-03 121.52060357211 120.598752333164 117.496391551329 -111.93198000285
2013-05-06 121.367848546469 120.557916547351 117.496391551329 -110.075422871358
2013-05-07 122.41065179811 121.26110682308 121.668043475915 -108.937545090907
2013-05-08 123.426980438019 121.655102905132 122.572817924003 -109.656203480904
2013-05-09 123.6190821218 121.473890190889 121.76448594643 -111.632530522786
2013-05-10 123.859063113767 121.76278446919 125.334323482042 -110.554530960051
2013-05-13 123.869538991704 121.546855055368 126.833010902928 -110.075422871358
2013-05-14 124.764532953595 122.542077794806 126.628889713753 -108.997435286363
2013-05-15 125.11327610384 123.028858877931 129.525624196777 -109.895764262729
2013-05-16 125.224741243447 122.686804150534 129.021199102211 -110.853981937333
2013-05-17 125.645602890121 123.662780907742 129.886759754791 -107.979327416303
2013-05-20 126.510820205612 123.508789419768 131.797460109801 -109.416654676818
2013-05-21 126.755739617358 123.930006736142 131.970863830262 -110.374872351422
2013-05-22 127.633814361997 123.282391508522 134.083632522689 -111.572640327329
2013-05-23 124.957087562993 123.180349243861 124.274168584343 -112.470979784217
2013-05-24 124.258987591904 123.24960962112 125.37645316841 -112.171528806935
2013-05-27 125.425667802793 123.24960962112 121.345518428603 -112.171528806935
2013-05-28 126.885453546472 124.105658797305 122.798389392134 -109.416654676818
2013-05-29 124.726676582767 123.247195030161 122.922625049154 -111.093530741419
2013-05-30 125.678520826207 123.422210011852 116.595396041786 -111.033652523702
2013-05-31 124.910099503744 121.739267714035 118.187090533729 -114.626965434728
2013-06-03 125.10474615839 125.10474615839 125.10474615839 -125.10474615839
2013-06-04 125.258151233002 124.477417436937 127.670073961266 -126.610453096505
2013-06-05 123.751599539858 122.698117239629 122.775153332337 -131.97862822018
2013-06-06 122.281445420007 123.35447931637 121.729449643342 -130.53839014555
2013-06-07 124.634873070778 125.056274472356 121.479564497861 -124.646490300222
2013-06-10 125.435265981258 124.978112677529 127.485559685898 -122.944383318207
2013-06-11 124.148397309538 124.022070296829 125.631130943885 -131.062114867205
2013-06-12 122.952732714657 122.982219638787 125.364166090075 -138.787056148241
2013-06-13 122.229809068205 124.465443680032 117.402894510538 -132.371418488141
2013-06-14 122.721570836511 123.596909845241 119.677673820017 -136.102968586404
2013-06-17 124.046790776885 124.496359196158 122.947313832455 -133.418867931449
2013-06-18 124.254840149788 125.63127908642 122.70355490281 -131.454905135166
2013-06-19 123.7651942519 123.941457687338 124.948145335603 -131.323970681473
2013-06-20 119.709683876411 121.039219361261 122.772417263334 -146.7083860167
2013-06-21 117.607345720959 121.376134442947 124.805796015617 -141.143809212486
2013-06-24 116.145942652489 120.229240795781 123.227111492211 -149.32700798833
2013-06-25 117.940416407587 121.055534106458 122.345645684655 -145.137213488378
2013-06-26 119.89857235886 122.284353870128 121.069015881394 -141.929401204886
2013-06-27 120.649879781298 123.222191332003 124.649388644632 -136.233889946979
2013-06-28 120.17382124239 122.279924782156 129.024345489846 -135.579230771632
2013-07-01 117.94943037138 117.94943037138 117.94943037138 -117.94943037138
2013-07-02 116.868759553422 117.614289224076 120.046084068172 -119.360588621996
2013-07-03 115.665465392697 118.055054711312 119.678415075438 -118.302227651314
2013-07-04 118.102927745177 118.055054711312 119.366523812743 -118.302227651314
2013-07-05 115.320952924632 119.216591726568 121.844632949384 -112.069598202322
2013-07-08 117.722217616649 119.916418372793 120.136336222055 -107.071737918707
2013-07-09 119.040149683379 120.512266729815 123.231933365109 -104.896207365946
2013-07-10 119.169120937877 120.443901655179 122.752550931154 -103.8378346356
2013-07-11 120.532996186767 121.777066687773 123.229206006445 -101.015518134368
2013-07-12 121.330311102396 121.803688146235 123.515894194177 -102.015091073066
2013-07-15 121.655916828757 121.960901657076 123.515894194177 -99.780747499034
2013-07-16 121.157171213806 121.705624877282 124.306652353258 -102.367876593335
2013-07-17 121.95005701299 121.852677468455 124.442205194367 -98.8399758219428
2013-07-18 123.166941510165 122.467201614086 126.089452420472 -97.1936301643968
2013-07-19 123.08539940282 122.429396219806 124.228232598434 -95.076886173662
2013-07-22 123.077854020532 122.443649204069 124.808335893227 -93.0777432361824
2013-07-23 122.829231427119 122.618430870736 125.834095552252 -92.6073566626578
2013-07-24 123.787726166191 122.417581554123 125.431952127161 -93.8421214181599
2013-07-25 122.603937482448 122.522890536999 123.998502886703 -91.4901914904529
2013-07-26 121.805136557506 122.548250527853 120.312084279175 -91.196198412042
2013-07-29 122.013738318696 122.257922045168 116.319977471885 -92.3721633758955
2013-07-30 122.190860104171 122.247053474284 118.09690706759 -90.5494124635715
2013-07-31 122.263991198187 122.081255868438 116.381201583394 -88.5502754059241
2013-08-01 136.088086622047 136.088086622047 136.088086622047 -136.088086622047
2013-08-02 136.026762679063 136.352293117838 140.561505888036 -132.825696435022
2013-08-05 135.888250517015 135.94972028656 138.539291510783 -130.961478464455
2013-08-06 134.292074055633 135.136487450659 139.928951270662 -134.96954512044
2013-08-07 133.656997540031 134.717893349825 134.331047402873 -136.46092835194
2013-08-08 134.592863169468 134.958671694258 132.199417190566 -134.317070345421
2013-08-09 134.916295228578 134.3246407557 132.292996147939 -136.088086622047
2013-08-12 135.255117529715 134.273872700394 131.362529876633 -135.34239850171
2013-08-13 136.169462123058 134.546693601358 134.739722298799 -134.130652975887
2013-08-14 136.531259162567 133.559650328623 136.519411384805 -135.062758465758
2013-08-15 135.530830360131 131.596270161246 133.631454123468 -142.240011284552
2013-08-16 135.784058278196 131.328755670196 132.632298130558 -139.53689184833
2013-08-19 135.36902742622 130.712846446956 133.68187782406 -143.451754480099
2013-08-20 134.296924972313 130.645359797786 130.166907423714 -141.773953879066
2013-08-21 134.06036718984 129.727189315163 130.438487542882 -144.38385996997
2013-08-22 135.880318370884 130.303572574567 129.863653549185 -140.935054743687
2013-08-23 136.189371456307 130.710839542045 132.733733841106 -137.952304592614
2013-08-26 136.483208124595 130.153096739531 132.497917153863 -142.519641999403
2013-08-27 133.367032136379 128.669870130861 131.58543223712 -154.077814855452
2013-08-28 131.997213869744 129.091159961949 129.604124254619 -153.611748128864
2013-08-29 132.59022005304 129.234322473451 130.782258770284 -157.153776021566
2013-08-30 131.11134280658 128.967505298 130.093843349382 -158.831578952875
2013-09-02 115.670556250544 115.670556250544 115.670556250544 -115.670556250544
2013-09-03 114.784349860377 115.855269059522 119.126465738032 -111.393995760551
2013-09-04 114.997762326179 116.612150716713 119.769289382704 -110.918826709665
2013-09-05 115.545824721003 116.663778475689 119.862608665068 -108.6787280405
2013-09-06 116.116742456877 116.54677895087 118.123997066102 -109.425430990977
2013-09-09 116.125868143237 117.645041419762 121.05920608528 -105.352522622723
2013-09-10 118.514237953468 118.644266157432 122.91814322235 -101.48325619394
2013-09-11 119.204433737675 119.702852517916 122.932715770151 -98.2249342510606
2013-09-12 119.180153356135 119.500101649346 122.610571574937 -99.7862117476023
2013-09-13 119.396511805476 120.089141621055 122.758860441114 -98.2928109377808
2013-09-16 120.849854115422 121.016366652346 122.758860441114 -97.2745876640672
2013-09-17 120.624657715464 121.289332493693 121.966299828282 -96.2563626933091
2013-09-18 121.173405220781 122.439062551259 123.616960106782 -92.6586233759402
2013-09-19 121.988894339726 122.123606210595 125.839703469993 -92.1834543250546
2013-09-20 121.730031524831 120.675138388252 125.637219010835 -93.9483822462901
2013-09-23 121.162607855277 120.286896750703 125.637219010835 -95.1702559446975
2013-09-24 121.573853328247 119.765257353052 125.553620313944 -94.6271949336917
2013-09-25 121.58830920455 119.286261002326 124.598456269874 -94.2877911355576
2013-09-26 121.566837778838 119.716131282693 126.120426981769 -92.4549814364686
2013-09-27 121.530499435783 119.1689563901 125.787638407772 -96.3921228549272
2013-09-30 120.588881163575 118.164804556807 123.194597337937 -99.7862117476023
2013-10-01 131.081035655358 131.081035655358 131.081035655358 -131.081035655358
2013-10-02 130.180126721879 130.575748093678 128.237381918716 -135.240868676141
2013-10-03 129.70478244985 129.39658931058 128.117562991064 -140.232671074303
2013-10-04 130.082821548406 130.053212034347 126.914504210963 -139.21582705968
2013-10-07 129.609289315474 128.876808621746 125.367118452245 -149.846503485945
2013-10-08 129.070877146156 127.498756999897 125.740777128937 -156.779562372282
2013-10-09 128.479532743779 127.726981559391 127.036947886922 -151.325572225501
2013-10-10 131.03019535994 130.514750583697 128.456560954161 -136.535044290296
2013-10-11 131.619447824676 131.472855552567 130.357252594918 -134.31645851361
2013-10-14 131.604052831506 132.02636645101 130.357252594918 -135.703074912916
2013-10-15 132.820419130443 130.876623645604 130.69027640499 -143.837866317238
2013-10-16 133.447370899856 132.652536763265 130.921942831634 -127.290965775181
2013-10-17 132.934165273449 132.633729412824 132.00219560757 -120.265463792673
2013-10-18 133.73550029238 132.875326400076 131.776229366118 -118.878847393367
2013-10-21 133.767483581222 132.811042653361 132.971051582142 -119.803257555898
2013-10-22 134.977957045804 133.462146197495 133.149145044289 -120.173020696502
2013-10-23 134.561599905976 132.993361084567 130.550095859316 -120.912546977712
2013-10-24 135.478345795957 133.820657187099 131.096333375176 -119.063731274689
2013-10-25 135.555438595564 134.347600165304 127.492600953266 -118.693970445104
2013-10-28 135.448483937137 134.335946691482 130.278519240563 -119.341051319122
2013-10-29 136.103043562942 135.29732944982 129.644507594756 -118.601527348933
2013-10-30 135.925478183476 134.765903717173 131.24057917671 -119.710814459727
2013-10-31 136.282258931803 134.135941591973 129.662244473519 -119.525937511464
2013-11-01 140.277253742916 140.277253742916 140.277253742916 -140.277253742916
2013-11-04 140.735100535399 140.488990036451 140.277253742916 -136.669187200814
2013-11-05 140.297191210564 140.301238125826 140.512338399871 -136.341183884916
2013-11-06 140.791780093252 141.457015128569 141.618030144329 -134.154479623087
2013-11-07 141.417186694485 140.083492571717 140.542665685256 -138.855891462644
2013-11-08 141.374361458612 141.590867974931 139.143598014786 -132.897114900688
2013-11-11 141.835006498726 141.782383351786 140.951592020506 -132.62377925967
2013-11-12 141.346333447403 141.491061721173 144.100960485932 -132.131770185747
2013-11-13 141.009175956016 142.128507637525 143.888399425115 -131.612432741152
2013-11-14 142.485947031722 142.618897889178 146.943043367084 -130.218398831552
2013-11-15 142.782301930913 143.38678409552 149.802701419962 -128.551034747702
2013-11-18 143.665891788041 143.515417230733 149.786698572495 -128.551034747702
2013-11-19 143.165387042842 143.434665131629 149.413916098085 -130.136402785999
2013-11-20 143.302120592752 142.839889307819 148.91530049766 -127.512357125127
2013-11-21 143.208835798577 143.820582081415 151.775055005181 -123.330271796631
2013-11-22 143.566386978743 144.312674222972 151.934282881632 -121.498910154908
2013-11-25 144.826385711546 144.382478074648 154.279322476741 -121.881581145686
2013-11-26 144.672528140684 144.384811598702 153.253143375848 -122.56492708169
2013-11-27 145.623397424455 144.605171392176 152.605071391328 -122.56492708169
2013-11-28 146.187759813233 144.605171392176 155.346005464873 -122.56492708169
2013-11-29 146.466975492406 144.507075795903 154.701492878896 -124.068285407516
2013-12-02 160.803629379844 160.803629379844 160.803629379844 -160.803629379844
2013-12-03 157.749688814727 159.857924749275 161.775224518961 -164.490172037743
2013-12-04 156.334048017785 159.608307537079 158.265194153313 -163.22622739525
2013-12-05 155.381747013496 158.922657217024 155.898087064711 -163.998636059553
2013-12-06 156.877592476842 160.918447214773 157.155031857029 -158.451268846447
2013-12-09 157.266857373929 160.971986363152 160.753705485203 -157.152189663467
2013-12-10 155.886124487867 160.445639046039 160.354133721396 -157.994835809778
2013-12-11 155.247660587539 159.143847074216 159.365486016891 -165.403041622077
2013-12-12 154.219581037637 158.098185703669 157.586030487004 -166.105240892343
2013-12-13 154.039312611475 158.258204784752 158.21558121277 -166.386113578457
2013-12-16 156.726219108221 159.556082830894 155.645608751036 -166.596780381529
2013-12-17 155.384653223949 159.462560990542 156.936959603082 -165.894577600267
2013-12-18 157.037333724334 162.40275099036 160.112649303726 -154.062523407287
2013-12-19 159.671059949395 162.514351370453 162.900583670916 -155.642475276381
2013-12-20 160.773181009412 162.936828031952 163.015628315869 -156.660653685277
2013-12-23 162.289219591667 163.674820782326 163.015628315869 -151.113286472171
2013-12-24 162.289219591667 164.307030050751 163.209867093232 -148.023606172005
2013-12-25 162.289219591667 164.307030050751 164.449247729643 -148.023606172005
2013-12-26 162.289219591667 165.535811402808 166.138424963728 -145.565905215079
2013-12-27 164.00927735624 165.521038600958 166.184647453808 -147.461846755793
2013-12-30 163.372533798683 165.780985001031 167.338865555815 -149.46311467605
2013-12-31 163.372533798683 166.507932475342 167.338865555815 -149.392891238027
2014-01-02 173.913220295906 173.913220295906 173.913220295906 -173.913220295906
2014-01-03 174.562808420713 174.216174946436 173.913220295906 -172.792236665828
2014-01-06 174.430516694292 173.741331132485 169.830701446384 -171.07071994279
2014-01-07 175.877324121047 174.860883270442 168.821789444323 -167.02716141081
2014-01-08 175.722646528273 174.139485935064 172.099935073084 -167.227333770427
2014-01-09 174.31229972334 173.949292236452 169.525926160823 -167.467553413254
2014-01-10 175.267521084618 173.867748175992 169.864645286401 -163.50405341595
2014-01-13 175.950769340791 171.973155659469 169.864645286401 -169.389242495908
2014-01-14 176.51209673423 173.199332792789 164.637428634392 -162.62327341459
2014-01-15 180.088399734721 174.34257133151 168.761584993551 -163.383951601591
2014-01-16 179.790535594241 173.655758434302 168.104736134897 -164.064547232753
2014-01-17 180.257694116359 174.095274064184 167.968731407178 -164.665080325712
2014-01-20 179.75705614684 174.095274064184 166.978282113459 -164.665080325712
2014-01-21 180.020139956071 173.628570191145 168.625257084395 -162.463144334656
2014-01-22 179.83494601452 173.19382696604 168.892137440987 -160.020988700773
2014-01-23 178.187026973503 171.332238395918 167.556985051685 -164.50493523167
2014-01-24 173.764830249811 167.965968878777 164.308196262148 -178.917629374504
2014-01-27 172.972977054421 167.529841443461 160.189387939805 -181.720098458519
2014-01-28 174.040326581233 168.489032553476 159.916419369741 -174.353608294823
2014-01-29 172.741909200574 166.481689419541 164.226537128707 -185.963845364225
2014-01-30 173.421832990192 167.643346141278 160.203576377758 -182.801054823023
2014-01-31 172.182244040413 166.059207751886 159.215806306614 -198.21462677805
2014-02-03 149.621315660431 149.621315660431 149.621315660431 -149.621315660431
2014-02-04 148.666741758101 150.326368248865 143.371437815897 -146.263166539472
2014-02-05 148.477977373317 150.277608905092 145.13087383719 -152.019994813393
2014-02-06 150.762395389556 152.110304625484 144.872349598577 -136.894185655317
2014-02-07 151.500847758619 153.721577779733 148.01734798716 -128.287153155449
2014-02-10 151.304432922336 153.796617754438 150.636692431158 -128.484691671032
2014-02-11 154.381206428007 155.674860225216 150.636692431158 -123.630893789227
2014-02-12 155.378470223002 155.374804886516 151.473063201333 -121.062895908622
2014-02-13 156.303078491562 155.994295752494 148.757619228937 -120.188076838509
2014-02-14 157.372011680893 157.228420553481 146.488500866536 -118.382013232297
2014-02-17 157.280142531669 157.228420553481 147.308090464142 -118.382013232297
2014-02-18 157.32933768439 156.994936462126 151.915001114908 -116.914581437414
2014-02-19 157.333727565924 156.120528286091 151.129903412039 -124.646797689148
2014-02-20 156.662697856556 157.022481216442 147.881939105455 -120.046980720786
2014-02-21 157.283244058577 156.731170239712 152.144560565797 -121.373302288052
2014-02-24 158.130011687595 157.741828943703 151.858091010478 -120.498497327833
2014-02-25 157.973805493134 157.474374882057 154.047481232889 -120.470271895935
2014-02-26 157.361100626854 157.656866016022 153.222264607622 -121.909486724857
2014-02-27 156.165624686881 158.379435865141 152.732441840365 -121.627280379516
2014-02-28 157.855406268184 158.856925815069 151.892792776442 -123.800206872912
2014-03-03 172.402458993391 172.402458993391 172.402458993391 -172.402458993391
2014-03-04 176.644150026828 174.832068577626 173.217274888524 -161.077848590255
2014-03-05 175.775940606257 174.451380914045 175.289900772214 -160.928836686383
2014-03-06 175.791609464797 175.10941513998 178.079925904162 -160.072039659043
2014-03-07 172.252516491308 175.438161509724 179.719209727014 -163.536483538273
2014-03-10 170.682104809798 175.075176372169 177.908016199569 -162.865943009064
2014-03-11 171.461140249764 174.356162130851 179.131366123719 -165.138321458951
2014-03-12 169.267176411208 174.237055351172 174.498732363977 -165.063813644413
2014-03-13 166.118977344919 171.771832441842 174.32918972015 -171.731918464182
2014-03-14 166.83040822912 171.310973146454 168.583469099952 -176.574699171702
2014-03-17 169.1234762449 173.246869621366 167.995269283856 -168.304737805232
2014-03-18 170.259333498115 174.195579372435 169.56724163038 -161.673881304926
2014-03-19 170.894866671278 172.979759286565 170.17591756401 -164.840297651207
2014-03-20 171.24616568283 174.140764013001 167.366484941162 -163.8344924452
2014-03-21 172.108654439043 173.839206637347 167.366484941162 -164.952050060003
2014-03-24 169.268633550614 173.561120744087 170.320640692111 -165.287318462006
2014-03-25 172.025021239277 174.533489404091 169.707506438892 -163.201211411066
2014-03-26 174.054668952238 173.479012243378 170.342530129878 -166.181374984421
2014-03-27 174.103114688123 173.428258058955 172.057226252206 -164.169760847202
2014-03-28 176.608045092521 174.055562777063 172.917820386935 -162.232650799317
2014-03-31 176.03182330143 175.490831737878 174.468615709526 -157.017375721559
2014-04-01 184.486947513638 184.486947513638 184.486947513638 -184.486947513638
2014-04-02 184.864430868275 184.937665421827 186.411765239269 -185.84546241423
2014-04-03 184.96931651747 184.932652598976 187.97775477945 -185.619047037796
2014-04-04 186.255408777846 183.149004049781 187.876601786508 -189.468176363138
2014-04-07 182.703103253962 181.28723177362 184.697219058003 -193.815434007508
2014-04-08 182.317759584405 181.401829196424 182.178235631806 -190.283288020532
2014-04-09 182.616658404296 183.422050179075 178.346942912177 -185.573754000034
2014-04-10 181.621398295431 180.443051087272 178.352302004616 -196.713608789353
2014-04-11 178.946410447443 178.842076226348 174.110916443349 -202.645814824341
2014-04-14 179.405142202103 180.476756844405 173.488688540887 -200.970312056985
2014-04-15 176.226661878918 181.473468934966 174.569387327177 -198.887235347339
2014-04-16 178.995016907243 183.284459156042 179.818514871289 -191.777650335625
2014-04-17 180.760213994718 183.102450196654 179.81665135483 -188.879480082178
2014-04-18 180.760213994718 183.102450196654 181.048135693315 -188.879480082178
2014-04-21 180.760213994718 183.556742469076 180.999623675995 -185.39261354777
2014-04-22 184.417405187007 184.283405228432 179.457944959283 -185.166193642938
2014-04-23 183.343579311534 184.141477036066 181.422298218969 -185.664321961966
2014-04-24 183.429817807739 184.141477036066 179.660250932696 -188.154936386716
2014-04-25 180.603457670569 182.577095762991 179.962942579015 -189.422901438968
2014-04-28 181.464266781425 183.551054003864 178.204013313788 -185.437906585533
2014-04-29 184.110627264848 184.517743668899 178.204013313788 -182.041608013058
2014-04-30 184.477736488336 185.025150032135 178.402068551468 -182.268023389491
2014-05-01 182.818465841224 182.818465841224 182.818465841224 -182.818465841224
2014-05-02 181.919702525697 182.310839282598 182.469869214402 -181.863686036126
2014-05-05 181.414845333329 182.505816524036 182.469869214402 -179.863190036321
2014-05-06 180.235116235364 181.075724637818 182.469869214402 -181.090774463657
2014-05-07 181.258736711929 182.373200943769 177.117765310488 -177.544418946176
2014-05-08 182.897849413781 182.731263007177 178.762675995126 -177.86268039674
2014-05-09 182.403830756589 183.088635038312 179.214632648987 -173.998081615064
2014-05-12 184.707515942875 184.326617622829 178.582689554186 -168.814971109627
2014-05-13 185.696873200414 184.547082934118 182.065118490354 -169.315100792818
2014-05-14 185.696110951565 183.426815538569 181.816726599617 -168.360302801352
2014-05-15 183.82399726166 181.581281099624 180.459328322181 -170.133469193612
2014-05-16 183.310941420426 182.072584078146 177.914657976081 -166.177938568918
2014-05-19 183.887578467525 182.299453750091 176.776872005428 -164.177447115705
2014-05-20 183.50094144561 180.780832876121 177.64532538653 -162.722537627416
2014-05-21 184.620138237921 182.533525636647 177.227817973154 -160.130980101402
2014-05-22 185.058755700711 182.644146432685 180.958872972196 -160.221916491012
2014-05-23 185.955399644612 183.341790623024 182.528685571409 -158.903400220658
2014-05-26 188.331440979264 183.341790623024 184.300053892304 -158.903400220658
2014-05-27 189.245225813305 184.106130749411 184.729171745497 -153.993071604498
2014-05-28 189.213807035133 183.638892651937 185.163725057839 -153.583878310917
2014-05-29 189.208675923881 184.36271493336 185.299648541714 -152.94735540979
2014-05-30 189.291852046169 184.566188205442 184.676924778946 -152.401768898274
2014-06-02 203.066598066141 203.066598066141 203.066598066141 -203.066598066141
2014-06-03 202.446591531756 202.80838083585 204.403479525825 -203.796609689009
2014-06-04 202.588015770989 202.992598379415 204.861795259771 -201.667403545787
2014-06-05 203.019861903793 204.188176641091 205.016926083612 -194.367220398819
2014-06-06 203.823145953166 205.257500628407 204.987968503674 -184.633644897356
2014-06-09 204.260692106772 205.48575319588 205.623707491133 -187.006202442989
2014-06-10 204.672329091616 205.5199579255 203.867120404088 -183.781951489802
2014-06-11 203.06026028106 204.282429126176 204.88246786571 -187.918718492444
2014-06-12 202.833535079619 202.952092782698 203.577942936061 -196.922270204078
2014-06-13 202.306383044712 203.456020265077 205.268037809484 -193.576361800127
2014-06-16 201.716789907172 203.519929099765 203.03084255882 -193.272187755815
2014-06-17 202.458430028647 203.853211958006 203.611109398355 -186.580358780952
2014-06-18 202.662713907149 205.043318422025 205.512218830855 -176.542615318658
2014-06-19 204.166203338877 205.223319596881 208.84810252855 -177.455137451594
2014-06-20 203.824162375956 205.53402828659 208.68848401216 -179.827688913746
2014-06-23 202.47066714352 205.414927634732 208.958502459971 -175.386753950273
2014-06-24 202.82087944852 203.970133367614 209.053129078909 -181.65274534658
2014-06-25 201.385551079289 204.569000288722 207.562617125149 -174.900075479373
2014-06-26 200.102887539619 204.30971710508 208.132009918467 -177.0901346819
2014-06-27 200.31247282094 204.378955621631 205.2294277029 -175.569264460341
2014-06-30 200.677792159663 204.072842288209 206.141704241764 -173.987553346438
2014-07-01 218.452392671599 218.452392671599 218.452392671599 -218.452392671599
2014-07-02 218.647835158412 218.712250506571 219.076262833144 -216.176839067894
2014-07-03 221.254510564546 219.897777964763 218.767250836973 -213.195097301988
2014-07-04 220.805587431248 219.897777964763 220.033531861587 -213.195097301988
2014-07-07 218.533137644102 219.330277848645 219.211253744414 -217.903123006118
2014-07-08 215.590254657057 217.815291832396 218.284343044394 -221.198748845718
2014-07-09 216.374071225635 218.832957205179 218.116724928435 -216.961517865292
2014-07-10 213.085501491633 217.924171926183 216.888346595039 -224.258957706692
2014-07-11 213.244557035354 218.294444812894 216.141038674948 -222.061871198056
2014-07-14 215.818357071123 219.732356697234 218.033625745936 -215.627577249122
2014-07-15 214.415316118607 219.800120539118 219.435315267371 -219.315538564066
2014-07-16 217.500687722589 220.798838208609 219.209249342323 -213.979768252677
2014-07-17 215.175736482868 218.71959809579 219.080396911566 -234.852015540983
2014-07-18 214.42875925262 220.309016135311 216.877517250618 -218.844720300234
2014-07-21 212.046890130939 219.684823877384 216.877517250618 -223.70968804121
2014-07-22 214.744457469856 220.481130732691 218.695844007132 -219.237071468997
2014-07-23 215.168670209087 220.134460707168 218.486022084461 -221.120273903939
2014-07-24 216.062121577372 220.097999587393 217.856876464895 -219.629399097632
2014-07-25 212.751943733058 218.510368119267 220.329153325761 -226.220635083413
2014-07-28 211.740692588767 218.794055280407 221.348711944658 -224.808227372174
2014-07-29 212.964168589767 217.886024893274 222.612570967378 -224.572833933677
2014-07-30 211.641635657626 217.476975901397 223.01395249681 -228.182312460133
2014-07-31 207.533982645547 213.39217280717 222.651044355523 -247.485225693773
2014-08-01 198.045987057233 198.045987057233 198.045987057233 -198.045987057233
2014-08-04 196.843090059386 198.957486802626 197.425809468803 -189.286612304845
2014-08-05 197.608615780604 197.278719368204 195.458626654813 -202.725674224818
2014-08-06 196.324871888461 197.445254640379 193.410696295626 -203.445617328143
2014-08-07 194.366570801076 196.543839404372 194.336682960815 -207.705310187399
2014-08-08 193.72901416643 198.773174644245 188.544488221157 -199.245908228311
2014-08-11 197.415087182761 198.965906204365 193.037259109581 -191.086491061674
2014-08-12 195.022417715987 198.852537446743 193.430082682113 -189.886575890172
2014-08-13 197.805147275687 199.948372813391 194.097592465672 -179.32731638138
2014-08-14 198.368954698865 200.690194678255 195.385404408123 -173.267744765295
2014-08-15 195.519783675068 200.081769884581 195.433496618302 -173.267744765295
2014-08-18 198.803974065451 202.193069344029 195.487843288842 -166.788202839185
2014-08-19 200.716685900583 203.163880139492 197.110556371619 -164.988336081508
2014-08-20 200.292859109931 203.878825581218 197.170011285869 -166.248241012009
2014-08-21 202.162774590019 204.603597572789 198.850895992807 -166.84819859776
2014-08-22 200.821828891129 204.144071870288 198.251138914513 -166.188257252586
2014-08-25 204.498221262945 205.052429007328 199.196001143093 -164.388378495757
2014-08-26 206.175700119552 205.410617027677 198.021866202212 -165.768274943408
2014-08-27 205.779172279384 205.594460144694 198.195384345149 -166.968196114486
2014-08-28 203.475098398435 205.084863622253 197.239034816521 -169.60800949179
2014-08-29 203.638745148618 205.311554223755 196.789048801317 -168.648083354165
2014-09-01 218.545632409763 218.545632409763 218.545632409763 -218.545632409763
2014-09-02 219.190944210033 218.150825590146 221.256871472785 -219.867324198734
2014-09-03 221.945424319243 218.287828423993 222.100603420783 -217.301687196614
2014-09-04 224.199568845209 218.176638438663 221.363910047189 -217.768158876887
2014-09-05 224.724311049017 219.042966673313 221.25800227129 -213.414358405523
2014-09-08 224.978171360082 218.711418818438 221.772441017793 -213.880830085797
2014-09-09 223.886943509699 217.464563220445 222.394332028594 -219.478583544967
2014-09-10 223.644160745434 218.165529434067 222.953947050164 -218.234638331818
2014-09-11 223.439203707989 217.913592000711 224.654401198562 -217.690412301065
2014-09-12 222.513508555496 217.127648088229 225.206390323668 -222.510707776675
2014-09-15 222.709481964377 217.685320515162 225.206390323668 -228.263954387489
2014-09-16 222.09389040768 218.974090793694 224.687304315716 -216.757445616546
2014-09-17 222.752598811847 219.292083155211 224.364492458291 -214.813781221001
2014-09-18 225.902695744374 220.687075566904 226.890751446613 -211.470694009978
2014-09-19 225.928745982391 220.862822642393 230.471840868484 -211.703925962786
2014-09-22 224.78242311312 219.494416979866 228.844115580862 -218.934357514214
2014-09-23 221.220093048605 218.001390651029 228.844115580862 -227.253241127148
2014-09-24 222.763428694369 219.972204372485 228.301158948695 -219.945070774555
2014-09-25 219.259886156658 216.594540296567 231.219828317905 -235.727617891725
2014-09-26 218.811223227969 218.733536990509 229.182455071548 -228.341700963311
2014-09-29 217.251744099731 218.19760826017 230.323142481957 -239.537192332336
2014-09-30 218.436568181579 217.835629204829 228.386864265621 -242.413823412401
2014-10-01 211.122619119814 211.122619119814 211.122619119814 -211.122619119814
2014-10-02 206.929195901715 211.076635470641 205.605583723113 -208.937907094281
2014-10-03 206.929195901715 213.697825626475 206.218123296517 -196.094461760614
2014-10-06 207.240412366065 213.474458990619 208.611296645117 -199.139811297078
2014-10-07 204.465812731328 210.050714460988 207.205058111239 -213.638354739253
2014-10-08 202.420754426679 213.503487084946 204.739028702871 -195.631024756943
2014-10-09 202.638794939838 209.295149767709 203.20242359757 -213.241127750635
2014-10-10 197.773450028569 207.848480900254 200.860709714422 -237.339156805872
2014-10-13 198.304970502387 205.046497010331 200.860709714422 -261.90063610546
2014-10-14 198.592563340005 204.972626290832 196.081708859557 -257.729815618194
2014-10-15 192.893491437683 202.793519503368 197.880329104348 -260.907578564424
2014-10-16 193.139902288226 202.485718661835 193.480723311834 -266.99830411871
2014-10-17 199.156475616822 205.792001251949 190.778126455079 -255.412710043913
2014-10-20 196.174625438161 206.03396746348 198.37538620146 -235.684071938044
2014-10-21 199.982115638527 208.736843603192 194.345842492161 -218.405012399277
2014-10-22 201.178811287199 206.808499786861 199.485187888871 -235.154458021018
2014-10-23 203.590442241815 209.529460218514 198.739410077341 -221.648965499541
2014-10-24 202.251301663025 211.131403605072 200.743740031535 -219.596647022755
2014-10-27 200.334294371916 211.288812917742 202.018176167203 -216.286477287099
2014-10-28 204.06032154559 213.648333097962 201.246142984108 -201.92035387503
2014-10-29 204.389294170519 213.253349828952 204.186743129164 -205.362930400112
2014-10-30 205.110067301839 216.031213163476 205.555829306894 -206.15736451633
2014-10-31 209.881357232258 218.482308013801 215.474572985829 -200.728692770193
2014-11-03 221.554772730847 221.554772730847 221.554772730847 -221.554772730847
2014-11-04 219.513719025098 221.779304785061 227.611523352653 -220.188496681656
2014-11-05 223.082148652348 223.063879256864 228.621851781203 -217.455908628261
2014-11-06 224.565207705211 223.956176731851 226.666787313603 -211.775024026396
2014-11-07 222.515781725992 224.204430294001 227.853276649808 -208.754803073225
2014-11-10 223.953588498264 224.712324711703 226.505469051725 -200.557046104044
2014-11-11 224.364530744821 224.727125746182 231.143151531629 -200.628963317741
2014-11-12 220.579147376088 224.692664772448 232.127722821778 -203.361551371136
2014-11-13 221.478370041924 225.210501294336 234.769820121844 -205.446934838275
2014-11-14 221.584473215922 224.980238213109 236.093188766679 -206.094125042526
2014-11-17 222.863487696037 225.146214020801 229.114269248842 -205.662664906358
2014-11-18 226.459933990208 225.657422477484 234.112077153734 -202.067163771632
2014-11-19 226.849548049108 225.630760708174 233.365489178467 -206.957052505862
2014-11-20 227.117039372645 226.055206257714 233.528942882207 -204.799744634024
2014-11-21 233.069902254699 227.216937209462 234.293616222261 -200.77278336313
2014-11-24 234.338884063812 227.316956259773 234.293616222261 -196.386264787762
2014-11-25 236.15098692252 227.279181247057 234.969998193734 -195.01998873857
2014-11-26 237.452522317767 227.442615461424 234.645516221562 -191.9997677854
2014-11-27 238.872859605418 227.442615461424 232.822190158039 -191.9997677854
2014-11-28 239.016053284762 227.448869761778 235.675010916738 -197.033462183015
2014-12-01 252.553235890132 252.553235890132 252.553235890132 -252.553235890132
2014-12-02 251.807257503981 254.012994893307 253.603086050848 -238.40953865606
2014-12-03 252.763122746201 254.482793786058 254.424475048347 -234.431635134977
2014-12-04 249.710220601989 254.304930043455 256.819068899979 -234.608440079711
2014-12-05 255.686488616104 255.138725249373 257.296293907714 -230.718916931482
2014-12-08 253.85815344267 253.628409670331 257.514407439093 -239.116723075773
2014-12-09 248.249181273495 252.899862065644 255.759039350861 -242.564264801486
2014-12-10 248.401788016782 249.09171909763 250.004465105184 -268.111293123826
2014-12-11 249.993626042333 249.989445354783 247.776442924103 -284.111331780035
2014-12-12 243.205485250647 245.507029573682 249.415799725131 -299.580990961265
2014-12-15 236.596784225342 244.086478290849 245.507927557071 -292.155554554275
2014-12-16 242.423737721515 242.495721679695 240.567731691874 -306.122464523224
2014-12-17 241.93047018992 246.587308958667 241.492512900402 -275.978710953332
2014-12-18 248.688956011241 252.572409664811 247.096611798103 -266.696924284399
2014-12-19 248.078083499488 252.95102909781 253.002642883595 -264.310176867866
2014-12-22 250.075486644329 255.14796528945 253.199920934073 -251.846051470419
2014-12-23 251.503851063378 256.067584607235 253.199920934073 -252.022847575347
2014-12-24 251.503851063378 256.153408719102 256.345545477584 -250.254877686258
2014-12-25 251.503851063378 256.153408719102 255.692550902734 -250.254877686258
2014-12-26 251.503851063378 256.487270875546 255.839156407574 -252.73003199506
2014-12-29 251.631085223476 256.267341396265 254.559583171715 -252.022847575347
2014-12-30 248.549295488752 255.483686546657 250.552777516507 -258.12232203518
2014-12-31 248.549295488752 253.210582502783 250.552777516507 -278.542263314598
2015-01-02 236.885196096722 236.885196096722 236.885196096722 -236.885196096722
2015-01-05 229.811914249337 232.483830837515 236.314272388592 -253.854699112196
2015-01-06 229.727006817537 230.756841223923 229.180589268996 -259.511217953176
2015-01-07 230.904055061606 233.584626173669 229.209647149337 -251.332219572295
2015-01-08 238.653208581119 237.879852872476 233.034523209183 -235.203532878223
2015-01-09 234.065530205391 235.61500971356 233.450321335726 -244.452680579967
2015-01-12 237.301725805642 234.332759168426 233.450321335726 -255.995020685693
2015-01-13 241.161365577219 233.971976215278 231.956862945303 -262.874529102326
2015-01-14 238.15515919841 231.493403008788 227.996507166238 -268.454593418254
2015-01-15 243.383765495671 230.080314812265 232.241768035109 -276.174971663755
2015-01-16 246.662628002253 232.615602480998 228.922276376638 -271.129982008259
2015-01-19 248.471885969795 232.615602480998 230.960198846155 -271.129982008259
2015-01-20 248.830444571691 232.664222314089 235.738576380483 -268.454593418254
2015-01-21 249.851773895839 233.182928888631 234.573609907166 -255.689256092951
2015-01-22 253.160486677479 236.632679168788 235.232502639649 -239.254804806138
2015-01-23 258.350998333611 234.75464120062 237.712974512538 -245.369936138574
2015-01-26 261.959564185096 234.835665599332 237.126143192107 -234.133375913437
2015-01-27 257.841553742813 230.963670061931 241.19551904778 -244.605559054376
2015-01-28 259.840266172374 228.362198189993 241.567862915436 -265.014820100128
2015-01-29 260.492849895034 231.357376462246 238.995365582215 -256.07144463505
2015-01-30 259.436363581341 228.011248163009 239.920737114524 -281.83145992904
2015-02-02 222.768444464917 222.768444464917 222.768444464917 -222.768444464917
2015-02-03 224.063339996533 226.686693137599 219.949405354311 -212.172582097581
2015-02-04 224.482421561448 226.771626736114 224.299846248259 -217.981157250759
2015-02-05 224.360829848186 229.490128682472 222.090676710637 -210.066162957252
2015-02-06 223.146580226804 228.712644090863 223.916171860439 -218.938595544442
2015-02-09 219.384128241861 227.492647654562 224.720939003213 -220.02372674575
2015-02-10 221.242319714038 229.283270625309 223.96920184806 -211.598107631882
2015-02-11 221.206939187588 229.198337013963 223.96920184806 -212.619389187852
2015-02-12 224.65379919974 230.612886302051 228.11855007143 -200.108605551803
2015-02-13 225.553883301617 231.215566552847 227.276587608596 -197.68304031358
2015-02-16 224.727453400684 231.215566552847 228.436358252032 -197.68304031358
2015-02-17 224.159415940514 231.577806257693 228.212046393645 -198.19368428309
2015-02-18 225.504499215277 231.350297467197 230.902822334582 -196.66175237456
2015-02-19 226.346781047665 230.784683256383 231.735368252342 -192.257460903634
2015-02-20 227.348687148136 232.769332781472 232.591926354968 -185.427585045336
2015-02-23 229.000321395489 232.4665140292 234.299913023062 -186.002059511035
2015-02-24 230.539625928715 233.651499482571 236.032531370877 -178.47006096076
2015-02-25 230.632808745227 233.848859215575 235.800587153701 -179.363694290452
2015-02-26 233.038263427901 233.718614327413 238.345580198926 -177.321124795461
2015-02-27 234.570355232328 232.670013847748 238.499738854864 -176.299836856441
2015-03-02 264.72013553925 264.72013553925 264.72013553925 -264.72013553925
2015-03-03 261.704138098462 263.486008516879 264.555333620652 -270.470610178287
2015-03-04 264.256589051791 261.944918746519 262.986708241661 -269.875713662267
2015-03-05 266.892800100445 262.506826214253 263.665002306583 -266.504745770418
2015-03-06 267.98227027118 258.469268270571 266.746559290749 -277.906568763249
2015-03-09 268.704732158138 260.480385893968 264.209307258966 -274.23815261339
2015-03-10 266.808586886304 255.663519159432 262.445506539811 -282.665572343013
2015-03-11 273.898741013183 255.264761617748 263.266797359517 -289.804092584576
2015-03-12 273.745607547924 259.025691235477 267.029312260584 -272.453522552999
2015-03-13 276.117125868382 256.913703926495 270.729267788936 -278.600581649901
2015-03-16 282.290858129688 260.215489890317 270.614117906999 -271.759499751736
2015-03-17 277.955475070859 258.357825357597 273.29887053578 -270.668882577997
2015-03-18 276.608018404637 261.645136747703 274.810126942755 -259.068787185456
2015-03-19 276.065854816688 259.949293433065 273.855121645153 -259.068787185456
2015-03-20 279.31314970441 262.390011888296 275.031446496913 -255.102952521421
2015-03-23 275.983250196382 262.221942850741 275.031446496913 -250.24479291258
2015-03-24 278.531781629036 260.703582691657 277.185954927055 -249.352477882384
2015-03-25 275.275197654797 256.468299798502 277.646444612194 -260.456842702594
2015-03-26 274.77313560402 255.884850097722 273.778611375362 -258.275618269727
2015-03-27 275.345024166746 256.383205140233 271.170506319632 -255.202098635888
2015-03-30 280.39518864305 260.199432160101 272.938920737671 -247.468691792916
2015-03-31 277.614906621447 257.301746896579 270.064759857178 -254.111481462148
2015-04-01 275.434965956527 275.434965956527 275.434965956527 -275.434965956527
2015-04-02 274.654880723717 276.447496600273 279.456903310605 -270.470218316442
2015-04-03 274.654880723717 276.447496600273 281.226459666466 -270.470218316442
2015-04-06 274.654880723717 278.277839311804 280.689626699882 -264.74999962181
2015-04-07 278.238104438668 278.193337646641 284.199460160681 -263.886567126648
2015-04-08 276.226302194341 278.614934126699 286.359425084274 -258.705950569867
2015-04-09 279.223150864174 279.489891195157 288.499691517633 -249.747838432566
2015-04-10 284.003464491469 281.029371855249 288.064290157512 -238.847003181152
2015-04-13 283.177254599681 279.77482596125 288.032891305635 -244.567254254503
2015-04-14 280.626770827046 280.703310901619 288.079466759063 -242.516591285588
2015-04-15 280.712610248008 281.884692919556 287.516293783669 -237.22807804563
2015-04-16 275.377142027781 281.778245124783 287.747955784184 -232.263341198451
2015-04-17 268.258881201343 277.428901463505 284.378046503639 -240.573889757287
2015-04-20 272.922605642675 280.67577187109 284.111933354681 -232.479210115148
2015-04-21 274.016643450929 279.347636580272 288.085401734341 -232.371281053252
2015-04-22 272.359405004713 280.727749507165 291.338420192447 -229.888891043851
2015-04-23 269.059384100204 281.045542671211 292.116185045815 -227.730320598853
2015-04-24 271.062243815866 281.379385073859 289.690841776558 -225.463799506148
2015-04-27 276.302033602834 280.723098877469 289.159519856379 -231.507848558091
2015-04-28 271.080846092232 281.846272015023 290.253873451974 -224.168661556312
2015-04-29 262.384059124509 280.68510352482 290.253873451974 -229.241327465386
2015-04-30 262.881165656311 277.650186419994 282.455395970354 -235.717071179097
2015-05-01 293.634838433781 293.634838433781 293.634838433781 -293.634838433781
2015-05-04 297.876681008934 294.389773348169 293.634838433781 -293.775955308374
2015-05-05 290.386858912552 292.073135648444 293.634838433781 -302.947620878715
2015-05-06 290.962898934998 290.668522705639 293.634838433781 -308.450656907638
2015-05-07 292.445106750534 292.005711425091 290.032126672944 -306.193012678563
2015-05-08 300.180791058886 296.356276008428 291.343063213136 -290.81281136799
2015-05-11 299.248161963527 294.956213168485 294.977046472594 -298.009052348166
2015-05-12 294.097047331456 294.3544225628 295.03612465758 -297.021304777393
2015-05-13 290.996469968899 294.228324303879 297.139066993986 -291.659413843617
2015-05-14 296.337820493923 297.352175343042 294.21528446371 -285.874200506612
2015-05-15 293.446430019974 297.683219050375 296.660980076492 -283.052131109992
2015-05-18 297.221207039858 298.112010361938 299.026544291272 -274.021568303969
2015-05-19 303.861989728615 298.332101608655 301.072816212691 -270.070676792811
2015-05-20 303.73739386265 297.892396416853 303.631265404739 -270.635101960356
2015-05-21 304.150635609404 297.897932890953 303.72610761189 -263.156655451546
2015-05-22 302.879642474745 297.022754409122 304.651303573611 -263.579963744497
2015-05-25 302.879642474745 297.022754409122 306.896744124035 -263.579963744497
2015-05-26 298.012041667365 293.919585642364 307.253209874335 -273.598245900741
2015-05-27 301.754774739712 295.898179487786 307.78089074708 -263.721080619091
2015-05-28 299.356360351929 295.297502553324 308.966770653823 -266.402004920564
2015-05-29 292.595087421576 293.416847245817 309.142507675878 -268.377457731281
2015-06-01 313.388492305995 313.388492305995 313.388492305995 -313.388492305995
2015-06-02 310.449460352398 312.894625634564 312.982018782016 -318.046087382118
2015-06-03 312.938260343108 314.012136368229 311.920426610302 -312.556798504147
2015-06-04 310.772817005099 311.04700245605 312.144076306122 -322.869991277036
2015-06-05 306.841797560619 310.07212813188 311.728318775629 -317.713386573487
2015-06-08 303.218211792507 308.631853329518 311.671781456073 -323.868027166095
2015-06-09 301.474526390729 308.588220972311 306.173527868112 -320.208517881656
2015-06-10 308.711796225539 312.694174678458 305.412654679143 -306.568466730333
2015-06-11 310.558539351393 313.371120793812 310.541035217295 -299.41575698025
2015-06-12 306.823706907776 310.929914399007 310.908349206018 -303.574309160531
2015-06-15 301.027291719767 309.059525037318 310.614444447662 -316.549008597217
2015-06-16 302.645199049955 311.027900584911 308.636144395674 -310.893377632035
2015-06-17 300.836564001587 311.570929973424 308.046995846886 -309.89529184035
2015-06-18 304.18774658646 314.699532542566 304.56649940716 -300.912835765151
2015-06-19 302.53804682276 312.964281333481 307.360960199324 -303.906993334953
2015-06-22 314.058514724425 314.767966798347 311.22995724151 -290.26695881784
2015-06-23 316.306703965407 315.189938461339 317.038124570241 -282.615206171913
2015-06-24 314.353370631998 312.097809292891 317.931057021116 -287.771794241253
2015-06-25 314.404618497919 310.782595828462 316.458884934996 -290.433267636633
2015-06-26 314.933501888065 311.760964831853 315.46478045223 -288.603521311518
2015-06-29 303.719156374954 305.675201596679 306.381466157744 -337.175410777203
2015-06-30 299.931149266211 306.077528546149 308.297783467673 -335.012947009248
2015-07-01 289.646757135392 289.646757135392 289.646757135392 -289.646757135392
2015-07-02 287.544440817391 289.193302534499 292.399130029069 -308.000273820381
2015-07-03 286.48331476077 289.193302534499 292.645459993149 -308.000273820381
2015-07-06 282.137259404566 288.434369762037 286.552132531095 -315.711848413359
2015-07-07 276.597181049289 289.95666344403 290.320240874395 -299.209094207536
2015-07-08 278.424089842143 285.691533277512 281.21666208193 -329.284235120149
2015-07-09 284.877647852609 286.233041035931 282.895891158104 -331.751938989902
2015-07-10 293.147488981288 289.687534281266 281.817766204411 -306.149511341216
2015-07-13 297.51919778381 293.231386841352 286.233701222995 -276.228601920462
2015-07-14 298.361687805061 294.469387351304 290.444769407364 -273.760898050709
2015-07-15 298.951311893913 294.413764779839 291.556092693623 -272.98975601456
2015-07-16 303.539329221085 295.55683100521 293.505026937438 -254.944671466993
2015-07-17 302.416548909886 295.005511254221 294.228822974432 -252.785399734661
2015-07-20 304.030513981969 295.233226120052 294.228822974432 -252.168489190372
2015-07-21 300.638847164589 292.278985611735 296.950863766527 -249.855032235627
2015-07-22 298.4593428679 291.16576952939 293.413140177786 -248.621180300751
2015-07-23 298.237595030775 289.222834110151 294.699415626802 -251.397316307925
2015-07-24 293.971839429107 286.557792770161 292.712997602608 -259.880063783349
2015-07-27 286.431780228401 284.470990474982 289.942815040882 -273.298188151981
2015-07-28 289.476037852299 287.564828981392 289.640635069124 -254.327730076405
2015-07-29 290.458913352405 289.540417988747 289.270472246206 -249.3923223369
2015-07-30 291.632494551994 289.452173700583 292.403832892758 -247.541529011436
2015-07-31 292.97547942882 288.536790485937 293.293036221756 -247.078849959006
2015-08-03 313.863228088754 313.863228088754 313.863228088754 -313.863228088754
2015-08-04 314.201963619627 313.015893180396 313.439359185756 -314.857725009187
2015-08-05 319.145060079453 312.833642154474 314.870602896936 -312.669831784234
2015-08-06 317.740808736472 310.680592909537 315.640118270647 -323.808217183025
2015-08-07 315.155308565556 309.853601005601 316.558441231397 -320.824686641849
2015-08-10 318.280583991488 314.165899945131 317.843472838483 -309.089642870674
2015-08-11 309.747324575059 310.379000906651 316.500236821425 -322.614781098629
2015-08-12 299.625781868866 310.373113977806 311.4904810881 -322.813700372654
2015-08-13 302.09471865382 310.475490837552 314.587874456966 -318.835732580859
2015-08-14 301.28589944337 311.708785487349 313.425456957818 -318.23901453866
2015-08-17 300.056921748619 312.917626726687 314.965293208899 -314.459926241014
2015-08-18 299.387432234451 312.314094368422 313.960394543563 -317.841215770487
2015-08-19 292.975910336082 309.413962217407 308.891688574292 -324.007116567112
2015-08-20 286.120338710424 303.028314022868 306.003097181721 -351.05741291296
2015-08-21 277.681947710576 293.55902863949 296.873656721305 -411.92060455354
2015-08-24 264.624384387726 283.064929565503 283.200632799594 -485.115577897432
2015-08-25 277.780699827189 279.410381984491 271.989407710695 -527.282267213743
2015-08-26 274.19629537612 290.451460551095 280.6979029096 -479.745334306969
2015-08-27 282.923202149034 297.037194716501 283.716298189 -490.684780541797
2015-08-28 282.454484482634 296.827459745409 292.298778308635 -514.353827138048
2015-08-31 281.382915575033 294.776787360218 288.543684090055 -533.647047504516
2015-09-01 165.528169760395 165.528169760395 165.528169760395 -165.528169760395
2015-09-02 166.064961062693 168.548702138917 164.887686512174 -147.877571684514
2015-09-03 170.523803643205 168.789700083066 165.680353053034 -147.016566900325
2015-09-04 165.899528821283 165.982030265785 162.124521302996 -157.779126702691
2015-09-07 167.065850297387 165.982030265785 162.746976060328 -157.779126702691
2015-09-08 169.755633184361 170.005209107481 158.797863248883 -144.003050155662
2015-09-09 170.280529481696 167.540488987074 171.039372608149 -147.17800529736
2015-09-10 168.74880452893 168.33244723117 166.7485548269 -143.411109366532
2015-09-11 167.312917275881 169.390961812223 166.425999568556 -140.236148843554
2015-09-14 167.448119795275 168.750532000267 163.705832243857 -140.289967023846
2015-09-15 168.380076249239 171.109907990519 164.259679049082 -126.460077677805
2015-09-16 169.025955972901 172.554043446036 165.582023885129 -118.872473017137
2015-09-17 169.065127095155 171.88187449955 167.957282760487 -118.226714047715
2015-09-18 163.885209782513 168.890927065378 164.658156878127 -132.648549564166
2015-09-21 164.419854497587 170.185698349773 164.658156878127 -124.038496340993
2015-09-22 158.175102332746 168.333161941053 164.658156878127 -131.034165593811
2015-09-23 158.868578124057 167.811786575149 164.658156878127 -128.128269065892
2015-09-24 155.811390413209 167.001900210483 160.116844432329 -131.733731980964
2015-09-25 160.123151632852 168.170298828224 162.929574658123 -135.016312720686
2015-09-28 156.735422262712 164.94618504611 160.78457509816 -144.433552547757
