time value.DAX value.Dow.Jones value.Nikkei
2012-12-31 33.3333333333333 33.3333333333333 33.3333333333333
2013-01-02 34.0619246824606 34.1695495486823 33.3333333333333
2013-01-03 33.9641023883762 34.0176159504341 33.3333333333333
2013-01-04 34.0513731651026 34.3940751797099 34.0419879026723
2013-01-07 33.8599748429228 34.428878364032 33.5237879717046
2013-01-08 33.6987023326372 34.3046398015193 33.3432026404591
2013-01-09 33.8065972099647 34.3502632417374 33.6431094608281
2013-01-10 33.7540512956327 34.6524906472129 33.940878930453
2013-01-11 33.7849639256694 34.5750731061502 34.0521550947674
2013-01-14 33.8462247331522 34.0319071909364 34.0521550947674
2013-01-15 33.6114764563947 34.0375990863917 33.1632352367342
2013-01-16 33.6781209956528 34.0213623931148 32.5233387699164
2013-01-17 33.8722347023958 34.3919851381255 32.9258144921142
2013-01-18 33.726726391156 34.4345044564473 33.5283938729265
2013-01-21 33.9309105442748 34.4345044564473 32.6427149941067
2013-01-22 33.7003657742684 34.6207754145893 32.67220422505
2013-01-23 33.7499782165986 34.7719621619007 32.2023740814181
2013-01-24 33.9277140887294 34.9037614448259 32.8320454429067
2013-01-25 34.4086858116846 35.0400275192702 33.4172702168612
2013-01-28 34.2993455801647 34.6665894502554 32.2358187758306
2013-01-29 34.3675231333369 34.8735186066436 32.3912395290852
2013-01-30 34.2043690983604 34.7532248922936 33.1960633790545
2013-01-31 34.0499705745266 34.4571510598466 32.9698971144904
2013-02-01 34.3010539222796 34.7176982644137 33.0105269098679
2013-02-04 33.446481514719 34.2096700465839 32.4061572399295
2013-02-05 33.5622146617085 34.5784224476406 31.9458290865193
2013-02-06 33.1966703385826 34.7650930150898 33.2886019933137
2013-02-07 33.2390132463333 34.5981400838165 32.6149627356733
2013-02-08 33.5073916745578 34.8610230763084 32.1917451795097
2013-02-11 33.4268216973284 35.1428214689283 32.1917451795097
2013-02-12 33.5426403671722 35.214777012261 33.2870284946138
2013-02-13 33.7690265396689 35.0384809884462 32.5216950586015
2013-02-14 33.4156544075367 34.9079518467198 32.7976530126412
2013-02-15 33.2506594702399 35.1062451701326 32.5869543143144
2013-02-18 33.4048826658729 35.1062451701326 33.2748263305337
2013-02-19 33.9466319840827 35.3551438424768 33.04950023033
2013-02-20 33.8435093442102 35.0565046704992 33.4162601479792
2013-02-21 33.2071341918402 34.8627121950509 32.9130512358695
2013-02-22 33.5501728896741 35.5759233064579 33.6035707691636
2013-02-25 34.0374477271312 35.1322545270693 34.4896787431223
2013-02-26 33.2664236692856 35.3822071435533 33.5247973622156
2013-02-27 33.6111258087507 36.2065678698585 34.1006386400618
2013-02-28 33.8995596024937 36.1169343149293 35.0609875513383
2013-03-01 33.7526936011617 36.1024524928679 34.9043570667747
2013-03-04 33.6805306330558 36.4810475880069 34.8468657469478
2013-03-05 34.4627198438257 36.83739758026 35.0147655373432
2013-03-06 34.6773699870694 36.8734628273988 35.7663488070009
2013-03-07 34.7668729405095 36.9563874570113 35.8059472562513
2013-03-08 34.9713649776557 37.1506284007607 36.4477409041681
2013-03-11 34.9618183658786 37.3490154326339 36.0431687373232
2013-03-12 34.8822554354762 37.3504311904577 35.8857455951848
2013-03-13 34.9032301837212 37.3036982435556 35.5728829587002
2013-03-14 35.2862021519028 37.5864642866932 36.1746444022635
2013-03-15 35.2182426861692 37.6375219921028 36.7322530139419
2013-03-18 35.0774638487677 37.1584811358554 35.7456529157835
2013-03-19 34.8019912097857 37.5849305586994 37.0196285418206
2013-03-20 35.0392367836677 37.7273785929314 37.0196285418206
2013-03-21 34.7350815501168 37.5624841528576 37.4131905800979
2013-03-22 34.6424270416152 37.7515118771209 36.4179191877039
2013-03-25 34.4653026638047 37.3990922222809 37.2610090598716
2013-03-26 34.5037050571055 37.7556149497705 37.0568672336484
2013-03-27 34.1070706388749 37.9674719807153 37.5421201426009
2013-03-28 34.1343078792512 38.2441187348498 37.1107048797257
2013-03-29 34.1343078792512 38.2441187348498 37.4827371808691
2013-04-01 34.1343078792512 38.2202442518513 36.6180610850065
2013-04-02 34.7848265526524 38.4630862131853 36.4079054591906
2013-04-03 34.4821615737778 38.0899207066223 37.6465119051528
2013-04-04 34.2309927031704 38.2925414210153 38.4790820108414
2013-04-05 33.5363351158031 38.1140884982135 38.4049765418125
2013-04-08 33.5533693495983 37.819362451337 37.928010452161
2013-04-09 33.4433278227903 37.9395426642042 37.4574394830746
2013-04-10 34.2013907258749 38.1259112855528 37.4174336067891
2013-04-11 34.4684991237288 38.2030442339836 37.9851471548934
2013-04-12 33.9130018326157 38.1824075493204 37.6838985851196
2013-04-15 33.7722657588308 37.4337422825535 37.4895080495059
2013-04-16 33.6406828855624 37.9332622578238 37.6015645726698
2013-04-17 32.8544633593749 37.5206593582764 38.1948661475034
2013-04-18 32.7261646057522 37.2263483289117 37.4573454486855
2013-04-19 32.6658680858586 37.4755478448675 37.8866413734124
2013-04-22 32.7453433521607 37.5233188482447 38.0653593852771
2013-04-23 33.533970378884 37.9068872110601 37.9012920922137
2013-04-24 33.9754428651226 37.8915182005876 39.1020244760876
2013-04-25 34.2987319445983 38.0131556895513 39.235031085894
2013-04-26 34.2194747657348 37.9501373484542 39.077564560349
2013-04-29 34.4766880410349 38.2328743198662 39.077564560349
2013-04-30 34.6527604715346 38.1612581098254 39.4878654860304
2013-05-01 34.6527604715346 37.7003895080375 39.2604495639516
2013-05-02 34.8629441288623 37.8219006266219 38.8758461209124
2013-05-03 35.5660963806958 38.3186793421069 38.8758461209124
2013-05-06 35.5213887360259 38.3728816735545 38.8758461209124
2013-05-07 35.8265916387745 38.632050700529 39.7360411908027
2013-05-08 36.1240460728285 38.8079221005731 40.1364750392439
2013-05-09 36.1802695180668 38.6408602589933 39.8441384877488
2013-05-10 36.250506060998 38.7091598160694 40.8894046890166
2013-05-13 36.2535720932051 39.0599380871814 40.8109126717712
2013-05-14 36.5155148467224 39.4252856591863 40.7174688165945
2013-05-15 36.6175834024169 39.5605541529812 41.6426069661861
2013-05-16 36.6502065114357 39.7074919507258 41.515003482788
2013-05-17 36.7733823799595 40.0761878649717 41.8728245430636
2013-05-20 37.0266102403259 40.1572201502185 42.2418977244192
2013-05-21 37.0982921374497 40.2440210712275 42.4995326849316
2013-05-22 37.3552830515768 39.94050971886 43.0949616295512
2013-05-23 36.5718708521661 39.836341775654 39.755631488793
2013-05-24 36.367554134463 39.9422888051128 40.4494983410787
2013-05-27 36.7090127810318 39.9422888051128 39.3402829789361
2013-05-28 37.1362562190061 40.0549047281594 39.9118458253975
2013-05-29 36.5044352166524 39.8703148297068 39.697036088849
2013-05-30 36.7830166514581 39.951700527569 37.7656961904133
2013-05-31 36.5581186011495 39.1277955453867 38.2579099172591
2013-06-03 36.2820772270849 39.4558309323198 37.0087523677865
2013-06-04 36.3265667843161 39.1735956345448 37.8197663361206
2013-06-05 35.8896463112266 38.4777616477887 36.2945918402005
2013-06-06 35.4632816292295 38.6569797092998 36.0682703023093
2013-06-07 36.1458076435948 39.005416460225 36.1857473979054
2013-06-10 36.3779324692451 38.7569238796064 38.186802334852
2013-06-11 36.0047230590331 38.4720873241778 37.2815265764502
2013-06-12 35.6579640710551 37.9799557472981 37.3890045937604
2013-06-13 35.4483063851933 38.331167623388 35.3889369102241
2013-06-14 35.5909239836692 37.9780943514157 36.5798660554616
2013-06-17 35.975255783189 38.2401397757289 37.8186383950662
2013-06-18 36.035592929832 38.6060965481949 37.507704195181
2013-06-19 35.8935889625437 37.9899936813366 37.9565400799485
2013-06-20 34.7174358176225 37.0754624394126 37.1553480542499
2013-06-21 34.1077291705462 37.5887318348973 37.4073161271091
2013-06-24 33.6839024124231 37.5598640673549 37.0549023865351
2013-06-25 34.2043241978766 37.8699476125061 36.7841150335662
2013-06-26 34.7722160455354 38.231020708331 36.5396426624882
2013-06-27 34.9901054123198 38.7220895478081 37.7736967724676
2013-06-28 34.8520419638603 38.4761273557058 39.0137843065054
2013-07-01 34.9601976878641 38.6982651510901 39.1366596747309
2013-07-02 34.639886980874 38.5113445335802 39.5990151358294
2013-07-03 34.2832307290961 38.6586332704525 39.3020350230931
2013-07-04 35.0056942919223 38.6586332704525 39.2930796666821
2013-07-05 34.1811172729178 39.2316150415469 40.2481335311261
2013-07-08 34.892851853318 39.8955941263329 39.6043654141103
2013-07-09 35.2834867673397 40.0532459427542 40.5967212665418
2013-07-10 35.3217138324396 40.0305242462615 40.4668315638139
2013-07-11 35.7259663004053 40.5557156246604 40.9329659871656
2013-07-12 35.9622903503148 39.7824041812058 40.8159419820632
2013-07-15 36.058799850412 39.8368000074875 40.8159419820632
2013-07-16 35.9109717071157 39.796051741766 40.9035405632535
2013-07-17 36.1459829674168 39.7042251938069 40.8225946643156
2013-07-18 36.5066673933661 39.7890418796447 41.29649073974
2013-07-19 36.4824983220641 39.8799649541486 40.5225486200463
2013-07-22 36.480261871616 39.7662557478917 40.3915977428803
2013-07-23 36.4065701633302 39.7443959918837 40.9371646805564
2013-07-24 36.6906678944955 39.5951072312299 40.8218524888315
2013-07-25 36.3397930638667 39.5692017175508 40.1750829391986
2013-07-26 36.1030285609668 39.5803864738435 39.010229221178
2013-07-29 36.1648580991534 39.2992791016047 38.1581416391684
2013-07-30 36.2173569761344 39.3105872341017 38.8871114929913
2013-07-31 36.2390330240462 39.2898312357524 38.2868118084982
2013-08-01 36.8291268910828 39.6005853213888 39.247137270517
2013-08-02 36.8125309690321 39.7223750970709 40.3202074373396
2013-08-05 36.7750458215907 39.5215984804888 39.5465445224659
2013-08-06 36.3430771835125 39.3207137148337 40.0958228041147
2013-08-07 36.1712082553851 39.172345703217 38.6898369308074
2013-08-08 36.4244788749893 39.1538941949864 38.3943417856653
2013-08-09 36.5120083615248 38.8240831619116 38.5319263509195
2013-08-12 36.6037028649293 38.8559506229335 38.3741677410958
2013-08-13 36.8511493085254 39.022642996048 39.3147915661323
2013-08-14 36.9490613991986 38.8180188326167 39.4382503432027
2013-08-15 36.6783182340549 38.3194943430271 38.4972107147964
2013-08-16 36.7468485761171 38.1696275658583 38.265217669334
2013-08-19 36.6345299721116 37.8680406234553 38.5680277389719
2013-08-20 36.3443899731208 37.8172753891819 37.453094574446
2013-08-21 36.2803710218371 37.4392186971003 37.551403919083
2013-08-22 36.7728991677313 37.5550326733326 37.282886377463
2013-08-23 36.8565373140351 37.8220511847443 37.938417635979
2013-08-26 36.9360574851998 37.5481018958278 37.6044798598212
2013-08-27 36.092735753418 37.1368527373357 37.4134582202687
2013-08-28 35.7220257815766 37.2751649845866 37.1685428357953
2013-08-29 35.8825093368525 37.3388434574395 37.6879806828474
2013-08-30 35.4822850474372 37.4889937109132 37.4723212922657
2013-09-02 36.0984744109505 37.4889937109132 38.1045260244471
2013-09-03 35.8219070654199 37.7678114748359 38.9757365934513
2013-09-04 35.8885088410614 38.095325990982 39.0575470416534
2013-09-05 36.0595481874298 38.1035169489898 39.0403398499054
2013-09-06 36.237720230059 38.0913145351051 38.392173680255
2013-09-09 36.2405681748275 38.4210917993082 39.6232488496943
2013-09-10 36.9859307742064 38.6799294936068 39.9655363554203
2013-09-11 37.2013271176006 38.8690278303591 39.653672261264
2013-09-12 37.1937496946149 38.7447403162547 39.3981829338332
2013-09-13 37.261270852983 38.8537817785524 39.6574259569604
2013-09-16 37.7148300117398 39.1802802611413 39.6574259569604
2013-09-17 37.644550705192 39.0863936658655 39.4759498204663
2013-09-18 37.8158038608858 39.489421380865 39.9286029510763
2013-09-19 38.0703017560015 39.3111012810099 40.6619129254873
2013-09-20 37.9895158325795 38.3855845576967 40.1835057719316
2013-09-23 37.8124342183856 38.2847205987409 39.9831265752421
2013-09-24 37.9407757312461 38.1440764276657 40.1237539807465
2013-09-25 37.9452871220246 38.0675657255301 39.9678645111714
2013-09-26 37.9385863181489 38.187763115903 40.5199069707357
2013-09-27 37.9272458457813 37.9850744991803 40.319075583655
2013-09-30 37.6333855566464 37.6148667707288 39.6484164678611
2013-10-01 38.0482322968291 37.8082261540127 39.89891164729
2013-10-02 37.7867299963022 37.5845827718685 38.8863762309994
2013-10-03 37.6487542075643 37.2259272086153 39.0263799294583
2013-10-04 37.7584857134777 37.2470752561555 38.5258478301243
2013-10-07 37.6210358962058 37.0381071077759 38.2030065556615
2013-10-08 37.464753706435 36.6069663508168 38.4478044120673
2013-10-09 37.2931071438595 36.6616874417119 38.8707001670536
2013-10-10 38.0334751402315 37.5559281400071 39.2782106471949
2013-10-11 38.2045144865999 37.895993166404 39.693606483156
2013-10-14 38.200045859438 37.9852887695455 39.3101364587176
2013-10-15 38.5531143812771 37.5906564177621 39.4637597147436
2013-10-16 38.7350965150181 38.1992912651142 39.5485434877332
2013-10-17 38.5861309015565 38.2108190844994 39.8868323425774
2013-10-18 38.8187303832087 38.0581226001274 39.699388880803
2013-10-21 38.8280140114421 37.811794617885 40.0353828705771
2013-10-22 39.1793720499203 38.024950033128 39.9754203462065
2013-10-23 39.0585181590779 37.8029338095984 39.035031721056
2013-10-24 39.3246173732377 37.853077205801 39.2887988507143
2013-10-25 39.3469947120587 37.9470350121623 38.2230055742309
2013-10-28 39.3159495218166 37.9217518480819 39.0204713863858
2013-10-29 39.5059452490416 38.1986758348749 38.7441182226524
2013-10-30 39.4544042402907 38.1315263135787 39.2473178234066
2013-10-31 39.5579651919076 38.0167755262102 38.6547471566799
2013-11-01 39.4437222995945 38.3997460964187 38.4904981014353
2013-11-04 39.5724615018287 38.9852281750987 38.4904981014353
2013-11-05 39.4493283969216 38.895636483466 38.9138961843433
2013-11-06 39.5883988878293 39.2363967161185 39.3323105468175
2013-11-07 39.7642532308903 38.8208928926035 38.9398342602045
2013-11-08 39.7522114588559 39.3289044268119 38.6276253697816
2013-11-11 39.8817374836114 39.6914072299888 39.2624952005079
2013-11-12 39.7443304299561 39.5713737550517 40.0792370086143
2013-11-13 39.6495271307279 39.6696119932076 39.768267055457
2013-11-14 40.0647715602843 39.7264930522319 40.5517570547948
2013-11-15 40.1481018225608 39.8602874401857 41.1623428045819
2013-11-18 40.3965531717379 39.798493767376 40.8657430472598
2013-11-19 40.2558192348202 39.7554802090881 40.7821341065748
2013-11-20 40.2942665242259 39.5584018519413 40.6821574041075
2013-11-21 40.2680363306766 39.8152660075343 41.4051568148459
2013-11-22 40.3685740093241 40.1803514415994 41.4240892888692
2013-11-25 40.722865519804 39.8558439160211 41.4507734548396
2013-11-26 40.6796032293267 39.9419221860594 41.1121898614798
2013-11-27 40.9469724782359 39.9644796421236 40.9800550283886
2013-11-28 41.1056621641636 39.9644796421236 41.4955999436627
2013-11-29 41.1841731516341 39.799238425172 41.100246507651
2013-12-02 41.169548555242 39.5984064603754 40.9820573519086
2013-12-03 40.3876672328782 39.4264385715478 41.1852952342217
2013-12-04 40.02522956433 39.3880933966481 40.265693754134
2013-12-05 39.7814178880237 39.1611417825989 39.7404064292912
2013-12-06 40.1643898562053 39.5597388412398 40.112698703631
2013-12-09 40.2640509157428 39.3072914408387 40.4348502063783
2013-12-10 39.9105505015185 39.1530563362313 40.2345002025855
2013-12-11 39.7470885781358 38.728088374783 39.8764460138916
2013-12-12 39.483875794248 38.4289195506499 39.5595399674607
2013-12-13 39.4377227953856 38.4538524727676 39.6446408975097
2013-12-16 40.1256346783933 38.8594856157361 38.9099809073775
2013-12-17 39.7821619469282 38.7915463593768 39.2881773835152
2013-12-18 40.2052874097634 39.4981774390917 40.1058323317384
2013-12-19 40.8795838800732 39.5253199079742 40.7696251280544
2013-12-20 41.1617530491965 39.8918523109738 40.635017630776
2013-12-23 41.5498949354492 40.0637435133836 40.6378730181438
2013-12-24 41.5498949354492 40.180293679303 40.6720045218527
2013-12-25 41.5498949354492 40.180293679303 40.9004142190377
2013-12-26 41.5498949354492 40.4955781969571 41.3263264661312
2013-12-27 41.9902705782721 40.4830877047543 41.1474070288519
2013-12-30 41.827249103501 40.3549901748836 41.0663237141002
2013-12-31 41.827249103501 40.4818959406049 41.0663237141002
2014-01-02 41.1611415504973 40.0903005597648 41.0663237141002
2014-01-03 41.314883679527 40.3709517303361 41.0663237141002
2014-01-06 41.2835733601165 40.6371868649617 40.6906050826942
2014-01-07 41.625998422384 40.8509454038039 40.5370791996675
2014-01-08 41.5893898984314 40.6197142150998 41.2893664372827
2014-01-09 41.2555942020815 40.6409669968767 40.5748630398431
2014-01-10 41.4816724817932 40.6697479922813 40.6901697053354
2014-01-13 41.6433811669559 39.9852794920765 40.7130261410637
2014-01-14 41.7762340705949 40.2851113804761 39.7504423682729
2014-01-15 42.6226603157084 40.5302597779231 40.697252512756
2014-01-16 42.5521629261008 40.5009354561199 40.3393636690581
2014-01-17 42.6627282875075 40.6541549530807 40.2755826420124
2014-01-20 42.5442391335843 40.6541549530807 40.3498714744491
2014-01-21 42.6065048422693 40.7397263690958 40.8114189190196
2014-01-22 42.5626738210882 40.637719423971 40.7460068978255
2014-01-23 42.1726504013869 40.1712659975052 40.4324680882625
2014-01-24 41.1260211399751 39.234389995862 39.5869505729362
2014-01-27 40.9386082371078 38.9293872661933 39.0521579907913
2014-01-28 41.191224598775 39.149415023474 38.943892048009
2014-01-29 40.8839199470297 38.722628389682 39.902425178102
2014-01-30 41.0448418096712 39.0099510865885 38.9388171876265
2014-01-31 40.7514604546513 38.777599217553 38.9734660520938
2014-02-03 40.2261723570409 38.3241859630901 38.7123467603497
2014-02-04 39.9695320905577 38.4676975686827 37.1222578807135
2014-02-05 39.9187821780624 38.4068525511134 37.7397435327261
2014-02-06 40.5329553154334 38.8637379736886 37.634036438221
2014-02-07 40.7314906119873 39.1942420451144 38.2889960884376
2014-02-10 40.6786838509789 38.9631685623125 38.4249757435428
2014-02-11 41.505884312333 39.4476859406017 38.4249757435428
2014-02-12 41.7740018938811 39.2938258618318 38.5802758072399
2014-02-13 42.0225858032636 39.5779865897704 37.9538120948302
2014-02-14 42.3099719321878 39.8209069557622 37.425828374218
2014-02-17 42.2852726156854 39.8209069557622 37.6244232153745
2014-02-18 42.2984988908572 39.5674026773567 38.7732743699432
2014-02-19 42.299679124639 39.2896936502415 38.3147158251668
2014-02-20 42.1192706271828 39.4305008363073 37.4486219310126
2014-02-21 42.2861064711788 39.449117461176 38.6572835610442
2014-02-24 42.513762674046 39.6572654349479 38.3981642887954
2014-02-25 42.4717661358261 39.5957894190567 38.9739064956898
2014-02-26 42.307038460186 39.6272529940171 38.7816617552926
2014-02-27 41.9856309054014 39.8668895802795 38.7265091787574
2014-02-28 42.4399341230628 40.1039778567221 38.676114251279
2014-03-03 40.9809511404797 39.3810007606081 38.0046115748766
2014-03-04 41.9892229134533 40.0287840888774 38.4166611070097
2014-03-05 41.7828450691242 40.0200885737205 38.7957646287678
2014-03-06 41.7865696373815 40.2032217957518 39.2589538425118
2014-03-07 40.9453090366047 40.1733869608345 39.3514289512953
2014-03-10 40.5720141035383 39.7725262535828 38.44922420388
2014-03-11 40.7571948340706 39.6063312323047 38.7325331157174
2014-03-12 40.2356783464473 39.6220944858018 37.7624835816406
2014-03-13 39.4873352377158 39.0361554635605 37.8447940933857
2014-03-14 39.6564460176633 38.8083457106435 36.61286512413
2014-03-17 40.2015200778895 39.266647698151 36.9017529055852
2014-03-18 40.4715191885074 39.4845124694323 37.157445658916
2014-03-19 40.6225886922117 39.1807579875698 37.2618238162386
2014-03-20 40.7060942739313 39.469250124575 36.6674082015175
2014-03-21 40.9111122869223 39.7063129396803 36.6674082015175
2014-03-24 40.2360247159781 39.6772878128235 37.4019315421909
2014-03-25 40.8912322452258 39.8880096506323 37.2197844811371
2014-03-26 41.3736899447442 39.5724402906911 37.3220538852288
2014-03-27 41.3852057453126 39.6095794570014 37.7404638770429
2014-03-28 41.9806405848867 39.8567872346361 38.0911054418967
2014-03-31 41.8436697017298 40.2321989052297 38.2098601153881
2014-04-01 42.0529767399475 40.3713869622477 37.9992688879501
2014-04-02 42.139022386787 40.4142456978084 38.2125455731347
2014-04-03 42.162930602655 40.4102192126955 38.3908009660149
2014-04-04 42.456089596502 40.1369086410448 38.4184810795288
2014-04-07 41.6463573981954 39.853554299539 38.1205131560077
2014-04-08 41.5585200276325 39.8380514331344 37.5979525449648
2014-04-09 41.626652680321 40.1383548537537 36.9167722841334
2014-04-10 41.3997875780881 39.3834804302892 37.0254297691094
2014-04-11 40.7900360305281 38.8595161915824 36.0680479140797
2014-04-14 40.8946018877259 39.1610453417998 35.9264136820445
2014-04-15 40.1700814763868 39.5167727724256 36.2581412089834
2014-04-16 40.8011156562193 39.9833702992683 37.3590105528018
2014-04-17 41.203484458248 39.9089893494616 37.194642175324
2014-04-18 41.203484458248 39.9089893494616 37.4255253986189
2014-04-21 41.203484458248 40.0427687042476 37.3837577648176
2014-04-22 42.0371248768014 40.2042006795802 37.0156216202137
2014-04-23 41.7923510585306 40.1994349452802 37.4366533639562
2014-04-24 41.8120087390541 40.1383592591385 37.0704351783115
2014-04-25 41.1677525534054 39.7944831564793 37.1538823529461
2014-04-28 41.3639701503911 39.9807359765624 36.8271778324489
2014-04-29 41.9671962178975 40.1506601318585 36.7621718700249
2014-04-30 42.0508771278179 40.2668870468432 36.7071339859386
2014-05-01 42.0508771278179 40.2484181632537 37.2661429153428
2014-05-02 41.8441486358448 40.020927267695 37.1400191831954
2014-05-05 41.7280242188407 40.0608408349476 37.1400191831954
2014-05-06 41.4566695549978 39.7383359753598 37.2082189500407
2014-05-07 41.6921169901761 39.9309897811734 36.0913582846881
2014-05-08 42.0691364914998 39.9634136195401 36.462570061259
2014-05-09 41.9555050935071 40.1020524580451 36.5780134869324
2014-05-12 42.4853858266373 40.792785014225 36.8002296949409
2014-05-13 42.7129522285369 40.838607625846 37.4563607369852
2014-05-14 42.7127769003361 40.6675396898874 37.3786245973527
2014-05-15 42.2821638198617 40.3258943365063 37.2560809831763
2014-05-16 42.1641535956746 40.4674674688925 36.8387307969453
2014-05-19 42.296788411875 40.5386031838971 36.7163672112016
2014-05-20 42.2078563347635 40.1539861350565 36.904708521463
2014-05-21 42.4652876975022 40.5639950585962 36.8312245084472
2014-05-22 42.5661760237937 40.6241534671801 37.6961464118081
2014-05-23 42.7724170298043 40.8449587395234 37.9437675889073
2014-05-26 43.3189407179574 40.8449587395234 38.2899419369711
2014-05-27 43.5291243752851 41.1205294404816 38.3790949097231
2014-05-28 43.5218976043222 40.9891132277674 38.4334244575489
2014-05-29 43.5207173749193 41.2292461480616 38.5614369028563
2014-05-30 43.539849079598 41.3111546219959 38.5513291393115
2014-06-02 43.5698466050212 41.2885350171248 39.2460644786771
2014-06-03 43.4368183775602 41.2935786688588 39.4134940246341
2014-06-04 43.4671622768932 41.3371592853882 39.3856937661066
2014-06-05 43.559818922262 41.5745172888303 39.32243756234
2014-06-06 43.7321710626176 41.8106666629022 39.3704141620127
2014-06-09 43.826050701006 41.7559089130713 39.40779792201
2014-06-10 43.9143712837971 41.8211061805123 39.1243021020083
2014-06-11 43.5684867736831 41.7408663253769 39.537141914748
2014-06-12 43.5198407514305 41.5670825561169 39.4587027858159
2014-06-13 43.4067353292826 41.6518290427163 39.8496870005801
2014-06-16 43.2802325818753 41.6587595762847 39.3811397699936
2014-06-17 43.4393584383014 41.7115799964819 39.5423401017605
2014-06-18 43.4831894638613 41.9210576568828 39.8192177479863
2014-06-19 43.8057772480489 41.9547646168683 40.4071437297616
2014-06-20 43.7323891456773 41.8669949612785 40.341316145277
2014-06-23 43.4419840262758 41.8704243693448 40.3440468866275
2014-06-24 43.5171253668673 41.5881588441485 40.4263838114082
2014-06-25 43.2091621790719 41.6826716054512 40.1121040013222
2014-06-26 42.9339546648794 41.5931540999722 40.2134423221658
2014-06-27 42.9789231562257 41.5980850108334 39.7012843673527
2014-06-30 43.0573058528464 41.4505664250541 39.9152147389414
2014-07-01 43.3609329780641 41.7297554983353 40.338477593307
2014-07-02 43.3997266413795 41.6969835690559 40.3226193348346
2014-07-03 43.9171294319769 41.9904907304807 40.2715420114885
2014-07-04 43.8280220266646 41.9904907304807 40.4434895677808
2014-07-07 43.3769601650322 42.1039507330695 40.3852630007405
2014-07-08 42.7928230429668 41.8131249646663 40.2493035450905
2014-07-09 42.9484039330708 41.9745171290033 40.2997808925034
2014-07-10 42.2956509460886 41.7541668634671 40.0583476157406
2014-07-11 42.3272221121755 41.8097623064675 39.9896592575408
2014-07-14 42.8380994227192 42.1408367301044 40.4246588096228
2014-07-15 42.5596077845022 42.1290636007139 40.6109107391575
2014-07-16 43.1720276792745 42.3609351597509 40.551459500071
2014-07-17 42.7105447280011 42.1323898468521 40.6482147886137
2014-07-18 42.5622761317144 42.5013090469014 40.3889832349551
2014-07-21 42.0894954673113 42.3902931403793 40.4538130635826
2014-07-22 42.6249395297732 42.534512843201 40.7959591207693
2014-07-23 42.7091421330464 42.5588746605714 40.7776462129792
2014-07-24 42.8864845939166 42.656111530635 40.7763196814712
2014-07-25 42.2294425817078 42.3484204789176 41.1637145448143
2014-07-28 42.0287178720567 42.5139082384543 41.3723373755184
2014-07-29 42.2715674020199 42.3248626423708 41.6024824251913
2014-07-30 42.0090559177988 42.2674280503296 41.6379255645538
2014-07-31 41.1937219002784 41.5601995393792 41.4974352283049
2014-08-01 40.3293398973972 41.4063607067125 41.0792753675853
2014-08-04 40.0843864771912 41.4730579095851 40.9179495110159
2014-08-05 40.2402752557014 41.1537543078594 40.5484869335735
2014-08-06 39.978858478029 41.2591967051875 40.1761630373024
2014-08-07 39.5800774103178 41.1753147227218 40.5543258111085
2014-08-08 39.4502477752694 41.6174421262418 39.4031837687738
2014-08-11 40.2008658199525 41.5335635233009 40.2919925044432
2014-08-12 39.7136316092448 41.5687818036417 40.3887428482859
2014-08-13 40.2802961901496 41.8885537386341 40.5666737799462
2014-08-14 40.3951078131665 42.0376723702055 40.7850931617306
2014-08-15 39.8149133424181 41.9039586027434 40.7445103176576
2014-08-18 40.4836935207472 42.2450192873329 40.7172038974676
2014-08-19 40.8731909646037 42.5081229442769 41.0641744755131
2014-08-20 40.7868844710877 42.7823948974852 41.1005435694053
2014-08-21 41.1676670261722 43.083011401078 41.3784506469135
2014-08-22 40.8946018877259 43.0931969941094 41.1218285632475
2014-08-25 41.6432486023717 43.353582807391 41.3328229254361
2014-08-26 41.984844087259 43.5740887068618 41.1729436922117
2014-08-27 41.9040966493404 43.6296152681805 41.2691063907724
2014-08-28 41.4349037104972 43.5710077865778 41.114931683553
2014-08-29 41.4682281191828 43.5761846865106 41.0600875006722
2014-09-01 41.5070260562325 43.5761846865106 41.2588171697282
2014-09-02 41.6295861523227 43.6995307506618 41.7218301401934
2014-09-03 42.1527275960738 43.7502977106041 41.655682351135
2014-09-04 42.5808433838025 43.6780908566488 41.3971638012662
2014-09-05 42.6805044389612 44.0526954763888 41.5852996026677
2014-09-08 42.7287185644498 44.4207481163684 42.0464106767901
2014-09-09 42.5214683791239 44.2050549239684 42.1055402251897
2014-09-10 42.4753581438781 44.4954031879094 42.0050102097809
2014-09-11 42.4364319159785 44.3408776141735 42.0948825712828
2014-09-12 42.260620336534 44.1946295350869 42.0669674541506
2014-09-15 42.2978403591858 44.1714175149571 41.7616524417282
2014-09-16 42.1809248459262 44.4947110640987 41.7674420642602
2014-09-17 42.3060292764919 44.5490016968461 41.7405089979486
2014-09-18 42.9043077871001 44.8289310002369 42.1042517284625
2014-09-19 42.909255348377 45.1014756839093 42.4907398613104
2014-09-22 42.6915413054146 45.0002094981165 42.2177915346103
2014-09-23 42.0149698947745 44.6419204606905 42.2177915346103
2014-09-24 42.3080861293837 44.9859623702408 42.1356990509557
2014-09-25 41.6426798716679 44.4126071037395 42.7722652961859
2014-09-26 41.5574680847005 45.1255912116137 42.5325831113449
2014-09-29 41.2612858178842 45.2456913098592 42.8737764557854
2014-09-30 41.4863121590427 45.1670702749179 42.452100448838
2014-10-01 41.0822799153828 44.6555030253702 42.2917407718501
2014-10-02 40.2662830924566 44.7802733680625 41.2729534325066
2014-10-03 40.2662830924566 45.225218493789 41.6610403656839
2014-10-06 40.3268426002726 45.6508822469115 42.1598611854653
2014-10-07 39.7869341843832 44.7827373803194 41.890913321428
2014-10-08 39.3889869721654 45.2270103693736 41.4315817188044
2014-10-09 39.4314154027705 44.2200352582862 41.1416250834288
2014-10-10 38.4846695620692 43.6970352878191 40.587575374974
2014-10-13 38.5880979534807 43.442421324209 40.99945017472
2014-10-14 38.6440605476638 43.2760189072264 40.0239661803013
2014-10-15 37.5350800503338 42.7687029214144 40.4327233962507
2014-10-16 37.5830290554116 42.6836054432716 39.6154067846113
2014-10-17 38.7537920491984 43.024707356999 39.0246256156277
2014-10-20 38.1735548192122 43.213713894029 40.3793160267616
2014-10-21 38.9144530651635 43.7463304524901 39.4636048123993
2014-10-22 39.1473176716052 43.3218385536005 40.6141508909701
2014-10-23 39.6165961333028 44.1718922753194 40.5992930834249
2014-10-24 39.3560132155026 44.6714842092958 40.9424568040469
2014-10-27 38.9829834072257 44.6236423719602 40.9197629840531
2014-10-28 39.7080297900309 45.0366633944979 40.7812390957831
2014-10-29 39.7720444632014 44.8756337349691 41.2897184846525
2014-10-30 39.9122994660041 45.4244695574702 41.4337587081809
2014-10-31 40.8407431794068 46.3697798933394 43.496244393571
2014-11-03 40.5115871559277 46.6155907812355 43.496244393571
2014-11-04 40.1383777500945 46.7861015689116 43.4560019933565
2014-11-05 40.7908698904003 46.9556036748765 43.4124910623546
2014-11-06 41.0620492260424 47.1547348822818 42.8004075261263
2014-11-07 40.6873089387834 47.3735472271679 42.9943743392335
2014-11-10 40.950213834265 47.5456706750394 42.8388626939361
2014-11-11 41.0253551748566 47.514468326553 43.7711821435963
2014-11-12 40.3331927521255 47.629465788892 43.6879500162489
2014-11-13 40.4976168218514 47.6243112036281 44.0470256058906
2014-11-14 40.5170179294328 47.5985354093068 44.2522573620546
2014-11-17 40.7508874414555 47.3712375922871 42.4723430957351
2014-11-18 41.4085024668602 47.5509300756083 43.4913973291394
2014-11-19 41.4797439197512 47.583360285538 43.2129413200567
2014-11-20 41.5286550667934 47.5245477226122 42.8377207803845
2014-11-21 42.6171440237277 47.7497367986335 42.662017744327
2014-11-24 42.8491790484104 48.3451923408665 43.3194353179503
2014-11-25 43.1805244849867 48.2864987358306 43.3080534598002
2014-11-26 43.4185119765274 48.1775119586885 43.1363347888553
2014-11-27 43.6782225533308 48.1775119586885 42.7603757297709
2014-11-28 43.7044057095292 47.9859825594886 43.322643029548
2014-12-01 43.6284775507953 48.00124425214 43.4005444629749
2014-12-02 43.49961006209 48.2399478568339 43.5691580174879
2014-12-03 43.6647354271039 48.4185369324281 43.7102731260741
2014-12-04 43.1373477173638 48.7294615751415 44.1934617981465
2014-12-05 44.1697457936441 48.9447158283491 44.1677761182499
2014-12-08 43.8539015725699 48.8490172548143 43.7846951319521
2014-12-09 42.8849537168696 48.7086984531526 43.591364075785
2014-12-10 42.9113164750032 47.7343804326062 42.8320396519493
2014-12-11 43.186305901757 47.7286260470865 42.6142910349074
2014-12-12 42.0136571051661 46.7295704412812 42.9690331778352
2014-12-15 40.8720064614663 46.3547898022088 42.0872393170504
2014-12-16 41.8786105103168 46.1156005919019 41.4334494790551
2014-12-17 41.7933987277282 46.7584306459186 41.9198697414145
2014-12-18 42.9609246392202 47.954819210301 42.9543612738413
2014-12-19 42.8553966400579 48.6117316808246 43.9178743329737
2014-12-22 43.2004472902998 49.3787930059291 43.9611393001512
2014-12-23 43.4471967123423 49.4839250670926 43.9611393001512
2014-12-24 43.4471967123423 49.6342624958006 44.2861317047209
2014-12-25 43.4471967123423 49.6342624958006 44.197388415549
2014-12-26 43.4471967123423 49.7763923002809 44.2076756770534
2014-12-29 43.4691763661683 49.7867882648608 44.0645730910695
2014-12-30 42.9367983359136 49.6223210981069 43.317810476393
2014-12-31 42.9367983359136 49.2981565780596 43.6149148006481
2015-01-02 42.7580575582017 49.5457073912246 43.8343873849486
2015-01-05 41.4813218341492 49.0262306916506 43.8678406798867
2015-01-06 41.465995942469 48.9106304282387 42.8876165035061
2015-01-07 41.6784545401271 49.5598051787161 43.3402030743233
2015-01-08 43.0771858989216 50.7818881051707 44.3162748177659
2015-01-09 42.2491045359656 50.5071384705284 44.3670600241452
2015-01-12 42.8332416624099 50.0838058185069 44.3670600241452
2015-01-13 43.5299111978063 50.0278189301109 44.3848895012295
2015-01-14 42.9872873973537 49.6110130333712 43.8207384960928
2015-01-15 43.9310570068154 49.4337487710505 45.167023623133
2015-01-16 44.5228955602244 50.2471906343317 44.7581523522833
2015-01-19 44.8494687593458 50.2471906343317 45.6117210408344
2015-01-20 44.9141890102963 50.8171719601923 46.5348495749569
2015-01-21 45.0985401590696 50.9568491311263 45.9568041214547
2015-01-22 45.6957667223671 51.7375163161083 46.2479047800862
2015-01-23 46.6326602041311 51.4424420010376 46.8350520398793
2015-01-26 47.2840106005373 53.0351812756685 48.2309643278921
2015-01-27 46.5407048540502 52.1002957568526 48.888272872139
2015-01-28 46.9014748072328 51.1804688836533 48.6369026349291
2015-01-29 47.0192669396025 51.6004391022138 47.9642713292175
2015-01-30 46.8285699127106 51.0791986416498 48.3451586080374
2015-02-02 47.4139727957911 51.7176509793214 48.2260010487501
2015-02-03 47.6895779949785 52.4599703943515 47.4868660964503
2015-02-04 47.7787751968796 52.2167433927064 48.2303438333977
2015-02-05 47.7528956509743 52.5150384017557 47.3828358178576
2015-02-06 47.4944551045414 52.6082054334184 48.115423422684
2015-02-09 46.6936558868243 52.6697447837517 47.8693262015804
2015-02-10 47.0891528348897 53.0421324207481 47.829805722244
2015-02-11 47.0816224536338 53.0552746270001 47.8013715656134
2015-02-12 47.8152511650056 53.420473554038 48.3527985831745
2015-02-13 48.0068248110074 53.4042741033544 48.0608317059488
2015-02-16 47.8309277043298 53.4042741033544 48.4630816410239
2015-02-17 47.7100267717576 53.2298627622683 48.5050656444518
2015-02-18 47.99631391602 53.280399035669 49.0987741911183
2015-02-19 48.175584943311 53.0987977812879 49.0506523889283
2015-02-20 48.3888303547327 53.5084380356406 49.3337587361889
2015-02-23 48.7403637214116 53.5280558911587 49.6960301336913
2015-02-24 49.067988863465 53.9336252790129 50.178401613884
2015-02-25 49.0878218678105 54.0792313740059 50.173658146783
2015-02-26 49.5997981630159 53.9396134151192 50.74525758579
2015-02-27 49.9258881499091 53.8779449243803 50.8685789895875
2015-03-02 49.9639847960497 54.9139442622318 51.2207636658223
2015-03-03 49.3947373907872 54.6872396759406 51.1049348922844
2015-03-04 49.8764937950175 54.3916838207921 50.866373902165
2015-03-05 50.3740593031563 54.7531007882265 51.2769335482781
2015-03-06 50.5796888104677 54.3305342451423 52.1501663560445
2015-03-09 50.7160481949254 55.793403882912 52.2692398254455
2015-03-10 50.3581646763935 54.7061655107207 51.8016725876666
2015-03-11 51.6963792866099 55.0314853792753 52.1424856863778
2015-03-12 51.6674764677351 56.5881132043472 53.63783833265
2015-03-13 52.1150831640129 56.3972459120754 54.6649182499387
2015-03-16 53.2803298658189 57.5846409850954 55.0404804853766
2015-03-17 52.4620580981835 56.9348721479547 55.3952471158304
2015-03-18 52.2077355312686 57.3924888850933 55.428454690403
2015-03-19 52.1054061288977 56.7792073782107 55.1071678415996
2015-03-20 52.7183092315193 56.8048469667381 55.1085347083089
2015-03-23 52.0898151124279 56.2806159082482 54.8540701798728
2015-03-24 52.5708317358669 55.7538068268244 55.169144452282
2015-03-25 51.9561753862677 54.4569621331213 54.9737060751259
2015-03-26 51.8614148550349 54.28841039322 54.1871796226817
2015-03-27 51.9693546284673 54.3246722761133 53.8436824386987
2015-03-30 52.9225361482547 55.4978047866982 54.5248424209998
2015-03-31 52.3977783002234 55.0770044383866 53.9174240386928
2015-04-01 52.5519565997514 55.232546002794 53.632484883241
2015-04-02 52.4031192683821 55.4922487372498 54.5802223668746
2015-04-03 52.4031192683821 55.4922487372498 54.6967614866828
2015-04-06 52.4031192683821 54.7805410411592 54.1407597441016
2015-04-07 53.0867848897798 54.6991088589479 54.7046232692588
2015-04-08 52.7029405806013 55.2750372799513 55.2343776156843
2015-04-09 53.274728046605 55.7352575036739 55.8912128075873
2015-04-10 54.1867939253956 56.5486003884535 56.1828843229009
2015-04-13 54.0291561823999 57.0076954448925 56.9083893400803
2015-04-14 53.5425334616338 57.3104041761224 56.975702636532
2015-04-15 53.5589113006247 57.4484450796984 57.0704958631333
2015-04-16 52.5409240114112 57.2539088998375 57.0804865156733
2015-04-17 51.182786591503 55.964861604998 56.1290321264541
2015-04-20 52.072607691678 56.1115948744913 55.67939043905
2015-04-21 52.2813459948131 56.043158701164 56.6167135743622
2015-04-22 51.965151126095 56.566941622524 57.2783711884006
2015-04-23 51.3355195368385 56.5255290448122 57.2302244245921
2015-04-24 51.7176576451479 56.5558154877889 56.6360960743227
2015-04-27 52.7173898487927 55.7649778770102 56.2788100712566
2015-04-28 51.7212068895833 56.0396242462215 56.4961692960633
2015-04-29 50.0618926129885 55.5429196042519 56.4961692960633
2015-04-30 50.1567386714545 54.3844177406598 54.2155870974449
2015-05-01 50.1567386714545 54.3086995105107 53.5458903820754
2015-05-04 50.8813018420314 54.2538340876696 53.5458903820754
2015-05-05 49.6019405387621 53.971487385138 53.0430745981924
2015-05-06 49.7003358416635 53.813121073791 53.1579636237617
2015-05-07 49.9535166646789 53.5324178049339 52.1667763878084
2015-05-08 51.2748745061681 54.032398687401 52.2127183160601
2015-05-11 51.1155690434279 54.3291146302399 53.265686474996
2015-05-12 50.2356901031578 54.4222791996695 53.4236147656582
2015-05-13 49.7060702210828 54.195041992344 53.5523653115131
2015-05-14 50.6184439839008 54.4351961182539 52.899554876615
2015-05-15 50.1245560066684 53.9691771308092 53.0050819459663
2015-05-18 50.7693381637831 53.7400457022881 53.0523170960254
2015-05-19 51.9036722355524 54.0393440879843 53.5172080084944
2015-05-20 51.88238960328 54.7672894624695 54.5439850693105
2015-05-21 51.9529767938552 55.2904262865638 54.7354554270986
2015-05-22 51.735874249592 55.1081666216036 54.8206702317644
2015-05-25 51.735874249592 55.1081666216036 55.5795785003875
2015-05-26 50.9044232441358 55.2275429425019 55.7774943406621
2015-05-27 51.5437318685076 55.9303300456186 55.8147638047299
2015-05-28 51.1340507682828 55.9808673378114 55.7586589913637
2015-05-29 49.979135359529 55.4663917789713 55.3739663160795
2015-06-01 50.076474445764 55.1837658905638 54.9333340574843
2015-06-02 49.6068453364224 55.3637733478034 55.0638570265815
2015-06-03 50.004531697585 55.1530771449471 54.3771144907895
2015-06-04 49.6585146272656 53.8359064673171 53.7655867864553
2015-06-05 49.0303754339314 53.210352643399 53.1769863498004
2015-06-08 48.451361192586 53.7495620343572 53.3958383463937
2015-06-09 48.1727369941637 53.5060417346727 52.386331498815
2015-06-10 49.3291832799644 53.641287429359 52.0587703006252
2015-06-11 49.6242751139665 53.657537864647 53.2975581506471
2015-06-12 49.0274847211675 53.3764854200598 53.4795624024236
2015-06-15 48.1012731844785 53.0789412304246 53.4443817875083
2015-06-16 48.3597992537658 53.5834196904161 53.2303602409187
2015-06-17 48.0707967249402 53.5530287035364 52.995001449853
2015-06-18 48.6062835510187 54.0619676519095 52.2759112494462
2015-06-19 48.3426773558703 53.2533640664333 52.5406403002674
2015-06-22 50.1835376000864 53.6782600781764 53.4579921094696
2015-06-23 50.5427766718433 53.6792720636604 54.233626495384
2015-06-24 50.2306527452921 53.7294799088197 54.6796785304052
2015-06-25 50.2388416625981 53.7516871942777 54.571675214202
2015-06-26 50.3233521542775 53.863139816981 54.4591430822301
2015-06-29 48.5314073308379 52.9440350954922 52.967537162701
2015-06-30 47.9261201367054 53.3863826911824 54.1481378460295
