time value.DAX value.Dow.Jones value.Nikkei value.VXX.Adjusted
2013-01-02 50 50 50 -50
2013-01-03 49.856405216387 49.7776769078683 50 -50.1426024993566
2013-01-04 49.9845112725479 50.3285463724181 51.0629818540085 -49.1087343790214
2013-01-07 49.7035548615932 50.3794735645845 50.2856819575569 -49.0552606699268
2013-01-08 49.4668205728104 50.197676373586 50.0148039606886 -48.4491996020285
2013-01-09 49.6252010494471 50.2644367506186 50.4646641912422 -48.5561505852803
2013-01-10 49.5480681292998 50.706683443167 50.9113183956796 -47.361854653169
2013-01-11 49.5934452333902 50.5933990392384 51.0782326421511 -47.1657748796553
2013-01-14 49.6833708733149 49.7985891538461 51.0782326421511 -46.3992895650434
2013-01-15 49.3387804267299 49.8069180541836 49.7448528551012 -46.4171153230958
2013-01-16 49.4366089256761 49.7831590443468 48.7850081548747 -45.4367209118553
2013-01-17 49.721551289551 50.3254880330311 49.3887217381712 -45.6862743944637
2013-01-18 49.5079575003035 50.3877061759147 50.2925908093898 -42.7450982908672
2013-01-22 49.4692623632358 50.6602748234421 49.008306337575 -41.5329766007035
2013-01-23 49.5420891967055 50.8815050551956 48.3035611221271 -40.4099832551689
2013-01-24 49.8029902963759 51.0743657815821 49.2480681643601 -40.6417109797249
2013-01-25 50.5090157594685 51.2737627245388 50.1259053252918 -40.9090933398153
2013-01-28 50.3485136261638 50.72731409711 48.3537281637459 -42.0142609272975
2013-01-29 50.4485924587721 51.0301117036359 48.5868592936279 -40.7486650824064
2013-01-30 50.2090962522344 50.854086974105 49.7940950685818 -43.262034133566
2013-01-31 49.9824523892214 50.4208447506083 49.4548456717355 -43.3868108748702
2013-02-01 50.3510213266694 50.8021011733714 49.5157903648018 -41.1586468224237
2013-02-04 49.0965819261845 50.0587079701541 48.6092358598943 -43.9928714971356
2013-02-05 49.2664683140918 50.5983001010531 47.9187436297789 -42.1925144971261
2013-02-06 48.7298804281551 50.8714534933494 49.9329029899706 -41.9786094111928
2013-02-07 48.7920362049432 50.6271527438832 48.92244410351 -41.8181811537838
2013-02-08 49.1859928452776 51.0118271044822 48.2876177692645 -40.9803928069624
2013-02-11 49.0677229912095 51.4241802029894 48.2876177692645 -40.2852069594975
2013-02-12 49.2377349193721 51.5294721138913 49.9305427419207 -39.8752252194802
2013-02-13 49.5700505101778 51.2714996996462 48.7825425879022 -40.0891271859838
2013-02-14 49.0513303623494 51.0804975596553 49.1964795189619 -39.5008918761379
2013-02-15 48.8091318682317 51.3706584280775 48.8804314714716 -39.1622100489004
2013-02-19 49.8307601530849 51.7348696565422 49.5742503454951 -37.4688075972052
2013-02-20 49.6793849139669 51.2978735943727 50.1243902219688 -40.695188253882
2013-02-21 48.7452404721854 51.0142987770165 49.3695768538043 -41.4795028916088
2013-02-22 49.2487920198913 52.057934295815 50.4053561537453 -40.0713014279314
2013-02-25 49.964069917426 51.4087176903158 51.7345181146834 -45.5614976531595
2013-02-26 48.832272367767 51.7744711459296 50.2871960433234 -44.4385043076249
2013-02-27 49.3382657058982 52.9807509143104 51.1509579600928 -41.4795028916088
2013-02-28 49.7616619121196 52.8495909252074 52.5914813270074 -42.7272725328148
2013-03-01 49.5460751496258 52.8283998029177 52.356535600162 -43.3689851168178
2013-03-04 49.440146067845 53.3823946611169 52.2702986204217 -41.1051695482666
2013-03-05 50.5883331096254 53.9038384567768 52.5221483060149 -39.714797407704
2013-03-06 50.9034212105543 53.9566124143137 53.6495232105013 -39.9108736161553
2013-03-07 51.0348039117295 54.0779552922676 53.708920884377 -39.0909105817534
2013-03-08 51.3349807793794 54.3621863493272 54.6716113562522 -38.556149426635
2013-03-11 51.3209671676031 54.6524843405116 54.0647531059849 -36.9518717545064
2013-03-12 51.2041755723774 54.6545560064283 53.8286183927771 -37.5222813062999
2013-03-13 51.2349647136849 54.5861720980664 53.3593244380503 -37.3083793397962
2013-03-14 51.7971348960099 54.9999411510279 54.2619666033953 -36.595367734279
2013-03-15 51.6973761971589 55.0746534403089 55.0983795209129 -36.5597162181742
2013-03-18 51.4907248720887 54.37367718722 53.6184793736752 -38.4670242014356
2013-03-19 51.0863545354884 54.9976968604037 55.5294428127309 -38.4670242014356
2013-03-20 51.4346108012364 55.206139810506 55.5294428127309 -36.43493947687
2013-03-21 50.9881368623935 54.9648512330274 56.1197858701468 -37.4688075972052
2013-03-22 50.8521279472112 55.2414538320666 54.6268787815559 -37.344030855901
2013-03-25 50.5921244690436 54.7257612644226 55.8915135898074 -36.8627465293069
2013-03-26 50.6484959067394 55.2474578220282 55.5853008504726 -35.9001783217516
2013-03-27 50.0662704131301 55.5574663438598 56.3131802139013 -36.2566859070415
2013-03-28 50.1062523587046 55.9622810952809 55.6660573195885 -36.0962576496326
2013-04-01 50.1062523587046 55.927345775217 54.9270916275098 -36.2210343909368
2013-04-02 51.0611582829376 56.2826942719656 54.6118581887859 -35.0980410454022
2013-04-03 50.616871910843 55.7366444827646 56.4697678577292 -36.3458111322409
2013-04-04 50.2481774331397 56.0331375841798 57.7186230162621 -35.7041021133004
2013-04-05 49.2284793481912 55.7720089987012 57.6074648127188 -35.8467041670242
2013-04-08 49.2534841504065 55.3407389779234 56.8920156782416 -34.8484844433641
2013-04-09 49.0919525754385 55.5165976217372 56.1861592246119 -34.3850294398849
2013-04-10 50.2047242554765 55.789309178972 56.1261504101837 -33.4937638189063
2013-04-11 50.5968165995587 55.9021771410166 56.9777207323401 -33.3333355614974
2013-04-12 49.7813939593355 55.8719796626538 56.5258478776794 -32.7094491811796
2013-04-15 49.5748054076067 54.77646439152 56.2342620742589 -36.5775419762266
2013-04-16 49.3816529734811 55.5074075585621 56.4023468590047 -33.6898395817248
2013-04-17 48.227549772448 54.9036493805979 57.2922992212551 -37.5579328224046
2013-04-18 48.0392181458316 54.472986651279 56.1860181730282 -39.2869903552671
2013-04-19 47.9507079978354 54.8376381015427 56.8299620601185 -36.43493947687
2013-04-22 48.0673709096394 54.9075409887746 57.0980390779156 -35.6327990810909
2013-04-23 49.2250081161026 55.4688131856306 56.8519381383205 -33.8324420810813
2013-04-24 49.8730520689242 55.4463238483764 58.6530367141314 -33.9393966293956
2013-04-25 50.3476128614946 55.6243149114285 58.852546628841 -34.3137264076754
2013-04-26 50.2312700834479 55.5321007296067 58.6163468405235 -34.295900649623
2013-04-29 50.608837231661 55.9458272421689 58.6163468405235 -34.1354723922141
2013-04-30 50.867296540906 55.8410318746755 59.2317982290457 -33.814616323029
2013-05-01 50.867296540906 55.166646921003 58.8906743459274 -35.2406435447587
2013-05-02 51.1758282214953 55.3444530673956 58.3137691813686 -34.064172925067
2013-05-03 52.2079957492973 56.0713849732102 58.3137691813686 -33.315509803445
2013-05-06 52.1423687404206 56.1506987659928 58.3137691813686 -32.7629228902742
2013-05-07 52.5903805682809 56.5299385136594 59.6040617862041 -32.4242441824664
2013-05-08 53.027018305031 56.787289579692 60.2047125588659 -32.63814614897
2013-05-09 53.1095495268607 56.5428294627364 59.7662077316232 -33.2263814588159
2013-05-10 53.2126507808062 56.642771601246 61.3341070335249 -32.905524943998
2013-05-13 53.2171514545581 57.1560623465809 61.2163690076567 -32.7629228902742
2013-05-14 53.6016610733762 57.6906722212069 61.0762032248918 -32.4420699405188
2013-05-15 53.7514890068327 57.8886094132118 62.4639104492791 -32.7094491811796
2013-05-16 53.7993769481675 58.1036221945996 62.2725052241819 -32.9946537342599
2013-05-17 53.9801886164335 58.6431316688475 62.8092368145954 -32.1390396293861
2013-05-20 54.3519055154741 58.7617054960081 63.3628465866288 -32.566846681823
2013-05-21 54.4571284260877 58.8887205169192 63.7492990273974 -32.8520512349033
2013-05-22 54.834369167066 58.4445950362261 64.6424424443269 -33.2085557007635
2013-05-23 53.6843868822802 58.2921670051548 59.6334472331895 -33.475938060854
2013-05-24 53.3844673686183 58.4471983574234 60.6742475116181 -33.3868092705921
2013-05-28 54.5128564595302 58.6119882427658 59.8677687380962 -32.566846681823
2013-05-29 53.5853971215101 58.3418794750314 59.5455541332736 -33.0659532014069
2013-05-30 53.9943309052038 58.4609704477502 56.6485442856199 -33.0481310084171
2013-05-31 53.6641997508353 57.2553575657183 57.3868648758887 -34.1176470797945
2013-06-03 53.2589945596461 57.7353688495454 55.5131285516798 -34.064172925067
2013-06-04 53.3243014347655 57.3223764315843 56.7296495041809 -34.4741546650843
2013-06-05 52.6829394489666 56.3041687057776 54.4418877603008 -35.9358293922236
2013-06-06 52.0570724640973 56.5664169119703 54.1024054534639 -35.5436738558915
2013-06-07 53.0589624346847 57.0762813315009 54.2786210968581 -33.9393966293956
2013-06-10 53.3997018788211 56.7126643334708 57.280203502278 -33.475938060854
2013-06-11 52.8518622988631 56.2958655181649 55.9222898646753 -35.686276355248
2013-06-12 52.3428496825611 55.5757337292184 56.0835068906407 -37.7896636663903
2013-06-13 52.0350900832193 56.0896589648871 53.0834053653362 -36.0427803754754
2013-06-14 52.244440552703 55.5730099650673 54.8697990831924 -37.0588263028207
2013-06-17 52.8086068514408 55.9564587195496 56.7279575925993 -36.3279853741886
2013-06-18 52.8971766360397 56.4919600318285 56.2615562927715 -35.7932273384998
2013-06-19 52.6887269247975 55.5904221494217 56.9348101199227 -35.7575758223951
2013-06-20 50.9622344322478 54.2521966621044 55.7330220813748 -39.9465246866272
2013-06-21 50.0672370814518 55.0032592342834 56.1109741906637 -38.4313726853308
2013-06-24 49.4450955523483 54.9610172850572 55.5823535798026 -40.6595367377773
2013-06-25 50.2090303421541 55.4147597973918 55.1761725503493 -39.5187176341903
2013-06-26 51.0426471341482 55.9431148687843 54.8094639937324 -38.6452777712641
2013-06-27 51.3624901389338 56.6616915634778 56.6605451587014 -37.0944742538629
2013-06-28 51.1598247732115 56.3017772606101 58.5206764597581 -36.9162202384016
2013-07-01 51.3185881505193 56.6268295342255 58.7049895120963 -35.7575758223951
2013-07-02 50.8483993547068 56.3533102458843 59.3985227037442 -36.185382874832
2013-07-03 50.3248583993691 56.5688365533975 58.9530525346397 -35.8645299250766
2013-07-05 50.1749645558323 57.4072757173058 60.3722002966891 -33.9750445804379
2013-07-08 51.2197302099098 58.3788704464666 59.4065481211655 -32.4598921335087
2013-07-09 51.7931489430897 58.6095609567361 60.8950818998126 -31.8003578021486
2013-07-10 51.849263013942 58.5763124989823 60.7002473457208 -31.4795012873307
2013-07-11 52.4426711547536 59.3448204034407 61.3994489807485 -30.6238871824569
2013-07-12 52.7895747019145 58.2132405996847 61.2239129730948 -30.9269179392224
2013-07-15 52.9312424159337 58.2928375317487 61.2239129730948 -30.2495538391146
2013-07-16 52.7142433111056 58.2332109544896 61.3553108448802 -31.0338684768414
2013-07-17 53.0592197951005 58.0988419780588 61.2338919964735 -29.9643492860343
2013-07-18 53.5886737665244 58.2229534851727 61.94473610961 -29.4652427664503
2013-07-19 53.5531956314405 58.3560004168777 60.7838229300694 -28.8235301824473
2013-07-22 53.5499127129487 58.1896107398718 60.5873966143204 -28.2174695601819
2013-07-23 53.4417395709834 58.1576235520148 61.4057470208345 -28.0748670608253
2013-07-24 53.8587708072006 57.9391706273705 61.2327787332472 -28.4491986216363
2013-07-25 53.3437164849628 57.9012633180537 60.2626244087979 -27.7361870161191
2013-07-26 52.996166390382 57.9176298731305 58.515343831767 -27.6470600083884
2013-07-29 53.086926878468 57.5062879386425 57.2372124587526 -28.003565811147
2013-07-30 53.1639907517963 57.522835029029 58.330667239487 -27.4509802348747
2013-07-31 53.1958093411948 57.4924629600035 57.4302177127473 -26.8449213951405
2013-08-01 54.0620168038347 57.9471866683065 58.8707059057754 -26.0249570238402
2013-08-02 54.0376554058729 58.1254005711683 60.4803111560093 -25.4010701978896
2013-08-05 53.9826304068589 57.831605921789 59.3198167836988 -25.044564395131
2013-08-06 53.348537292472 57.5376530188266 60.1437342061721 -25.8110514922741
2013-08-07 53.0962483661568 57.3205474181144 58.0347553962111 -26.0962578278857
2013-08-08 53.4680280321112 57.2935474891216 57.591512678498 -25.6862747509699
2013-08-09 53.5965138522044 56.8109379179814 57.7978895263793 -26.0249570238402
2013-08-12 53.7311135617911 56.8575692921768 57.5612516116438 -25.8823545244836
2013-08-13 54.0943438341596 57.101488769191 58.9721873491984 -25.6506250173964
2013-08-14 54.2380704315053 56.8020640384966 59.1573755148041 -25.8288772503265
2013-08-15 53.8406425590823 56.0725775568569 57.7458160721945 -27.2014271978991
2013-08-16 53.9412392556887 55.8532788257524 57.397826504001 -26.6844931377315
2013-08-19 53.7763651256262 55.41196931716 57.8520416084579 -27.4331562593536
2013-08-20 53.350464355638 55.337684998309 56.179641861669 -27.1123001901685
2013-08-21 53.2564899958792 54.7844779805475 56.3271058786245 -27.6114084922837
2013-08-22 53.9794793020998 54.953947548865 55.9243295661945 -26.9518723783923
2013-08-23 54.1022529666586 55.3446733777661 56.9076264539685 -26.3814628265988
2013-08-26 54.2189817949706 54.9438058033688 56.4067197897318 -27.254902689525
2013-08-27 52.9810574268622 54.3420285427318 56.120187330403 -29.4652427664503
2013-08-28 52.4368868092337 54.5444196322805 55.7528142536929 -29.3761139761884
2013-08-29 52.6724629793592 54.6375997790692 56.5319710242712 -30.0534776306634
2013-08-30 52.0849678610615 54.8573133185464 56.2084819383985 -30.3743341454813
2013-09-03 52.5835040141839 55.2653048894119 58.463604890177 -29.2513372348842
2013-09-04 52.6812697397886 55.7445539876177 58.5863205624802 -29.1265609392129
2013-09-05 52.9323409108438 55.7565397441114 58.5605097748581 -28.538325629367
2013-09-06 53.193882271601 55.7386840596704 57.5882605203825 -28.7344049572479
2013-09-09 53.1980628115956 56.2212442171189 59.4348732745414 -27.6648857664408
2013-09-10 54.2921915291114 56.5999991286078 59.9483045331304 -26.6488416216268
2013-09-11 54.6083749882116 56.8767050542784 59.480508391896 -25.793227516753
2013-09-12 54.5972519776121 56.6948362328483 59.0972744007498 -26.2032088111375
2013-09-13 54.6963672786374 56.8543956413536 59.4861389354406 -25.8110514922741
2013-09-16 55.3621534357397 57.3321579866309 59.4861389354406 -25.5436726972462
2013-09-17 55.2589894084526 57.1947745611601 59.2139247306994 -25.2762934565854
2013-09-18 55.5103744333598 57.7845214561627 59.8929044266145 -24.3315505614497
2013-09-19 55.8839556350804 57.5235872293287 60.9928693882309 -24.2067742657783
2013-09-20 55.7653687904214 56.1692867841405 60.2752586578973 -24.67023283432
2013-09-23 55.5054280855953 56.021693444035 59.9746898628632 -24.9910889035051
2013-09-24 55.6938224791255 55.8158900709545 60.1856309711198 -24.8484846216172
2013-09-25 55.7004448159731 55.7039326364168 59.9517967667571 -24.7593593964178
2013-09-26 55.6906086074527 55.879816415923 60.7798604561035 -24.2780755154566
2013-09-27 55.6739617613433 55.5832239536285 60.4786133754825 -25.3119431901589
2013-09-30 55.242599922759 55.0415022550091 59.4726247017917 -26.2032088111375
2013-10-01 55.8515595515088 55.3244433324272 59.8483674709351 -25.2762934565854
2013-10-02 55.4676964801106 54.9971879470063 58.3295643464991 -26.0784320698333
2013-10-03 55.2651597913824 54.4723704296695 58.5395698941875 -27.0409989404902
2013-10-04 55.4262362821215 54.5033161808126 57.7887717451864 -26.8449213951405
2013-10-07 55.2244716746407 54.1975349353182 57.3045098334922 -28.8948296495944
2013-10-08 54.9950627507062 53.5666504743673 57.671706618101 -30.2317280810623
2013-10-09 54.7431002380536 53.6467233632668 58.3060502505804 -29.1800377677372
2013-10-10 55.8298973043881 54.9552578773392 58.9173159707924 -26.3279873349729
2013-10-11 56.0809684754432 55.4528720263235 59.5404097247341 -25.9001785000048
2013-10-14 56.0744089119371 55.583537493561 58.9652046880763 -26.167559077564
2013-10-15 56.5926833857529 55.0060754593877 59.1956395721154 -27.7361870161191
2013-10-16 56.8598176352668 55.8966854548238 59.3228152315997 -24.5454560930158
2013-10-17 56.6411488212608 55.9135540110931 59.8302485138662 -23.1907319034955
2013-10-18 56.9825850199203 55.6901145944358 59.5490833212045 -22.9233513259363
2013-10-21 56.9962125942867 55.3296650340876 60.0530743058657 -23.1016048957648
2013-10-22 57.5119762244304 55.6415734701929 59.9631305193097 -23.1729061454431
2013-10-23 57.3345730213392 55.3166990915984 58.552547581584 -23.3155086447997
2013-10-24 57.7251839698403 55.3900734802937 58.9331982760714 -22.9590023964083
2013-10-25 57.7580319944743 55.5275611083168 57.3345083613464 -22.8877015923628
2013-10-28 57.7124603033096 55.49056447767 58.5307070795787 -23.0124778880342
2013-10-29 57.99135782451 55.8957849011913 58.1161773339785 -22.8698758343104
2013-10-30 57.9157000200386 55.797525599879 58.87097673511 -23.0837791377125
2013-10-31 58.0677186634099 55.6296117864338 57.9821207350199 -23.0481294041389
2013-11-01 57.9000198422509 56.1900092386491 57.7357471521529 -22.8698758343104
2013-11-04 58.0889980098595 57.0467399922193 57.7357471521529 -22.2816405244645
2013-11-05 57.9082491149349 56.9156412613083 58.370844276515 -22.2281650328386
2013-11-06 58.1123927330718 57.414272699465 58.9984658202263 -21.87165923008
2013-11-07 58.3705319085595 56.8062696250857 58.4097513903067 -22.6381463272232
2013-11-08 58.3528556143591 57.5496384153073 57.9414380546724 -21.6666668003565
2013-11-11 58.5429887703139 58.080085564838 58.8937428007618 -21.6221039649404
2013-11-12 58.3412869361747 57.904441641341 60.1188555129214 -21.5418900590523
2013-11-13 58.2021237794946 58.0481927873956 59.6524005831855 -21.457220716325
2013-11-14 58.8116671823227 58.1314263385773 60.8276355821922 -21.229946646077
2013-11-15 58.9339888993914 58.3272064845274 61.7435142068729 -20.9581106316785
2013-11-18 59.2986942874357 58.2367843489918 61.2986145708897 -20.9581106316785
2013-11-19 59.0921088724457 58.1738429891318 61.1732011598621 -21.2165785530279
2013-11-20 59.1485462137941 57.8854599701136 61.0232361061612 -20.788771500591
2013-11-21 59.110042527062 58.261327019849 62.1077352222688 -20.106951963644
2013-11-22 59.2576232635952 58.7955533103434 62.1361339333038 -19.8083788718818
2013-11-25 59.7776929804165 58.3207043148716 62.1761601822594 -19.8707670197175
2013-11-26 59.7141876282078 58.4466618870012 61.6682847922197 -19.9821752223398
2013-11-27 60.1066628793889 58.4796700131869 61.4700825425829 -19.9821752223398
2013-11-29 60.4548532350566 58.2378740001663 61.6503697614764 -20.2272728224761
2013-12-02 60.4333855750102 57.9439983602336 61.4730860278629 -20.4099822747767
2013-12-03 59.2856504871477 57.6923592676806 61.7779428513325 -20.8778962801577
2013-12-04 58.7536229051379 57.6362491119919 60.398540631201 -20.7174702509128
2013-12-05 58.3957281611103 57.3041528200496 59.6106096439368 -20.815508132322
2013-12-06 58.9578983434354 57.8874163747432 60.1690480554464 -20.1114091830145
2013-12-09 59.1041922778895 57.5180123238624 60.6522753095674 -19.946523706235
2013-12-10 58.585283822892 57.2923214578069 60.3517503038782 -20.0534764720181
2013-12-11 58.3453356624364 56.6704695939963 59.8146690208374 -20.9937621477833
2013-12-12 57.9589617473661 56.2326984965066 59.339309951191 -21.0828887098812
2013-12-13 57.8912130818214 56.2691826211834 59.4669613462645 -21.1185384434547
2013-12-16 58.9010090481691 56.8627420159168 58.3649713610662 -21.1452773033497
2013-12-17 58.3968203761151 56.7633271022631 58.9322660752729 -21.056150295619
2013-12-18 59.0179324635554 57.7973341188146 60.1587484976076 -19.5543681699029
2013-12-19 60.0077421654378 57.8370514537532 61.1544376920816 -19.7549033802559
2013-12-20 60.4219424370811 58.3733950811069 60.952526446164 -19.8841355583993
2013-12-23 60.9917016181478 58.6249219591023 60.9568095272157 -19.1800366090919
2013-12-24 60.9917016181478 58.7954687872853 61.0080067827791 -18.7878792902285
2013-12-26 60.9917016181478 59.2568218367378 61.9894896991969 -18.4759358772532
2013-12-27 61.6381354983942 59.2385446098388 61.7211105432779 -18.7165780405502
2013-12-30 61.3988338789308 59.0511006259956 61.5994855711503 -18.9705887425291
2013-12-31 61.3988338789308 59.2368007118871 61.5994855711503 -18.9616756406865
2014-01-02 60.4210448091506 58.6637826504664 61.5994855711503 -19.358288842022
2014-01-03 60.6467251405806 59.0744570290844 61.5994855711503 -19.2335121007178
2014-01-06 60.6007642624119 59.4640365496548 61.0359076240413 -19.0418899922074
2014-01-07 61.1034150454485 59.7768275311948 60.8056187995013 -18.591801299246
2014-01-08 61.0496768549413 59.4384689754657 61.934049655924 -18.6140824941377
2014-01-09 60.5596932449991 59.4695679832922 60.8622945597647 -18.6408213540327
2014-01-10 60.8915568754592 59.5116829596158 61.0352545580031 -18.1996439803826
2014-01-13 61.1289314317567 58.5101062498766 61.0695392115956 -18.8547246574347
2014-01-14 61.3239481621345 58.94884760345 59.6256635524094 -18.1016043164422
2014-01-15 62.5664296910033 59.3075710877876 61.0458787691339 -18.1862754417008
2014-01-16 62.4629455363866 59.2646610667447 60.5090455035871 -18.2620325738511
2014-01-17 62.6252460558633 59.4888658031028 60.4133739630186 -18.3288779410573
2014-01-21 62.5427148340336 59.6140817002179 61.2171283785293 -18.083780340921
2014-01-22 62.4783746336637 59.4648158385485 61.1190103467382 -17.8119438808898
2014-01-23 61.9058535219865 58.7822586602614 60.6487021323938 -18.311052183005
2014-01-24 60.3694910422252 57.411336283441 59.3804258594043 -19.9153298551336
2014-01-27 60.0943848868708 56.965028483518 58.5782369861869 -20.2272728224761
2014-01-28 60.4652041579809 57.2869931570165 58.4158380720134 -19.4073084511758
2014-01-29 60.0141071418697 56.6624800460316 59.8536377671531 -20.6996444928604
2014-01-30 60.2503267098209 57.0829168101996 58.4082257814397 -20.347594126941
2014-01-31 59.819667905665 56.7429183728417 58.4601990781407 -22.0632795560592
2014-02-03 59.0485897847023 56.0794427630492 58.0685201405246 -23.6274516121422
2014-02-04 58.6718637645557 56.289442027728 55.6833868210703 -23.0971494589256
2014-02-05 58.5973672219081 56.2004080510252 56.6096152990891 -24.0062390554253
2014-02-06 59.4989209994714 56.8689644537431 56.4510546573315 -21.6176467455699
2014-02-07 59.7903538800334 57.35258814178 57.4334941326564 -20.2584671192104
2014-02-10 59.712838059215 57.0144603557044 57.6374636153143 -20.2896614159446
2014-02-11 60.9270977774569 57.7234503551174 57.6374636153143 -19.5231738731686
2014-02-12 61.3206715171202 57.4983082610568 57.8704137108598 -19.1176484612562
2014-02-13 61.6855714922389 57.914118143967 56.9307181422453 -18.9795013987389
2014-02-14 62.1074298158705 58.2695813695587 56.1387425613269 -18.6942968456586
2014-02-18 62.0905883698313 57.8986307984305 58.1599115549148 -18.4625673385713
2014-02-19 62.0923208523508 57.4922616323408 57.4720737377501 -19.6836003480464
2014-02-20 61.8274965666739 57.6983035438169 56.1729328965189 -18.9572202038472
2014-02-21 62.0723973547993 57.7255450865276 57.9859253415664 -19.1666662878788
2014-02-24 62.4065772418572 58.030126177764 57.5972464331931 -19.0285214535255
2014-02-25 62.3449299059955 57.940168866791 58.4608597435347 -19.024064234155
2014-02-26 62.103123729193 57.9862092380805 58.1724926329388 -19.2513378587702
2014-02-27 61.6313248543775 58.3368673378033 58.0897637681362 -19.2067732408228
2014-02-28 62.2982032264846 58.6837965182784 58.0141713769186 -19.5499109505324
2014-03-03 60.1565406572311 57.6258705203311 57.0069173623149 -20.6238860238116
2014-03-04 61.6365976158046 58.5737661420548 57.6249916605145 -19.2691636168226
2014-03-05 61.3336525440667 58.5610420715421 58.1936469431517 -19.2513378587702
2014-03-06 61.3391198925681 58.8290192975373 58.8884307637678 -19.1488423123576
2014-03-07 60.1042210889635 58.7853622471646 59.027143426943 -19.5632812717455
2014-03-10 59.5562559687502 58.1987863154558 57.6738363058199 -19.4830669202246
2014-03-11 59.8280854855181 57.9555946089901 58.0987996735761 -19.7549033802559
2014-03-12 59.0625437663036 57.9786608385796 56.6437253724608 -19.7459902784133
2014-03-13 57.9640399152912 57.1212614435327 56.7671911400786 -20.5436716722907
2014-03-14 58.2122801153446 56.7879094445658 54.919297686195 -21.122996108458
2014-03-17 59.0124023417125 57.4585386942352 55.3526293583778 -20.1336903779062
2014-03-18 59.4087380055585 57.7773382894288 55.736168488374 -19.3404648665008
2014-03-19 59.6304951509821 57.3328570394935 55.8927357243579 -19.7192518641511
2014-03-20 59.7530742220388 57.755005035027 55.0011123022762 -19.598931005319
2014-03-21 60.0540231773639 58.1018969581522 55.0011123022762 -19.732620402833
2014-03-24 59.06305220723 58.0594247464313 56.1028973132863 -19.772727355777
2014-03-25 60.0248409718929 58.3677721501753 55.8296767217057 -19.5231738731686
2014-03-26 60.7330477218285 57.9060022935204 55.9830808278432 -19.8796801215601
2014-03-27 60.7499519347815 57.9603477074939 56.6106958155643 -19.639037958263
2014-03-28 61.6239994895292 58.3220846646676 57.1366581628451 -19.4073084511758
2014-03-31 61.4229379164768 58.8714212458519 57.3147901730822 -18.7834238533892
2014-04-01 61.7301827949871 59.0750939000958 56.9989033319252 -18.1550815905993
2014-04-02 61.8564904649759 59.1378087092268 57.318818359702 -18.2887709881133
2014-04-03 61.8915856865332 59.1319167891311 57.5862014490223 -18.2664897932217
2014-04-04 62.3219180834543 58.7319838440665 57.6277216192932 -18.6452767908719
2014-04-07 61.133300285348 58.3173539392999 57.1807697340115 -19.0730838433088
2014-04-08 61.0043625177647 58.2946687318428 56.3969288174472 -18.72549069676
2014-04-09 61.1043754402928 58.7341000743476 55.3751584262001 -18.2620325738511
2014-04-10 60.7713568214864 57.6294989990701 55.538144653664 -19.358288842022
2014-04-11 59.8762935606102 56.8627867572825 54.1020718711195 -19.9420682693958
2014-04-14 60.0297873196574 57.3040116990802 53.8896205230668 -19.7771845751475
2014-04-15 58.9662531563747 57.8245445058107 54.3872118134751 -19.572192145424
2014-04-16 59.8925575060485 58.5073125449062 56.0385158292027 -18.8725486329558
2014-04-17 60.4832005859387 58.3984715581371 55.7919632629859 -18.5873440798755
2014-04-21 60.4832005859387 58.5942297061856 56.0756366472264 -18.2442068157988
2014-04-22 61.70691361203 58.830451689596 55.5234324303206 -18.2219251752743
2014-04-23 61.347606525668 58.8234780326954 56.1549800459343 -18.2709452300609
2014-04-24 61.3764623239042 58.7341065207082 55.6056527674672 -18.5160428301972
2014-04-25 60.4307491975106 58.2309156574964 55.7308235294191 -18.6408213540327
2014-04-28 60.7187798928029 58.5034577637623 55.2407667486733 -18.2486640351693
2014-04-29 61.6042643055745 58.7521062790932 55.1432578050373 -17.9144394273023
2014-04-30 61.7271007434748 58.9221800970391 55.060700978908 -17.936720622194
2014-05-01 61.7271007434748 58.8951547428371 55.8992143730143 -17.9188948641416
2014-05-02 61.4236409509053 58.5622693250259 55.7100287747931 -17.8253124195716
2014-05-05 61.2531802119913 58.6206744953892 55.7100287747931 -17.6292344285892
2014-05-06 60.8548547116378 58.1487559833698 55.8123284250611 -17.7495557330541
2014-05-07 61.2004714631474 58.4306645955086 54.1370374270322 -17.401960803974
2014-05-08 61.753903931862 58.4781101117577 54.6938550918885 -17.4331551007082
2014-05-09 61.5871027322057 58.6809790994033 54.8670202303986 -17.0543676574252
2014-05-12 62.364922450366 59.6917219469141 55.2003445424113 -16.5463466991002
2014-05-13 62.6989705172635 59.7587737697012 56.1845411054779 -16.5953667538868
2014-05-14 62.6987131504199 59.508451570231 56.067936896029 -16.5017825267856
2014-05-15 62.0666098789683 59.0085249427314 55.8841214747644 -16.6755788772436
2014-05-16 61.8933809359664 59.2156876566918 55.2580961954179 -16.2878787777508
2014-05-19 62.088077532587 59.3197799200435 55.0745508168024 -16.0918012324011
2014-05-20 61.9575328291673 58.7569731901909 55.3570627821945 -15.9491987330445
2014-05-21 62.3354201111377 59.3569356259782 55.2468367626709 -15.6951880310656
2014-05-22 62.4835155685025 59.4449648938183 56.5442196177122 -15.7041011329082
2014-05-23 62.7862597732608 59.7680672982394 56.915651383361 -15.5748671722335
2014-05-27 63.8970416103636 60.1713074705536 57.5686423645846 -15.0935828456395
2014-05-28 63.8864333270234 59.9790072874228 57.6501366863233 -15.0534758926954
2014-05-29 63.8847008509317 60.3303916683496 57.8421553542844 -14.9910872992269
2014-05-30 63.9127845614928 60.4502476146763 57.8269937089673 -14.937611807601
2014-06-02 63.9568183700678 60.4171485466906 58.8690967180156 -14.8752236597653
2014-06-03 63.7615442792741 60.4245288777171 59.1202410369511 -14.9286991513912
2014-06-04 63.8060865352033 60.4883000088924 59.0785406491599 -14.7727285589856
2014-06-05 63.9420985871244 60.8356238785031 58.9836563435101 -14.2379687407657
2014-06-06 64.1950968277732 61.1811791714337 59.0556212430191 -13.52495579835
2014-06-09 64.3329041291275 61.1010526398373 59.111696883015 -13.6987525944408
2014-06-10 64.4625512110445 61.1964552253296 58.6864531530124 -13.4625667592487
2014-06-11 63.954822253655 61.0790409541506 59.305712872122 -13.7655970703814
2014-06-12 63.8834140424249 60.8247446998023 59.1880541787239 -14.4251336299055
2014-06-13 63.7173849304438 60.9487534849907 59.7745305008701 -14.1800360297692
2014-06-16 63.5316896877548 60.9588948735369 59.0717096549904 -14.1577543892448
2014-06-17 63.7652728717786 61.0361865277946 59.3135101526407 -13.6675582977066
2014-06-18 63.8296130785762 61.3427133377288 59.7288266219794 -12.9322641603992
2014-06-19 64.3031444294833 61.3920364345076 60.6107155946425 -12.9991090819726
2014-06-20 64.1954169551028 61.2636038728422 60.5119742179155 -13.1729054324306
2014-06-23 63.769127010966 61.2686220953701 60.5160703299412 -12.8475939264063
2014-06-24 63.8794280895047 60.8555854458905 60.6395757171122 -13.306596166843
2014-06-25 63.4273643986439 60.9938851345768 60.1681560019833 -12.8119433015671
2014-06-26 63.02338324262 60.8628949596091 60.3201634832487 -12.9723715589761
2014-06-27 63.0893931521678 60.8701103179125 59.5519265510291 -12.8609633563537
2014-06-30 63.2044522648741 60.6542476745242 59.8728221084122 -12.7450983799937
2014-07-01 63.6501509857307 61.062782579094 60.5077163899605 -12.4064174440219
2014-07-02 63.7070967744332 61.0148277044874 60.483929002252 -12.2771834833472
2014-07-03 64.4665999373062 61.4443141409513 60.4073130172327 -12.107843460994
2014-07-07 63.6736775291036 61.6103391604311 60.5778945011108 -12.3752231472876
2014-07-08 62.8162140599793 61.1847763826883 60.3739553176357 -12.5623893733259
2014-07-09 63.0445935358228 61.4209401110206 60.4496713387551 -12.3217472100289
2014-07-10 62.0864078298368 61.0985035140408 60.0875214236109 -12.7361857237839
2014-07-11 62.1327516086766 61.1798558346518 59.9844888863112 -12.6114080912141
2014-07-14 62.882675923445 61.6643141140406 60.6369882144342 -12.2459896322457
2014-07-15 62.4738739534841 61.6470865978077 60.9163661087363 -12.4554374988085
2014-07-16 63.3728541204615 61.9863822017878 60.8271892501065 -12.152406742043
2014-07-17 62.6954365118333 61.6519538643974 60.9723221829205 -13.3377900179445
2014-07-18 62.4777908595853 62.1917900707889 60.5834748524327 -12.4286986389135
2014-07-21 61.7837891717615 62.0293414754922 60.680719595374 -12.7049914270497
2014-07-22 62.5697753828366 62.240376892591 61.1939386811539 -12.4509811707036
2014-07-23 62.6933776220791 62.2760253247363 61.1664693194688 -12.5579325995882
2014-07-24 62.9537012275763 62.4183111777076 61.1644795222068 -12.4732623655953
2014-07-25 61.9892195984052 61.9680695798793 61.7455718172214 -12.8475939264063
2014-07-28 61.6945728461704 62.2102263564867 62.0585060632775 -12.7673800205182
2014-07-29 62.0510552414359 61.9335976057708 62.4037236377869 -12.7540114818363
2014-07-30 61.6657107744566 61.8495540746154 62.4568883468308 -12.9590021290286
2014-07-31 60.4688699835716 60.8146728422148 62.2461528424574 -14.055259288465
2014-08-01 59.2000309339005 60.5895618373894 61.618913051378 -14.7103381829859
2014-08-04 58.8404602072175 60.6871592651482 61.3769242665238 -14.0597147253043
2014-08-05 59.0692916369788 60.2199251254783 60.8227304003603 -15.0579331120659
2014-08-06 58.6855541058359 60.374218054008 60.2642445559535 -15.1114086036919
2014-08-07 58.1001775138953 60.2514742900813 60.8314887166627 -15.4278074535064
2014-08-08 57.9095986839278 60.8984354138885 59.1047756531607 -14.7994651907165
2014-08-11 59.0114419468683 60.7756965951906 60.4379887566648 -14.1934050140839
2014-08-12 58.2962236859364 60.8272311936942 60.5831142724288 -14.1042784519861
2014-08-13 59.1280389550197 61.2951506412958 60.8500106699193 -13.3199642598921
2014-08-14 59.29657262434 61.5133546175569 61.1776397425959 -12.8698751212979
2014-08-15 58.4448966310466 61.3176924428601 61.1167654764864 -12.8698751212979
2014-08-18 59.4266088868333 61.8167635296819 61.0758058462015 -12.3885916859695
2014-08-19 59.9983579108352 62.2017607866244 61.5962617132696 -12.2549022884555
2014-08-20 59.8716673401753 62.6031005128293 61.6508153541079 -12.3484847330254
2014-08-21 60.4306236508275 63.0429899868836 62.0676759703703 -12.3930480140744
2014-08-22 60.0297873196574 63.0578944751866 61.6827428448712 -12.3440292961862
2014-08-25 61.1287368382546 63.4389147355073 61.9992343881541 -12.2103390074066
2014-08-26 61.630169872459 63.7615790702488 61.7594155383175 -12.3128341081863
2014-08-27 61.5116395212363 63.8428305969036 61.9036595861587 -12.401961115917
2014-08-28 60.8229043085065 63.7570707868141 61.6723975253295 -12.5980395525323
2014-08-29 60.8718216979323 63.7646460987529 61.5901312510083 -12.5267387484868
2014-09-02 61.1086815269704 63.9451373047834 62.5827452102902 -12.60249632627
2014-09-03 61.876608543174 64.0194241487905 62.4835235267025 -12.4554374988085
2014-09-04 62.5050460018904 63.9137644972746 62.0957457018993 -12.482175021805
2014-09-05 62.6513399299168 64.4619201280744 62.3779494040016 -12.2326210935638
2014-09-08 62.7221141535375 65.0004883047711 63.0696160151851 -12.2593586165604
2014-09-09 62.4178885596258 64.6848663617709 63.1583103377846 -12.5802142401127
2014-09-10 62.3502026674226 65.1097304114524 63.0075153146714 -12.5089129904344
2014-09-11 62.293062285218 64.8836145044871 63.1423238569242 -12.4777186937001
2014-09-12 62.0349858830719 64.6696109823187 63.1004511812258 -12.7540114818363
2014-09-15 62.0896217015096 64.6356450383182 62.6424786625923 -13.0837797615984
2014-09-16 61.9179997007718 65.1087176327944 62.6511630963903 -12.4242423108086
2014-09-17 62.1016423336118 65.188160636089 62.6107634969229 -12.3128341081863
2014-09-18 62.9798641548766 65.5977787128388 63.1563775926938 -12.1212128909415
2014-09-19 62.9871267528111 65.9965909407907 63.7361097919656 -12.1345814296234
2014-09-22 62.6675411084413 65.8484090257079 63.3266873019155 -12.5490199433784
2014-09-23 61.6743919882031 65.3241278423761 63.3266873019155 -13.025847050602
2014-09-24 62.1046616182103 65.8275613293468 63.2035485764335 -12.6069526543748
2014-09-25 61.1279019900934 64.988575632909 64.1583979442789 -13.5115868140353
2014-09-26 61.0028183552699 66.0318789794434 63.7988746670173 -13.0882360897033
2014-09-29 60.5680480515107 66.207620392239 64.3106646836781 -13.7299464455422
2014-09-30 60.8983675259037 66.0925749263494 63.678150673257 -13.8948310310561
2014-10-01 60.3052826555881 65.3440030892831 63.4376111577751 -14.2112298808707
2014-10-02 59.1074689229038 65.5265784295207 61.90943014876 -14.0641710534092
2014-10-03 59.1074689229038 66.1776627013409 62.4915605485259 -13.1996442923256
2014-10-06 59.1963651147376 66.8005327109615 63.2397917781979 -13.4046349395179
2014-10-07 58.4038256136338 65.5301839968891 62.836369982142 -14.3805707944894
2014-10-08 57.8196730504308 66.1802847370544 62.1473725782066 -13.1684491043257
2014-10-09 57.8819543674741 64.7067869526415 61.7124376251432 -14.3538323802272
2014-10-10 56.4922122294017 63.9414857160506 60.8813630624609 -15.9759353647755
2014-10-13 56.6440362856988 63.5689113523656 61.49917526208 -17.6292344285892
2014-10-14 56.7261846004296 63.3254161655978 60.0359492704519 -17.3484853123481
2014-10-15 55.0982958248123 62.5830651652002 60.649085094376 -17.562389061383
2014-10-16 55.1686808742844 62.4585427771869 59.423110176917 -17.9723721382987
2014-10-17 56.8872610847409 62.957674194242 58.5369384234416 -17.1925147199425
2014-10-20 56.0355223245338 63.23424579019 60.5689740401424 -15.8645271621531
2014-10-21 57.123097752021 64.0136188950391 59.1954072185989 -14.7014273093073
2014-10-22 57.4649231312569 63.3924636493652 60.9212263364551 -15.8288774285796
2014-10-23 58.1537838842419 64.6363397509623 60.8989396251374 -14.9197864951815
2014-10-24 57.7712703882644 65.3673882145433 61.4136852060703 -14.7816394326642
2014-10-27 57.2236944486275 65.2973816766061 61.3796444760796 -14.5588230274195
2014-10-28 58.2880006931576 65.9017516902482 61.1718586436747 -13.5918007199234
2014-10-29 58.3819687730111 65.6661184119994 61.9345777269787 -13.8235297813778
2014-10-30 58.5878511535727 66.4692250226371 62.1506380622714 -13.8770052730037
2014-10-31 59.9507273299163 67.8524892862212 65.2443665903564 -13.5115868140353
2014-11-03 59.4675543639908 68.2121821869806 65.2443665903564 -13.7299464455422
2014-11-04 58.9197147904605 68.4616891162907 65.1840029900347 -13.6452771028149
2014-11-05 59.8775175957755 68.7097200505636 65.1187365935319 -13.4759361891962
2014-11-06 60.2755857292854 69.0011069872302 64.2006112891895 -13.1238867145424
2014-11-07 59.7254989524042 69.3212931585087 64.4915615088502 -12.9367209341369
2014-11-10 60.1114209135566 69.5731598792367 64.2582940409041 -12.4286986389135
2014-11-11 60.2217219920952 69.5275017583387 65.6567732153945 -12.4331554126512
2014-11-12 59.2056865959987 69.6957765290892 65.5319250243733 -12.60249632627
2014-11-13 59.4470471052164 69.6882338700081 66.0705384088359 -12.731729395679
2014-11-14 59.475526276259 69.6505163778818 66.3783860430818 -12.7718363486231
2014-11-17 59.8188267711708 69.317913490191 63.7085146436027 -12.7450983799937
2014-11-18 60.7841495348361 69.5808559136274 65.2370959937091 -12.5222819747491
2014-11-19 60.8887259108853 69.6283107533283 64.8194119800851 -12.8253127315146
2014-11-20 60.9605233026917 69.5422508495505 64.2565811705767 -12.691622442735
2014-11-21 62.5583322449075 69.871768035167 63.9930266164905 -12.442068068861
2014-11-24 62.8989398688833 70.7430928698485 64.9791529769254 -12.1702316088297
2014-11-25 63.3853267064816 70.6572070361002 64.9620801897003 -12.0855622661024
2014-11-26 63.7346720440679 70.4977276478999 64.7045021832829 -11.8983964856969
2014-11-28 64.1543396577848 70.2174643700258 64.983964544322 -12.2103390074066
2014-12-01 64.0428835973276 70.2397966700604 65.1008166944624 -12.731729395679
2014-12-02 63.8537171161222 70.5890895460958 65.3537370262319 -12.0187164532634
2014-12-03 64.0961070670032 70.8504173627529 65.5654096891111 -11.818182134176
2014-12-04 63.3219468945283 71.30539064572 66.2901926972198 -11.8270952360186
2014-12-05 64.8374192084164 71.6203702928776 66.2516641773748 -11.6310163537705
2014-12-08 64.3737868329435 71.4803354156275 65.6770426979281 -12.0543670781025
2014-12-09 62.951454030653 71.2750081527355 65.3870461136775 -12.228164765459
2014-12-10 62.9901523108871 69.8492972004177 64.248059477924 -13.5160431421402
2014-12-11 63.3938133331538 69.8408768589211 63.9214365523612 -14.322638083493
2014-12-12 61.6724649250371 68.3789676166265 64.4535497667529 -15.1024955018493
2014-12-15 59.996619161266 67.8305544182926 63.1308589755756 -14.7281639410383
2014-12-16 61.4742280430812 67.4805509598535 62.1501742185826 -15.432264672877
2014-12-17 61.3491444146853 68.4211984991207 62.8798046121218 -13.8547240781121
2014-12-18 63.0629728644516 70.1718633164573 64.431541910762 -13.4447418924619
2014-12-19 62.9080667630701 71.1331175313946 65.8768114994606 -13.3244210336298
2014-12-22 63.4145716852942 72.2555515921827 65.9417089502268 -12.6960787708399
2014-12-23 63.7767787894769 72.4093904085441 65.9417089502268 -12.7049914270497
2014-12-24 63.7767787894769 72.6293778398883 66.4291975570814 -12.615864419319
2014-12-26 63.7767787894769 72.8373551272063 66.3115135155801 -12.7406420518888
2014-12-29 63.8090430464603 72.8525674503379 66.0968596366043 -12.7049914270497
2014-12-30 63.027557509137 72.6119040981336 64.9767157145895 -13.0124785119201
2014-12-31 63.027557509137 72.1375570196252 65.4223722009721 -14.0418898585176
2015-01-02 62.7651812937908 72.49979593766 65.7515810774229 -13.8101607970631
2015-01-05 60.8910421546276 71.7396502722425 65.8017610198301 -14.7994651907165
2015-01-06 60.868545052918 71.5704934280073 64.3314247552592 -15.1292343617442
2015-01-07 61.1804161518631 72.5204251055561 65.010304611485 -14.6524072545207
2015-01-08 63.2336344767729 74.3086882559285 66.4744122266488 -13.7121215787555
2015-01-09 62.0180816701189 73.906649542701 66.5505900362178 -14.2513372794475
2015-01-12 62.8755451456709 73.2871906127283 66.5505900362178 -14.924243714552
2015-01-13 63.8981965987099 73.2052654935279 66.5773342518443 -15.3253119070939
2015-01-14 63.1016711446858 72.5953571069015 65.7311077441393 -15.6506238587511
2015-01-15 64.4870444291669 72.3359678778043 67.7505354346995 -16.1007138886109
2015-01-16 65.3558129425822 73.5262701703795 67.137228528425 -15.806596233688
2015-01-20 65.9301983505116 74.3603188092832 69.8022743624353 -15.6506238587511
2015-01-21 66.2008101120194 74.5647071795996 68.935206182182 -14.9064179564996
2015-01-22 67.0774877643615 75.7070505749519 69.3718571701294 -13.948306522682
2015-01-23 68.4527674799062 75.2752709364022 70.2525780598189 -14.3048123254406
2015-01-26 69.4088943025657 77.6059122466743 72.3464464918382 -13.6497325396542
2015-01-27 68.3177848696484 76.2379025257911 73.3324093082085 -14.2602499356573
2015-01-28 68.8473643877553 74.8919279880103 72.9553539523937 -15.4500886483981
2015-01-29 69.0202731905722 75.5064666988033 71.9464069938262 -14.9286991513912
2015-01-30 68.7403462212808 74.7437401375102 72.5177379120561 -16.4304812771073
2015-02-02 69.5996677196075 75.6779818031224 72.3390015731252 -15.5525859773419
2015-02-03 70.0042326432821 76.7642112454692 71.2302991446754 -14.8128355119296
2015-02-04 70.1351665272782 76.4082993226348 72.3455157500966 -15.2183613694749
2015-02-05 70.0971775613776 76.8447917742318 71.0742537267864 -14.6657757932026
2015-02-06 69.7178088838261 76.9811222686241 72.1731351340261 -15.2852049541499
2015-02-09 68.5423039392547 77.0711722563267 71.8039893023706 -15.3609634231987
2015-02-10 69.1228597236861 77.6160837958626 71.744708583366 -14.7727285589856
2015-02-11 69.1118057663333 77.6353146701727 71.7020573484201 -14.8440293630311
2015-02-12 70.1887101371388 78.1697070339315 72.5291978747618 -13.9705886088393
2015-02-13 70.4699239085093 78.1460025208524 72.0912475589232 -13.8012476952205
2015-02-17 70.0342497033421 77.8907879461949 72.7575984666778 -13.8368983200597
2015-02-18 70.4544948112322 77.9647372286237 73.6481612866775 -13.7299464455422
2015-02-19 70.7176493877311 77.6990017173574 73.5759785833925 -13.4224606975702
2015-02-20 71.030675462167 78.2984246827802 74.0006381042834 -12.9456326990811
2015-02-23 71.5466964591542 78.3271313174553 74.544045200537 -12.9857396520251
2015-02-24 72.0276222217287 78.9205974198931 75.267602420826 -12.4598929356478
2015-02-25 72.0567353803807 79.1336615324088 75.2604872201746 -12.5222819747491
2015-02-26 72.8082729108908 78.9293598065581 76.117886378685 -12.3796799210253
2015-02-27 73.2869451966367 78.8391208488407 76.3028684843813 -12.308378671347
2015-03-02 73.3428678235812 80.3550895278769 76.8311454987334 -11.8983964856969
2015-03-03 72.5072611886518 80.0233547094705 76.6574023384266 -12.1568635157807
2015-03-04 73.2144384969242 79.5908704375789 76.2995608532475 -12.1301246558857
2015-03-05 73.9448222212399 80.1197286932599 76.9154003224171 -11.9786095003193
2015-03-06 74.2466687980678 79.5013908037272 78.2252495340668 -12.4910881236476
2015-03-09 74.4468327431897 81.6419950216517 78.4038597381683 -12.3262035381338
2015-03-10 73.9214902649413 80.0510487163129 77.7025088814999 -12.7049914270497
2015-03-11 75.8858751649312 80.5270864060857 78.2137285295667 -13.025847050602
2015-03-12 75.8434482921925 82.8048861512273 80.4567574989751 -12.2459896322457
2015-03-13 76.5004967421121 82.5255917285721 81.997377374908 -12.5222819747491
2015-03-16 78.2109795064728 84.2630964494468 82.5607207280649 -12.2147953355115
2015-03-17 77.009826349005 83.3122954501317 83.0928706737456 -12.1657752807248
2015-03-18 76.6365025141279 83.9819219789898 83.1426820356045 -11.6443848924524
2015-03-19 76.4862916800003 83.0845125677115 82.6607517623994 -11.6443848924524
2015-03-20 77.3859811548837 83.122030751103 82.6628020624634 -11.4661322138895
2015-03-23 76.4634053977143 82.3549280742838 82.2811052698093 -11.2477721367497
2015-03-24 77.1694967708872 81.58405299928 82.7537166784229 -11.2076651838057
2015-03-25 76.2672336789902 79.68639161534 82.4605591126889 -11.7067739315537
2015-03-26 76.1281333020793 79.4397513433325 81.2807694340226 -11.6087342676132
2015-03-27 76.2865796823685 79.4928130362319 80.765523658048 -11.4705885419943
2015-03-30 77.685768848385 81.2094474754911 81.7872636314996 -11.1229945041799
2015-03-31 76.9154690885751 80.5936940431667 80.8761360580392 -11.4215684872077
2015-04-01 77.141789681092 80.8212966403063 80.4487273248615 -11.3725493236867
2015-04-02 76.923309174255 81.2013173574156 81.8703335503119 -11.1675577852288
2015-04-06 76.923309174255 80.1598817729685 81.2111396161524 -10.9313732869351
2015-04-07 77.9268719907592 80.0407227801124 82.0569349038882 -10.895722662096
2015-04-08 77.3634212862603 80.8834737508018 82.8515664235265 -10.6818180217955
2015-04-09 78.202756513694 81.556909938579 83.8368192113809 -10.3119427890894
2015-04-10 79.5415914258331 82.7470673967872 84.2743264843513 -9.8618536504952
2015-04-13 79.3101926653912 83.4188571372181 85.3625840101204 -10.0980394856873
2015-04-14 78.5958720195342 83.8618081494909 85.463553954798 -10.0133688060616
2015-04-15 78.6199132901665 84.0638021842372 85.6057437946999 -9.79500917455461
2015-04-16 77.1255947824727 83.7791391107838 85.62072977351 -9.59001808172954
2015-04-17 75.1319648972426 81.8928875917186 84.1935481896811 -9.9331557914391
2015-04-20 76.438146371822 82.1076010887231 83.5190856585749 -9.59893118357214
2015-04-21 76.7445563957432 82.00745904086 84.9250703615433 -9.59447485546724
2015-04-22 76.2804092994387 82.7739059625756 85.9175567826009 -9.49197841778908
2015-04-23 75.3561638330915 82.7133073034498 85.8453366368881 -9.40285230132404
2015-04-24 75.9171099802512 82.7576251879064 84.9541441114841 -9.30926896548847
2015-04-27 77.3846315794631 81.6003994983316 84.4182151068849 -9.5588242306281
2015-04-28 75.9223199683368 82.0022871041661 84.744253944095 -9.25579347386257
2015-04-29 73.4865881474494 81.2754635894723 84.744253944095 -9.46524089479254
2015-04-30 73.6258140710433 79.58023804671 81.3233806461673 -9.73262058108611
2015-05-01 73.6258140710433 79.4694402294295 80.3188355731131 -9.27361834064933
2015-05-04 74.6894110012397 79.3891561408685 80.3188355731131 -9.27807511438704
2015-05-05 72.8114177357445 78.9760007053112 79.5646118972886 -9.56773599557227
2015-05-06 72.955853647424 78.7442646809288 79.7369454356426 -9.74153368292871
2015-05-07 73.3275014996456 78.3335140673493 78.2501645817126 -9.67023243325042
2015-05-08 75.2671421010024 79.0651316758208 78.3190774740901 -9.1844926698171
2015-05-11 75.0332952702298 79.4993134937815 79.8985297124941 -9.41176540316663
2015-05-12 73.7417080383386 79.6356403852098 80.1354221484874 -9.38057021516676
2015-05-13 72.9642712272771 79.3031261871492 80.3285479672697 -9.21123019281364
2015-05-14 74.3035580869063 79.6545415980661 79.3493323149224 -9.02852074051303
2015-05-15 73.578572664273 78.9726201305607 79.5076229189494 -8.93939373278236
2015-05-18 74.525057871914 78.6373341353581 79.5784756440382 -8.65418917970203
2015-05-19 76.1901635321844 79.0752948191385 80.2758120127416 -8.52941154713222
2015-05-20 76.1589224433868 80.1404908549366 81.8159776039657 -8.5472373051846
2015-05-21 76.262538418164 80.905992348231 82.1031831406479 -8.31105191562527
2015-05-22 75.9438504017247 80.6392933905807 82.2310053476466 -8.32442089993995
2015-05-26 74.7233512473062 80.8139757063782 83.6662415109931 -8.64081974975454
2015-05-27 75.6618017757653 81.8423578659313 83.7221457070949 -8.32887767367766
2015-05-28 75.0604248658519 81.9163086391495 83.6379884870455 -8.413547016405
2015-05-29 73.3651075584472 81.1634810987877 83.0609494741192 -8.47593605550631
2015-06-01 73.5079930341543 80.7499171330046 82.4000010862264 -8.39572214961824
2015-06-02 72.8186175603376 81.0133204549933 82.5957855398723 -8.52049978218805
2015-06-03 73.4023872164418 80.7050105626487 81.5656717361843 -8.37344095472659
2015-06-04 72.8944636719781 78.7776063459889 80.6483801796829 -8.64973285159714
2015-06-05 71.9724089155456 77.8622389616064 79.7654795247006 -8.51158668034546
2015-06-08 71.122465398344 78.6512593000073 80.0937575195905 -8.67647037459368
2015-06-09 70.7134688413088 78.2949181967429 78.5794972482226 -8.57843160191885
2015-06-10 72.4110333456367 78.4928220270138 78.0881554509378 -8.21301269731763
2015-06-11 72.844202987037 78.5166011454141 79.9463372259707 -8.02139058880724
2015-06-12 71.9681655957818 78.1053395860733 80.2193436036354 -8.13279879142956
2015-06-15 70.6085660644525 77.6699458018923 80.1665726812625 -8.48039282924401
2015-06-16 70.9880602822593 78.4081446758236 79.8455403613781 -8.32887767367766
2015-06-17 70.563829221449 78.3636738131973 79.4925021747795 -8.30213881378268
2015-06-18 71.3498782058657 79.1083996803733 78.4138668741693 -8.06149754175127
2015-06-19 70.9629267966223 77.9251771969685 78.8109604504011 -8.14171144763934
2015-06-22 73.6651526123644 78.5469237774111 80.1869881642044 -7.77629298867094
2015-06-23 74.1924849271202 78.5484046068299 81.350439743076 -7.57130145021305
2015-06-24 73.7343136266712 78.6218733031143 82.0195177956078 -7.70944717583192
2015-06-25 73.7463342587735 78.6543690277452 81.857512821303 -7.78074842551021
2015-06-26 73.8703884519338 78.817456665972 81.6887146233451 -7.7317292619892
2015-06-29 71.2399663014756 77.4725388464096 79.4513057440515 -9.03297706861793
2015-06-30 70.3514563306281 78.1198221754743 81.2222067690443 -8.97504435762151
