time value.DAX value.Dow.Jones value.Nikkei value.VXX.Adjusted
2012-12-31 0.36 0.36 0.36 -0.08
2013-01-02 0.358422186917675 0.35955468721757 0.350755464994061 -0.0687323391293065
2013-01-03 0.358405016497733 0.358969716511673 0.351748847846672 -0.0691235808560782
2013-01-04 0.354435866025631 0.358003002209747 0.354338176173266 -0.0667770444086446
2013-01-07 0.354910659420297 0.36087374488507 0.351386843921142 -0.0671712482265089
2013-01-08 0.354658604534807 0.36103573250335 0.350917183767445 -0.066611520805602
2013-01-09 0.35415616699983 0.359851584280215 0.352443477780444 -0.0664512290604903
2013-01-10 0.351018860118611 0.360362009902772 0.352961738703433 -0.0643426087248167
2013-01-11 0.351010395451236 0.359219270159535 0.353786390066252 -0.0640160556770238
2013-01-14 0.353047214124035 0.354984052721227 0.35519525695732 -0.0632265238025815
2013-01-15 0.35474404533154 0.359241451619793 0.350013193839402 -0.0639986907907355
2013-01-16 0.357186882559842 0.360827267507113 0.344939374354158 -0.0629535244211126
2013-01-17 0.35571959983928 0.361177917503836 0.345780479452358 -0.0626779967954743
2013-01-18 0.350934246028607 0.358298837504752 0.348870551143412 -0.0581036346767719
2013-01-22 0.352633755079081 0.362264733859886 0.341875282296995 -0.056773771235961
2013-01-23 0.353605505318222 0.364313042581992 0.337390936563806 -0.0553094844640192
2013-01-24 0.352114461945133 0.362244245187413 0.340743204374256 -0.0551019115068016
2013-01-25 0.35283088270953 0.359304737979617 0.342664785655781 -0.0548004063449281
2013-01-28 0.358355636387546 0.362192558303977 0.336796144547051 -0.0573443392385736
2013-01-29 0.356846405521617 0.362100280383624 0.336326169084082 -0.0552728549893227
2013-01-30 0.354441908880987 0.360129413151059 0.343993366390444 -0.0585646884224902
2013-01-31 0.355393886409517 0.359643800659258 0.344120704727027 -0.0591583917958019
2013-02-01 0.354890694724913 0.359201442737735 0.341538451116486 -0.0556305885791351
2013-02-04 0.35462442515718 0.362716316505454 0.343594134937806 -0.0609348766004404
2013-02-05 0.354875668459388 0.365620710792298 0.33778454627734 -0.0582809255290256
2013-02-06 0.346642088800657 0.363019674479027 0.347602045943884 -0.0572638092235681
2013-02-07 0.349924410258796 0.36423264659387 0.343354705397341 -0.057511762250007
2013-02-08 0.351943948835973 0.366161778305587 0.33812509276873 -0.0562308199102897
2013-02-11 0.35002398958392 0.367992825856155 0.33709106960359 -0.0551078850436652
2013-02-12 0.34638865040293 0.363656496626165 0.343748993816768 -0.053794140845863
2013-02-13 0.351423587554402 0.36463439883148 0.338443003011009 -0.0545009893968912
2013-02-14 0.348221232678753 0.363772316834042 0.341781101209139 -0.0537746507219335
2013-02-15 0.346983312750226 0.366347057214211 0.340057296323437 -0.0533876662878727
2013-02-19 0.348326090701269 0.36277881842904 0.339120629706635 -0.0502255388369436
2013-02-20 0.348902207110294 0.361407315320329 0.344497575603703 -0.054807098034325
2013-02-21 0.347485268844456 0.364809527066053 0.344407933280728 -0.0567027291912367
2013-02-22 0.344122401961811 0.364900420051052 0.344670101272036 -0.0536929232848986
2013-02-25 0.348361093174461 0.359566048866167 0.352989515738955 -0.060916657779582
2013-02-26 0.345201522020658 0.367156742781515 0.347882633550295 -0.0602408983524685
2013-02-27 0.341231143993014 0.367580920811523 0.346200838384627 -0.0550129031891644
2013-02-28 0.340713717217901 0.362999846878515 0.352386861010084 -0.0561004251065001
2013-03-01 0.340613166435924 0.364325609238932 0.352235105245497 -0.0571738809203535
2013-03-04 0.338026943906642 0.366133691925386 0.349732599569115 -0.0538932354011429
2013-03-05 0.340787645298319 0.36426985557682 0.346246597837279 -0.0513040987124176
2013-03-06 0.339630076444387 0.361138604326351 0.350295532330966 -0.0510642131017028
2013-03-07 0.339445666498465 0.360822947556608 0.349590647735402 -0.049859261790475
2013-03-08 0.33778026604429 0.358829263682996 0.352040237125127 -0.048649766852413
2013-03-11 0.337708131262999 0.360766882153291 0.348153263417152 -0.0466282768334427
2013-03-12 0.337951850626016 0.361864426050194 0.347674024617483 -0.047490301293693
2013-03-13 0.339175965683902 0.362502777214011 0.345683389937498 -0.0473621328354114
2013-03-14 0.338422837638363 0.360484187160101 0.346943707811655 -0.0458507326101194
2013-03-15 0.336013540573611 0.359095629378186 0.350458553495841 -0.045567723447639
2013-03-18 0.34070215314402 0.360914762399281 0.347192173483605 -0.048809089026906
2013-03-19 0.333411990232303 0.360073262037815 0.354657523915425 -0.0481427761855427
2013-03-20 0.333622812893304 0.359217703484089 0.352478927627333 -0.0453194440047259
2013-03-21 0.331391174124022 0.358366100522041 0.356941760340354 -0.0466990349864172
2013-03-22 0.333313854245686 0.363228070373048 0.350396841234007 -0.0469387658527411
2013-03-25 0.330412974270068 0.358538714042452 0.357214934331787 -0.0461666226443064
2013-03-26 0.329780406233259 0.360861594866831 0.354183085840164 -0.0448250869402545
2013-03-27 0.32520026178735 0.362007982399388 0.35795238552415 -0.0451606297108886
2013-03-28 0.325791011091489 0.365016632386542 0.354198893027296 -0.0450065365053268
2013-04-01 0.327456266168503 0.366653354127828 0.351283336391159 -0.0453929566874901
2013-04-02 0.331061073324768 0.366068538126699 0.346508562881055 -0.0436381743325224
2013-04-03 0.326936567237103 0.361142902700929 0.356938799917959 -0.0450182698559915
2013-04-04 0.32190638125262 0.360100963027678 0.361855180521409 -0.0438625248017076
2013-04-05 0.318264578195217 0.361708107260145 0.364468676063457 -0.0444413615188191
2013-04-08 0.320323916452523 0.361050068382918 0.362087298139968 -0.0434612829754099
2013-04-09 0.320496915528649 0.363585420233174 0.358965288428789 -0.0430476241906124
2013-04-10 0.324586166285413 0.361831583969859 0.35510782073193 -0.0415255709872026
2013-04-11 0.324250310682787 0.359381733374336 0.357331943061788 -0.0409639871189116
2013-04-12 0.321431208165783 0.361897111020495 0.357172187540249 -0.0405005067265278
2013-04-15 0.32499224242975 0.360226818473478 0.360763455303891 -0.0459825162071179
2013-04-16 0.321077380879545 0.36204712417375 0.358881295930746 -0.0420058009840413
2013-04-17 0.316933636690974 0.36194653041163 0.368450328913957 -0.04733049601656
2013-04-18 0.319974129543833 0.363973858413748 0.36623239079043 -0.0501803787480116
2013-04-19 0.316320336912808 0.362894930241036 0.366875759500194 -0.0460910266540375
2013-04-22 0.315833697135295 0.361917980006327 0.367146041442941 -0.0448977185845634
2013-04-23 0.319607385388998 0.361285018531282 0.361231692268831 -0.0421240961891102
2013-04-24 0.318912679641925 0.35567117264732 0.367033667658072 -0.0416175199473175
2013-04-25 0.320356429856517 0.355049827030193 0.36646236672216 -0.0418686236088704
2013-04-26 0.320506486692716 0.35544862316936 0.366008333309856 -0.0419634431719314
2013-04-29 0.321228001656267 0.35622533697924 0.364095529082551 -0.0415488677180577
2013-04-30 0.32120254439187 0.353723427377155 0.366019984962981 -0.0409459567320055
2013-05-01 0.323827685938591 0.352307571669504 0.366886226615244 -0.0430214842233388
2013-05-02 0.325485296611334 0.35311052613221 0.362950307894569 -0.0415461306381134
2013-05-03 0.328075123341092 0.353465989544269 0.35860550662035 -0.0401466195057106
2013-05-06 0.32741602381073 0.353699469158774 0.35833551029714 -0.0394510032666436
2013-05-07 0.325818069097695 0.35133177868106 0.36137180854128 -0.0385216563200354
2013-05-08 0.326015463483323 0.350237143561819 0.362227184798886 -0.0384797918440276
2013-05-09 0.327943567151152 0.350246742766679 0.361153443017111 -0.0393437529349417
2013-05-10 0.32496975639804 0.347010500064025 0.366555431217745 -0.0385356876798104
2013-05-13 0.324142991411508 0.349234694539253 0.36489014880112 -0.038267834751881
2013-05-14 0.324812921591189 0.350695924000561 0.362190155653886 -0.0376990012456359
2013-05-15 0.322486385113262 0.348404753029942 0.366741126513863 -0.0376322646570673
2013-05-16 0.322731913676232 0.349653551352916 0.365570014348896 -0.0379554793780444
2013-05-17 0.321098014965401 0.349937469386439 0.365625351044661 -0.0366608353965003
2013-05-20 0.321491639380247 0.348673844439226 0.366774513297622 -0.0369399971170944
2013-05-21 0.32105790315928 0.348281828499138 0.367801590394491 -0.037141322052909
2013-05-22 0.321882633358518 0.344158988923669 0.371340238933586 -0.0373818612157728
2013-05-23 0.327146044318652 0.356347688219489 0.355625711179016 -0.0391194437171571
2013-05-24 0.323561095184559 0.355365407917638 0.359878036738878 -0.0388045398410749
2013-05-28 0.329080405463837 0.354943810464448 0.353676103740095 -0.0377003196683794
2013-05-29 0.326655307684018 0.356774454415209 0.355223891584308 -0.0386536536835351
2013-05-30 0.333835338650397 0.362593682885212 0.342753942575149 -0.039182964110758
2013-05-31 0.333904333037429 0.357374530602798 0.349429412210692 -0.0407082758509195
2013-06-03 0.335024997355268 0.364331115085177 0.341735041423802 -0.0410911538642476
2013-06-04 0.333833759589354 0.359997375611046 0.347555959739886 -0.0413870949402863
2013-06-05 0.338685541336449 0.363109221531105 0.342506955303669 -0.0443017181712233
2013-06-06 0.336000827651696 0.366259877262288 0.341732860490619 -0.0439935654046035
2013-06-07 0.338117050048782 0.364866556019326 0.33849065663797 -0.0414742627060783
2013-06-10 0.333900350605633 0.355736282779046 0.350503336023695 -0.0401399694083737
2013-06-11 0.336189862453981 0.359228585778218 0.348111864970079 -0.043530313202278
2013-06-12 0.336109861197735 0.357996817459431 0.352426546823834 -0.0465332254810006
2013-06-13 0.339348466118652 0.366946245504325 0.338780119071373 -0.0450748306943497
2013-06-14 0.337970960676844 0.360639500073483 0.347361941990249 -0.0459724027405763
2013-06-17 0.335313990802606 0.356424258782921 0.352495577610211 -0.0442338271957382
2013-06-18 0.335297528123766 0.359215089601068 0.348994965248106 -0.04350758297294
2013-06-19 0.334925519001893 0.354487213966764 0.354175056137712 -0.0435877891063688
2013-06-20 0.334691175455545 0.357423577293869 0.358193709352939 -0.0503084621023531
2013-06-21 0.327696692180065 0.361141107458315 0.359398120493266 -0.0482359201316463
2013-06-24 0.327069337099533 0.364704768813473 0.359801611210644 -0.0515757171236509
2013-06-25 0.329852585114058 0.365202365813576 0.354731038238373 -0.0497859891660057
2013-06-26 0.332766358083046 0.365866745744618 0.349680440226452 -0.0483135440541163
2013-06-27 0.3281142988092 0.363110402517755 0.354216996030132 -0.0454416973570869
2013-06-28 0.324146731234484 0.357853090095739 0.362853650559539 -0.0448534718897626
2013-07-01 0.32333469180793 0.357906775809589 0.361961334066303 -0.0432028016838223
2013-07-02 0.320671090624529 0.35651025246759 0.366579122451377 -0.0437604655434964
2013-07-03 0.318739807999951 0.359419024523464 0.365400892239607 -0.043559724763022
2013-07-05 0.312949482115778 0.359189944313064 0.368496806120269 -0.0406362325491107
2013-07-08 0.316769001551661 0.362185572301023 0.359541700462122 -0.0384962743148071
2013-07-09 0.315653538365081 0.358324813196755 0.36318685843902 -0.0371652100008566
2013-07-10 0.316200524939348 0.358353868113849 0.362259697924356 -0.0368140909775531
2013-07-11 0.315561263961524 0.358221602063057 0.361553789084147 -0.035336655108728
2013-07-12 0.319606722794173 0.353557120566351 0.362742454042005 -0.0359062974025288
2013-07-15 0.319784069397222 0.3532889078673 0.361972336224494 -0.035045313489016
2013-07-16 0.319048688181336 0.353565428598279 0.363404840869071 -0.0360189576486861
2013-07-17 0.320561454417529 0.352117804795099 0.362036089334923 -0.0347153485475505
2013-07-18 0.320957610703782 0.349815437171461 0.363068555545182 -0.033841603420425
2013-07-19 0.322512620255444 0.352546908370009 0.358227477172959 -0.0332870057984122
2013-07-22 0.322971720624373 0.352063701924203 0.357600059662284 -0.0326354822108597
2013-07-23 0.320987505951787 0.35041627068305 0.360932610037095 -0.0323363866719318
2013-07-24 0.32357621199286 0.349190558432288 0.360009265376417 -0.0327760358015648
2013-07-25 0.323133229639124 0.351849112700303 0.357236605017188 -0.0322189473566153
2013-07-26 0.325012639216406 0.35631708423978 0.351184320567496 -0.0325140440236821
2013-07-29 0.328879119522342 0.35738318876747 0.347005814055503 -0.033268122345315
2013-07-30 0.326786074280728 0.354696022914296 0.350875037990361 -0.0323571351853843
2013-07-31 0.328523671344329 0.356180574561791 0.347087737441866 -0.0317919833479853
2013-08-01 0.328020128574524 0.352704236708189 0.349556237152449 -0.0302806024351617
2013-08-02 0.32423435411809 0.349863437655776 0.355128975710766 -0.0292267674846316
2013-08-05 0.326681822920518 0.351080129144496 0.351301731002106 -0.0290636830671202
2013-08-06 0.323372253269595 0.349866571009647 0.356763311521325 -0.0300021358005673
2013-08-07 0.326973560753426 0.354102668266222 0.349740977877125 -0.030817206896773
2013-08-08 0.329284212966158 0.35395864629402 0.347092148130292 -0.030335007390469
2013-08-09 0.330520528174652 0.351450304938409 0.348805590834414 -0.0307764239474753
2013-08-12 0.331397283064234 0.351788356353849 0.347426460546286 -0.0306120999643688
2013-08-13 0.329505698542691 0.348922176937916 0.351534432470516 -0.0299623079511226
2013-08-14 0.330400502373093 0.347112820671079 0.352658964332789 -0.0301722873769607
2013-08-15 0.333616629029759 0.348544348387707 0.350160811184466 -0.0323217886019317
2013-08-16 0.334988906279819 0.347959138996892 0.348830550436384 -0.0317785957130955
2013-08-19 0.334602193469694 0.345868487043598 0.352261833005201 -0.0327325135184926
2013-08-20 0.336295140326746 0.349923769340627 0.346553999252686 -0.0327729089200593
2013-08-21 0.336977960148993 0.347741524984053 0.348783519489563 -0.0335030046226095
2013-08-22 0.340206576352964 0.347442529139223 0.344924752143652 -0.0325738576358387
2013-08-23 0.33760491853906 0.34644900036074 0.347514914012774 -0.0315688329125739
2013-08-26 0.340336203434661 0.345975702753991 0.346495180563191 -0.0328070867518429
2013-08-27 0.337966575215107 0.347743518797034 0.350333608071265 -0.0360437020834054
2013-08-28 0.33596024630076 0.350567285452827 0.349564520279651 -0.0360920520332379
2013-08-29 0.335403076890807 0.349015807830008 0.352279283596422 -0.0366981683172375
2013-08-30 0.333243359219227 0.352090012840803 0.351933428427229 -0.0372668004872585
2013-09-03 0.329414551508063 0.347308887148393 0.358416841576317 -0.0351402802327729
2013-09-04 0.328539888729093 0.34874210621579 0.357550719533228 -0.0348327144781113
2013-09-05 0.329385391168021 0.348055992545559 0.35661338699957 -0.0340547707131501
2013-09-06 0.332555492305 0.349566026155776 0.352327026585565 -0.0344485450463407
2013-09-09 0.327462612569315 0.347165393149271 0.35802784669964 -0.0326558524182259
2013-09-10 0.329789612136484 0.344894360589113 0.356357632688599 -0.031041605414196
2013-09-11 0.33110674352641 0.345949949265619 0.352933599647815 -0.0299902924398446
2013-09-12 0.332343517665116 0.346202342959519 0.352041157811514 -0.0305870184361495
2013-09-13 0.331504180243196 0.345672350486025 0.352822171156971 -0.0299987018861913
2013-09-16 0.333123988157072 0.346067878700246 0.350282366133274 -0.0294742329905915
2013-09-17 0.333418275466843 0.346188697332323 0.349639001262941 -0.0292459740621066
2013-09-18 0.331556938016912 0.346230684008855 0.350081288300871 -0.027868910326638
2013-09-19 0.331388956462898 0.342189691965536 0.353948045343198 -0.0275266937716327
2013-09-20 0.335194413245757 0.338689062256441 0.354552732357514 -0.0284362078597126
2013-09-23 0.335170480821912 0.339356840585874 0.354411558948807 -0.0289388803565932
2013-09-24 0.335870596763158 0.337670315533077 0.355195404789602 -0.0287363170858372
2013-09-25 0.336554805685889 0.337639352800001 0.354494006883654 -0.0286881653695446
2013-09-26 0.334335353947727 0.336531234737118 0.357083348477569 -0.0279499371624139
2013-09-27 0.335863077493623 0.336375176620906 0.357043821802594 -0.0292820759171226
2013-09-30 0.337599188655379 0.337433061505026 0.355675500171855 -0.0307077503322595
2013-10-01 0.338346789755571 0.336212516938111 0.35480409616104 -0.0293634028547225
2013-10-02 0.340878914225087 0.339055318312306 0.350798963262195 -0.0307331957995877
2013-10-03 0.341118615115214 0.337287567757854 0.353600668991652 -0.0320068518647195
2013-10-04 0.343182602592854 0.338534450835157 0.350157070009801 -0.0318741234378119
2013-10-07 0.344870517998862 0.339526833317321 0.350205419550759 -0.034602770866942
2013-10-08 0.345074165860941 0.337173399755673 0.354128686942359 -0.0363762525589732
2013-10-09 0.342096199683881 0.33630407623123 0.356567736630391 -0.0349680125455019
2013-10-10 0.341327163562662 0.337041471486051 0.35249790298132 -0.0308665380300326
2013-10-11 0.339865768577302 0.337121175771454 0.353112668915988 -0.0300996132647437
2013-10-14 0.340837433751958 0.338921277534022 0.350742145188244 -0.0305008564742254
2013-10-15 0.344272910955683 0.335678321125796 0.35240482260101 -0.0323560546824898
2013-10-16 0.341952067297292 0.337221997428941 0.349133148512587 -0.0283072132388203
2013-10-17 0.339504603168622 0.336202378080557 0.350948977513935 -0.0266559587631135
2013-10-18 0.341769504681603 0.335072929530523 0.349523035401058 -0.0263654696131847
2013-10-21 0.341623665052084 0.332682579535279 0.352246556416187 -0.02655280100355
2013-10-22 0.343219543918116 0.333106564118756 0.350193094511015 -0.026519202547888
2013-10-23 0.346108136525475 0.334982062625821 0.345900016819953 -0.0269902159712498
2013-10-24 0.346572543601021 0.333603684578208 0.346256870689543 -0.0264330988687729
2013-10-25 0.349666957569257 0.337225863844955 0.339678345604321 -0.0265711670185324
2013-10-28 0.347154886899988 0.33484429688173 0.344545852146039 -0.0265450359277571
2013-10-29 0.3481893599706 0.336667618173043 0.34147492590113 -0.0263319040447726
2013-10-30 0.346645721643841 0.335022938778867 0.344826263922816 -0.0264949243455237
2013-10-31 0.349394719461573 0.335782201015009 0.341417069183051 -0.0265939896596325
2013-11-01 0.347992968252556 0.33878246892471 0.339583130164557 -0.0263585673418218
2013-11-04 0.346709021241721 0.341564052133805 0.337229538355562 -0.0255026117310891
2013-11-05 0.344972346698905 0.34013047976492 0.340290155280769 -0.0253929817445943
2013-11-06 0.343351654922302 0.340298727004313 0.341130591222762 -0.0247809731493771
2013-11-07 0.347081121442693 0.338847028317997 0.339885204566729 -0.0258133543274197
2013-11-08 0.346037668354431 0.342352837423247 0.336248297301957 -0.0246388030796352
2013-11-11 0.343775487721547 0.342134865223739 0.338437698263924 -0.0243480512092093
2013-11-12 0.34091666731922 0.339433089345679 0.343789410007907 -0.0241391666728057
2013-11-13 0.34097058394942 0.341143305991367 0.341991701334742 -0.0241055912755285
2013-11-14 0.34077489517975 0.337897633719524 0.344916998688219 -0.023589527587493
2013-11-15 0.338994694700096 0.336564503875266 0.34755854445748 -0.023117743032842
2013-11-18 0.341409452578769 0.336354983377282 0.345374787390292 -0.0231392233463439
2013-11-19 0.34108808736131 0.336848708196681 0.345547560211917 -0.023484355769908
2013-11-20 0.342001291284404 0.335755572232026 0.345293550785322 -0.0230504143017521
2013-11-21 0.338780437425916 0.334971219442998 0.348347185897815 -0.0220988427667286
2013-11-22 0.338136855089014 0.336560257731562 0.346978104151747 -0.021675216972323
2013-11-25 0.340966488796763 0.333707046019854 0.34706115354121 -0.0217346883578277
2013-11-26 0.341491549625015 0.335298966054958 0.345122968509025 -0.0219134841889978
2013-11-27 0.343281310595756 0.335044525113977 0.343558660067205 -0.021884495776938
2013-11-29 0.344807000556552 0.333211886403359 0.344104339991483 -0.0221232269513937
2013-12-02 0.345719374092891 0.332525781238224 0.344144925410818 -0.0223900807419329
2013-12-03 0.341481280393137 0.333354007477646 0.348225295332293 -0.0230605832030765
2013-12-04 0.342176249013833 0.336729362978662 0.344231980745665 -0.0231375927381593
2013-12-05 0.343050622309821 0.337701740463306 0.342696964567414 -0.0234493273405415
2013-12-06 0.342671684886203 0.337512966359464 0.342230669986941 -0.0224153212326082
2013-12-09 0.342963363767621 0.334813824901889 0.344418207428733 -0.0221953960982422
2013-12-10 0.342056073618539 0.335563918619142 0.344832506451572 -0.0224524986892532
2013-12-11 0.343805983625604 0.334991794215487 0.34492490483544 -0.0237226826765309
2013-12-12 0.344181639810117 0.334985567678252 0.344841205738926 -0.0240084132272955
2013-12-13 0.343601937458373 0.335029947873343 0.345404715502986 -0.0240366008347016
2013-12-16 0.348516251717302 0.337518954628559 0.337957537841342 -0.0239927441872026
2013-12-17 0.345597730184813 0.33699200134081 0.341306361000564 -0.0238960925261869
2013-12-18 0.342888265823614 0.336857722897279 0.342040069443775 -0.0217860581646678
2013-12-19 0.344702502679005 0.33328315502028 0.343775314742759 -0.0217609724420448
2013-12-20 0.345632707847243 0.334969429479956 0.341209742946547 -0.021811880273746
2013-12-23 0.346983881560688 0.334573005677214 0.339367570967684 -0.0209244582055862
2013-12-24 0.346399792911036 0.334981482654492 0.339080856053534 -0.0204621316190624
2013-12-26 0.343506332039223 0.33478995679424 0.341658019667451 -0.0199543085009145
2013-12-27 0.346523876628994 0.334085879804308 0.339568161874312 -0.0201779183076146
2013-12-30 0.34633719386158 0.334146623434315 0.340036593899794 -0.0205204111956889
2013-12-31 0.345970311727602 0.334842344597869 0.339676386121329 -0.0204890424467999
2014-01-02 0.343614097386857 0.33467469370137 0.342822556043676 -0.0211113471319025
2014-01-03 0.343604761107922 0.335754333295521 0.341537554814811 -0.0208966492182544
2014-01-06 0.34367523578099 0.338294232804572 0.338738925864789 -0.0207083944503509
2014-01-07 0.34519975154189 0.338772323502068 0.336169466158303 -0.020141541202261
2014-01-08 0.343524354793095 0.335514927045091 0.341046189901385 -0.0200854717395702
2014-01-09 0.343692801267807 0.338572454561429 0.338021754599227 -0.0202870104284627
2014-01-10 0.344348984805282 0.3376090112947 0.337778536671509 -0.0197365327714913
2014-01-13 0.34737970567225 0.333548194981871 0.339618893605395 -0.0205467942595159
2014-01-14 0.349746880293503 0.337263335028925 0.332787134069985 -0.0197973493924133
2014-01-15 0.350877786546735 0.333652750290687 0.335027466010765 -0.0195580028481877
2014-01-16 0.351651095329263 0.334699750509472 0.333364521181805 -0.0197153670205406
2014-01-17 0.352008399580044 0.33543574440136 0.332312159982511 -0.0197563039639142
2014-01-21 0.349820761445419 0.334493574450076 0.335082206221143 -0.0193965421166388
2014-01-22 0.349965851928855 0.33413817370678 0.335028552873277 -0.0191325785089127
2014-01-23 0.350316898923717 0.333691935321736 0.335861671052253 -0.0198705052977063
2014-01-24 0.350468960893099 0.334348801852818 0.337353263156734 -0.0221710259026509
2014-01-27 0.352076093521091 0.334796593779353 0.335852434194465 -0.0227251214949085
2014-01-28 0.352817974327993 0.335329125056378 0.333568745252482 -0.0217158446368522
2014-01-29 0.350019060236945 0.331515618277832 0.341616199721304 -0.0231508782360806
2014-01-30 0.352814521226252 0.335322944585725 0.334711489616021 -0.0228489554279988
2014-01-31 0.352459542056694 0.335387608438871 0.337081661462643 -0.0249288119582077
2014-02-03 0.352316951169844 0.335658591494567 0.339058259438123 -0.0270338021025332
2014-02-04 0.355151664173954 0.341807023847683 0.329852039157212 -0.0268107271788489
2014-02-05 0.353484781634717 0.34009649459617 0.334189177969142 -0.0277704542000287
2014-02-06 0.354908826396048 0.340293065883441 0.329525730381408 -0.0247276226608973
2014-02-07 0.352445401923222 0.339143748070957 0.331310747848117 -0.022899897842296
2014-02-10 0.352451955414842 0.337588231695325 0.332925172485727 -0.0229653595958938
2014-02-11 0.355273120977393 0.337655798247606 0.328901823971806 -0.0218307431968057
2014-02-12 0.356583654941479 0.335412826332503 0.329321949832415 -0.0213184311063967
2014-02-13 0.358937422946701 0.338056791137494 0.324183846470097 -0.021178060554291
2014-02-14 0.36127000286996 0.340016750501511 0.319566014977151 -0.0208527683486224
2014-02-18 0.357772730581142 0.334672342259913 0.327955379236988 -0.0204004520780433
2014-02-19 0.360510615651549 0.334857188984178 0.326547673090958 -0.0219154777266847
2014-02-20 0.361470904647302 0.338395670099701 0.321387028921192 -0.021253603668195
2014-02-21 0.358695357182571 0.33463036583702 0.327913570006441 -0.0212392930260326
2014-02-24 0.360031759162317 0.335841246223724 0.325178430888178 -0.0210514362742191
2014-02-25 0.358241568394409 0.333983231541019 0.328737762984044 -0.0209625629194719
2014-02-26 0.357924476535307 0.335253052462263 0.32809921204944 -0.0212767410470098
2014-02-27 0.355599726711179 0.337654924645859 0.327996406948656 -0.0212510583056945
2014-02-28 0.357641634988063 0.337956514461433 0.325923897424144 -0.0215220468736405
2014-03-03 0.354284837686273 0.340453090377728 0.328554054223384 -0.023291982287385
2014-03-04 0.35609011440267 0.339464589163454 0.325792960654689 -0.0213476642208129
2014-03-05 0.353840723144785 0.33891270586808 0.32854443943412 -0.0212978684469848
2014-03-06 0.351895192257618 0.338561422628379 0.330609505162275 -0.021066120048272
2014-03-07 0.347245923682825 0.340699464503036 0.3337286643072 -0.0216740524930618
2014-03-10 0.34901089701503 0.342133496968941 0.330750112495841 -0.0218945064798133
2014-03-11 0.349801098797723 0.339923742073273 0.332424316694417 -0.022149157565412
2014-03-12 0.349751669695885 0.344418045694038 0.328253237607175 -0.0224229529970972
2014-03-13 0.34734133690199 0.343372636937943 0.332893098408469 -0.0236070722484015
2014-03-14 0.353072253902368 0.345521383438549 0.325974415494575 -0.0245680528354915
2014-03-17 0.35345189792478 0.345232496859949 0.324440333996323 -0.0231247287810526
2014-03-18 0.353194986889476 0.344581378302661 0.324273064008776 -0.0220494292009126
2014-03-19 0.354816176500507 0.342222570965955 0.325461726629158 -0.0225004740956208
2014-03-20 0.35618861806807 0.345365919005858 0.320849093689651 -0.0224036307635792
2014-03-21 0.356657417584181 0.346154143537736 0.319661392409482 -0.0224729535313979
2014-03-24 0.350695141321366 0.345825218942193 0.325993329621152 -0.0225136898847107
2014-03-25 0.35419432187749 0.345504543480663 0.322392738024222 -0.0220916033823756
2014-03-26 0.357683690879025 0.342111533178884 0.322656499883939 -0.0224517239418478
2014-03-27 0.356247945047378 0.34096317830547 0.324873646492723 -0.0220847698455708
2014-03-28 0.357607012605242 0.339515224552151 0.324474477619378 -0.0215967147767711
2014-03-31 0.355113186999807 0.341437174967846 0.324274264114827 -0.0208246260824799
2014-04-01 0.356224445855398 0.341979951573304 0.321886095869683 -0.0200904932983847
2014-04-02 0.35597417480238 0.341403927943258 0.322804816225641 -0.0201829189712785
2014-04-03 0.3555722472694 0.340791122740468 0.323760781777787 -0.0201241517876549
2014-04-04 0.358050445387451 0.338491795923324 0.323999557951941 -0.0205417992627171
2014-04-07 0.355560416483269 0.340254160276131 0.325458128419493 -0.0212727051788931
2014-04-08 0.356577700853841 0.341815848521047 0.322595498260796 -0.0209890476356834
2014-04-09 0.357936829788504 0.345139341364112 0.317437785326748 -0.0205139564793644
2014-04-10 0.359124407734386 0.341633856390418 0.321178834839726 -0.0219370989645301
2014-04-11 0.360614965182587 0.34354770042252 0.318868996168703 -0.0230316617738108
2014-04-14 0.36062757332432 0.345340267383693 0.316815784635135 -0.0227836253431487
2014-04-15 0.354270550606734 0.348508848719111 0.319770116912361 -0.0225495162382059
2014-04-16 0.35271269210259 0.345643543093655 0.322956786216193 -0.0213130214124383
2014-04-17 0.355573580699208 0.344402480315811 0.320978487013815 -0.0209545480288341
2014-04-21 0.354448800086519 0.344463860422888 0.321589988242177 -0.0205026487515843
2014-04-22 0.359671337718178 0.343988764281422 0.316707153108832 -0.020367255108432
2014-04-23 0.357072676905491 0.343462846248977 0.319857717799349 -0.0203932409538171
2014-04-24 0.358587629996413 0.344234098115341 0.317923005720367 -0.0207447338321205
2014-04-25 0.355873249607831 0.344002068584842 0.321175483926101 -0.0210508021187747
2014-04-28 0.357239027120731 0.34529275531118 0.318057119097447 -0.0205889015293577
2014-04-29 0.360110592749787 0.344523325892633 0.315447508910268 -0.0200814275526881
2014-04-30 0.360389641634874 0.345100268621123 0.314592031515187 -0.0200819417711837
2014-05-01 0.358720671813713 0.343344552815772 0.317903852085269 -0.0199690767147545
2014-05-02 0.358634045061311 0.343007744237457 0.31831631775426 -0.0199581070530283
2014-05-05 0.357793931021435 0.343498787462076 0.318454413084027 -0.0197471315675385
2014-05-06 0.35712499706857 0.342322556805564 0.320527076248412 -0.0199746301225465
2014-05-07 0.361154791927221 0.345899161447372 0.312638645688072 -0.0196925990626651
2014-05-08 0.361985594012153 0.343866816014765 0.313743665394736 -0.0195960754216532
2014-05-09 0.360418816086441 0.344496729031198 0.314223468085342 -0.0191390132029805
2014-05-12 0.360299564258193 0.345945373439174 0.312086296633688 -0.0183312343310549
2014-05-13 0.359415753972862 0.343643747042115 0.315183227404466 -0.0182427284194425
2014-05-14 0.360131735824832 0.342887368208766 0.31515696088782 -0.0181760649214176
2014-05-15 0.359280400708452 0.342657569226411 0.316572722282828 -0.0185106922176912
2014-05-16 0.359325337804666 0.344866081216695 0.313941778953804 -0.0181331979751658
2014-05-19 0.3601272065217 0.345157504128843 0.312613871025789 -0.0178985816763328
2014-05-20 0.36018754087561 0.34266050868893 0.314932274779583 -0.0177803243441232
2014-05-21 0.36045528999556 0.344316673570653 0.312632044451328 -0.0174040080175408
2014-05-22 0.358195788003784 0.341853603552014 0.317214326725894 -0.0172637182816925
2014-05-23 0.357848841078771 0.341723058078852 0.317450689036145 -0.0170225881937681
2014-05-27 0.35957552628458 0.339679151071021 0.317033329949659 -0.0162880073052606
2014-05-28 0.35975081699589 0.3388148905107 0.317689636933016 -0.0162553444396054
2014-05-29 0.358629062453105 0.33974637330424 0.317762500194577 -0.0161379359519221
2014-05-30 0.358497448506734 0.340146873264942 0.317423083109918 -0.0160674048815938
2014-06-02 0.35665864766941 0.337984046557596 0.321264575709989 -0.0159072699369954
2014-06-03 0.355475238849955 0.33793554151897 0.322549434457566 -0.0159602148264914
2014-06-04 0.355530079975528 0.338108189650738 0.322146607256194 -0.0157848768824589
2014-06-05 0.35530967379685 0.339115922463268 0.320746109806062 -0.0151717060661799
2014-06-06 0.355123435951398 0.339520020249818 0.319704153997395 -0.014347610198611
2014-06-09 0.355730362752423 0.338927290666486 0.319867978652911 -0.0145256320718202
2014-06-10 0.356734267821594 0.339729825491064 0.317822591019091 -0.014286684331748
2014-06-11 0.354076582084004 0.339223699883974 0.321314259713977 -0.0146145416819547
2014-06-12 0.354797199330353 0.338877261970659 0.321688613650456 -0.0153630749514674
2014-06-13 0.352740213917797 0.338479154793374 0.323834239329655 -0.0150536080408266
2014-06-16 0.353392810286503 0.340153119368361 0.32155584259572 -0.0151017722505832
2014-06-17 0.353430465255691 0.339372947822087 0.321723620281222 -0.0145270333590002
2014-06-18 0.351993596051951 0.339348240478333 0.322333982854181 -0.0136758193844645
2014-06-19 0.351939782765115 0.337068571152446 0.324634837681015 -0.0136431915985755
2014-06-20 0.352056411309803 0.337039532628649 0.324757445615665 -0.0138533895541171
2014-06-23 0.350400502369108 0.33772439409195 0.325412722589434 -0.0135376190504922
2014-06-24 0.351530432105978 0.335948280722293 0.326563486211484 -0.0140421990397553
2014-06-25 0.35035338251158 0.337976120170236 0.325241467498905 -0.0135709701807198
2014-06-26 0.348926382731221 0.338029629922663 0.326816643753572 -0.0137726564074567
2014-06-27 0.350567389329946 0.339304268056344 0.323832580986677 -0.0137042383729673
2014-06-30 0.350749179405071 0.337660517105995 0.325153386589221 -0.0135630831002877
2014-07-01 0.350226009160782 0.337050997930111 0.325813654200488 -0.0130906612913804
2014-07-02 0.350519396608274 0.33676713316151 0.32566703278346 -0.0129535625532442
2014-07-03 0.35247218575712 0.337009277250487 0.323213256881577 -0.0126947198891834
2014-07-07 0.349111706742963 0.338866117983365 0.325033567124366 -0.0130113918506945
2014-07-08 0.347304477180616 0.339353295073809 0.326661396248057 -0.0133191685024829
2014-07-09 0.347442372102391 0.3395638595064 0.326015641706219 -0.0130218733150096
2014-07-10 0.345427539048283 0.341005251888494 0.327155537879847 -0.0135883288166244
2014-07-11 0.345587220226106 0.34136233876898 0.326501822963415 -0.0134513819585014
2014-07-14 0.346015978717732 0.340383982054487 0.326521906219856 -0.0129218669920758
2014-07-15 0.344131694889956 0.340650368171855 0.328374772964428 -0.0131568360262393
2014-07-16 0.346771989150339 0.340257026071244 0.325722719772549 -0.0127517349941327
2014-07-17 0.345139219030872 0.34046721296236 0.328473757393772 -0.0140801893870042
2014-07-18 0.343718373338904 0.343226024030462 0.32616760380413 -0.0131120011734959
2014-07-21 0.341430815505232 0.343870892148522 0.328162127657777 -0.0134638353115308
2014-07-22 0.342840278941354 0.342112960362368 0.328129450949136 -0.0130826902528588
2014-07-23 0.343306906313552 0.342099018294302 0.327781052696313 -0.0131869773041672
2014-07-24 0.343946379459726 0.342098804826575 0.327023015640779 -0.0130681999270799
2014-07-25 0.340386507450899 0.341345517762644 0.331796305397703 -0.0135283306112459
2014-07-28 0.338267264026449 0.342172308626499 0.332984399214816 -0.0134239718677629
2014-07-29 0.339441317466015 0.339869279041873 0.334068555110849 -0.0133791516187369
2014-07-30 0.338178658084235 0.340258589164728 0.335191007871854 -0.0136282551208168
2014-07-31 0.336508163541317 0.339501889566155 0.338989173014184 -0.0149992261216554
2014-08-01 0.333594596081064 0.342503453076208 0.339797881850203 -0.0158959310074752
2014-08-04 0.332268117167124 0.343779113910653 0.339177700776359 -0.0152249318541367
2014-08-05 0.335404393918044 0.34301828040115 0.337973351271299 -0.0163960255904929
2014-08-06 0.334718861037532 0.345438360529315 0.336370773069832 -0.0165279946366788
2014-08-07 0.331785209781591 0.345157496572758 0.339951975265264 -0.0168946816196128
2014-08-08 0.332808109808791 0.351090881051297 0.33241107090726 -0.0163100617673478
2014-08-11 0.33452705363993 0.345616950014067 0.335285354254827 -0.0154293579088242
2014-08-12 0.331420256353988 0.346901951884926 0.337054229648396 -0.0153764378873101
2014-08-13 0.332907537444895 0.346199422328652 0.335274383451899 -0.0143813432254457
2014-08-14 0.332369916925925 0.345884896212367 0.335578706428459 -0.0138335195667509
2014-08-15 0.32964249023669 0.346938473676572 0.337338969673906 -0.0139199335871684
2014-08-18 0.3323033782406 0.346760915375118 0.334220107676334 -0.0132844012920515
2014-08-19 0.332722874291609 0.346031824601342 0.334277550625715 -0.0130322495186653
2014-08-20 0.331448013626186 0.347664206051195 0.33399691351009 -0.0131091331874715
2014-08-21 0.331970164474401 0.347415226900658 0.333669893370904 -0.0130552847459627
2014-08-22 0.331138307176076 0.348941122904475 0.332978243334008 -0.0130576734145587
2014-08-25 0.33385500298688 0.347566796621845 0.331366312292018 -0.012788111900743
2014-08-26 0.335547586920767 0.348249008320028 0.329058787824313 -0.0128553830651082
2014-08-27 0.334743602399706 0.348527608372005 0.329671092940297 -0.0129423037120079
2014-08-28 0.332877111048832 0.350038008989213 0.330306539998642 -0.0132216600366868
2014-08-29 0.333163642348519 0.350099366871519 0.329884562888877 -0.0131475721089149
2014-09-02 0.331962200114 0.3484683301645 0.332697771134303 -0.0131283014128025
2014-09-03 0.334727246973741 0.347413264623856 0.330780299861468 -0.012920811459065
2014-09-04 0.337874910313877 0.34658146382524 0.328482526297783 -0.0129389004369006
2014-09-05 0.336808288504054 0.347636776144765 0.328165605590104 -0.0126106702389237
2014-09-08 0.334879382124665 0.348140388537214 0.329531905029286 -0.012551675691165
2014-09-09 0.334318170109709 0.347555097110333 0.331048002248135 -0.0129212694681769
2014-09-10 0.333554331528165 0.349417523829836 0.329860740759325 -0.0128325961173264
2014-09-11 0.33350925108987 0.34847634963868 0.330825004063983 -0.0128106047925336
2014-09-12 0.333138326223553 0.348384022623089 0.331611770375772 -0.0131341192224139
2014-09-15 0.334312963616076 0.349121311422733 0.330075050516538 -0.0135093255553472
2014-09-16 0.332604634982825 0.350849280479209 0.329344244411256 -0.0127981598732899
2014-09-17 0.333152361256994 0.350815365109037 0.328698990913393 -0.012666717279424
2014-09-18 0.334526041655446 0.349532380607788 0.328287983050082 -0.012346405313316
2014-09-19 0.332845982353122 0.349850978715576 0.329599568559834 -0.0122965296285325
2014-09-22 0.33282514806327 0.35082362761143 0.329131773853965 -0.0127805495286645
2014-09-23 0.330376423096226 0.351032930379024 0.331971271029315 -0.0133806245045653
2014-09-24 0.331093706045368 0.352050172055312 0.329744642972732 -0.0128885210734113
2014-09-25 0.32773397965973 0.349533712000018 0.336623982120758 -0.0138916737805054
2014-09-26 0.325926003653843 0.353910001835095 0.333573614501772 -0.01340961999071
2014-09-29 0.323396958350315 0.354625859519955 0.336035308254563 -0.0140581261248322
2014-09-30 0.325918862984793 0.354835111202981 0.333506151536434 -0.0142601257242081
2014-10-01 0.325602745112874 0.353922771555151 0.335188478323967 -0.0147139949919925
2014-10-02 0.323470176344402 0.359732307296854 0.331557037296255 -0.0147595209375112
2014-10-03 0.321030585727023 0.360566639571796 0.332150552855429 -0.0137477781542472
2014-10-06 0.319075686326709 0.36120076963959 0.333578970625887 -0.0138554265921859
2014-10-07 0.319363543631335 0.35946408026844 0.336251857513956 -0.0150794814137303
2014-10-08 0.316816889046523 0.36377378113901 0.333246062857727 -0.0138367330432606
2014-10-09 0.320794639102295 0.35975249954573 0.334708065533786 -0.0152552041818111
2014-10-10 0.318892580484362 0.36208340882269 0.336317728441295 -0.0172937177483464
2014-10-13 0.319631201637841 0.359840315183552 0.33960480616678 -0.0190763229881732
2014-10-14 0.322901108221139 0.361604714062254 0.334431290394145 -0.0189371126775385
2014-10-15 0.316906271886883 0.361093413896757 0.341370888687512 -0.0193705744711525
2014-10-16 0.319762525822938 0.36315905957572 0.337054326203291 -0.0199759116019483
2014-10-17 0.326878571920832 0.36290267750607 0.32916298551603 -0.0189442349429324
2014-10-20 0.318925967618883 0.361034637285666 0.337354288763861 -0.0173148936684103
2014-10-21 0.323737183487175 0.363934545986632 0.32830568762777 -0.0159774171015771
2014-10-22 0.323490182311051 0.357985943489535 0.335611220833606 -0.0170873466341917
2014-10-23 0.323562674808888 0.360767380616979 0.331588706440635 -0.0159187618665022
2014-10-24 0.319866351589228 0.363067889927295 0.332760186132151 -0.0156944276486747
2014-10-27 0.317905414974255 0.363904870946622 0.333699811946213 -0.0155100978670904
2014-10-28 0.320872077603495 0.363931623607019 0.329544451968606 -0.0143481531791202
2014-10-29 0.320402420821584 0.361516785939685 0.332628758115883 -0.0145479648771516
2014-10-30 0.319406532347031 0.363518827508622 0.331582328458828 -0.0145076883144805
2014-10-31 0.316738158801669 0.359618301825141 0.33733275380145 -0.0136892144282604
2014-11-03 0.314458233960598 0.361838609178075 0.33762568085214 -0.0139225239908133
2014-11-04 0.312123104169176 0.363816976973581 0.337921535379351 -0.0138616165221083
2014-11-05 0.315234458941083 0.362875917048906 0.335494515515262 -0.0136048915052509
2014-11-06 0.317565215965124 0.364684759989346 0.331009311897891 -0.0132592878523611
2014-11-07 0.314515054459876 0.366200030789152 0.332348792276176 -0.0130638775252033
2014-11-10 0.315703229217097 0.366550510045023 0.330263654866363 -0.0125173941284827
2014-11-11 0.313921237216478 0.363575174893213 0.334931985216959 -0.0124283973266496
2014-11-12 0.310245164275628 0.366368502708145 0.336050143933678 -0.0126638109174504
2014-11-13 0.310312960222876 0.364921250877145 0.337510302517399 -0.0127445136174202
2014-11-14 0.310001704239775 0.364183443162125 0.33858057428083 -0.0127657216827304
2014-11-17 0.316071114031534 0.367419724548503 0.329423029549587 -0.0129138681296239
2014-11-18 0.316542562398119 0.36349764791888 0.332465014011514 -0.0125052243285127
2014-11-19 0.317607634897273 0.364342618652435 0.330878611887539 -0.0128288654372472
2014-11-20 0.31887983113879 0.364919589338006 0.328931556941807 -0.012730977418603
2014-11-21 0.324322729158892 0.363382514476553 0.324664224767424 -0.0123694684028684
2014-11-24 0.32235866040619 0.363705718199972 0.325896445364105 -0.0119608239702674
2014-11-25 0.324187219372341 0.36252143634424 0.325144671006551 -0.0118533267231324
2014-11-26 0.326018674336869 0.361752806961961 0.323899876882394 -0.0116713581812229
2014-11-28 0.327575248479686 0.359666717926312 0.32471384348573 -0.0119558098917276
2014-12-01 0.327130896879066 0.35991835986556 0.325421830699521 -0.0124710874441468
2014-12-02 0.325258380182941 0.36070317130722 0.325778409104705 -0.0117399605948669
2014-12-03 0.325250258352385 0.360660416060632 0.325589459957752 -0.0115001343707693
2014-12-04 0.320687491566385 0.362259842684359 0.328538752557052 -0.0114860868077957
2014-12-05 0.325344984000491 0.360516401033357 0.325330475789088 -0.0111918608229354
2014-12-08 0.325053506247147 0.362078259083261 0.3245405348724 -0.0116723002028073
2014-12-09 0.321025034331782 0.364619994611973 0.326313029072789 -0.0119580580165446
2014-12-10 0.325796449899547 0.362414695250767 0.325194554883688 -0.0134057000340027
2014-12-11 0.328018452816922 0.362519315883552 0.32367375540198 -0.0142115241024545
2014-12-12 0.323831335382557 0.360180480360816 0.331195148264415 -0.0152069640077873
2014-12-15 0.320841571415856 0.363880927079369 0.330381039936672 -0.0151035384318968
2014-12-16 0.328687478586985 0.361941819400686 0.3251935981753 -0.0158228961629714
2014-12-17 0.324831541448974 0.363421343198194 0.325814514252693 -0.0140673988998613
2014-12-18 0.325181383058793 0.362981350287416 0.325131703396418 -0.0132944367426274
2014-12-19 0.320667493689401 0.36373953770436 0.328617532321635 -0.0130245637153956
2014-12-22 0.320283727758731 0.36608935527658 0.325923421046032 -0.0122965040813428
2014-12-23 0.321277722544348 0.365917342225083 0.32507815885841 -0.0122732236278405
2014-12-24 0.320124950737946 0.365712106619498 0.326306339721121 -0.012143397078565
2014-12-26 0.320013249309952 0.366631365066061 0.325614608268514 -0.0122592226445268
2014-12-29 0.320425478627343 0.366994656735715 0.324814342104823 -0.0122344774678807
2014-12-30 0.320001128045137 0.369827265726294 0.322840750920565 -0.0126691446919957
2014-12-31 0.320386850006733 0.36785418823304 0.325446835997637 -0.0136878742374104
2015-01-02 0.318296526502283 0.368824672268123 0.326308865340594 -0.0134300641110002
2015-01-05 0.313203588266914 0.370171216655527 0.331222933671097 -0.0145977385935381
2015-01-06 0.315840414842759 0.372545104815731 0.326668690337936 -0.0150542099964257
2015-01-07 0.314164762864878 0.37357297945418 0.326690727177786 -0.0144284694968437
2015-01-08 0.315852099630435 0.372344795661722 0.324937392192584 -0.0131342874847412
2015-01-09 0.312351168191459 0.373403504678961 0.32800939049407 -0.0137640633644894
2015-01-12 0.316499168143431 0.370074322273994 0.327832707626584 -0.0144061980440094
2015-01-13 0.320212803677106 0.368012424575512 0.326502157183438 -0.0147273854360569
2015-01-14 0.319906603865862 0.369199632141194 0.326109054093096 -0.0152152901001522
2015-01-15 0.32200795353718 0.362341845655286 0.331067400495148 -0.0154171996876136
2015-01-16 0.323889288245507 0.365531635041034 0.325600703327032 -0.0150216266135731
2015-01-20 0.320308487545836 0.362405997984165 0.331866334759165 -0.0145808202891667
2015-01-21 0.321983242946318 0.363808927643675 0.328110860668266 -0.01390303125826
2015-01-22 0.322120967244049 0.364710781631158 0.32601312745848 -0.0128448763336867
2015-01-23 0.326008090935199 0.359633189193811 0.32742300862817 -0.0130642887571798
2015-01-26 0.322170588943706 0.361356309866917 0.328622677845845 -0.0121495766564675
2015-01-27 0.319502077735871 0.357668685877652 0.335618139186977 -0.0127889028005002
2015-01-28 0.324127946142989 0.353699330992795 0.336121186436231 -0.0139484635720148
2015-01-29 0.325091965465274 0.356766263246036 0.331625740966025 -0.0134839696773349
2015-01-30 0.324958063564295 0.354454503093872 0.335482145904959 -0.0148947125631266
2015-02-02 0.32625965222155 0.355873634443194 0.331847288940909 -0.013980575605653
2015-02-03 0.327310556284401 0.360051458082653 0.325919272338048 -0.0132812867051021
2015-02-04 0.326719768244038 0.357067384616373 0.329807674948669 -0.01359482780908
2015-02-05 0.32766963909903 0.360346392523401 0.32513037168269 -0.0131464033051211
2015-02-06 0.324812209139934 0.359784892533322 0.329058980489934 -0.0136560821631905
2015-02-09 0.321524033996548 0.362674296771416 0.329619486260268 -0.0138178170282316
2015-02-10 0.322459469769399 0.363224582863166 0.32753134987259 -0.0132154025051544
2015-02-11 0.322478870208472 0.363394550329366 0.327408689283703 -0.0132821098215402
2015-02-12 0.323593222193216 0.361526976168851 0.327231113804967 -0.0123513121670341
2015-02-13 0.325097557563334 0.361648560236846 0.325463287013389 -0.0122094048135686
2015-02-17 0.323156894698088 0.360544697192303 0.328541974327015 -0.0122435662174055
2015-02-18 0.323029451310832 0.358592913952287 0.330449336479099 -0.0120717017422184
2015-02-19 0.324258439932062 0.357395418261944 0.330148311432015 -0.011802169626021
2015-02-20 0.323584849491333 0.357820590854302 0.329903756269035 -0.0113091966146703
2015-02-23 0.32435616671214 0.356217182121318 0.330715911910479 -0.0112892607439367
2015-02-24 0.323769354034572 0.355874683715243 0.331096281981737 -0.010740319731553
2015-02-25 0.323574525060036 0.356476635988825 0.330732083592734 -0.0107832446415956
2015-02-26 0.324887887814765 0.353314483546629 0.332390859726454 -0.0105932310878482
2015-02-27 0.326175520445646 0.351995074649135 0.332334302725657 -0.0105048978204379
2015-03-02 0.323298735785631 0.355328119433457 0.331430893807417 -0.0100577490265056
2015-03-03 0.32158287865983 0.356039547731843 0.332717065511705 -0.0103394919033776
2015-03-04 0.324822680671733 0.354228038112093 0.331269314857142 -0.0103200336409678
2015-03-05 0.325331337702276 0.353612549180947 0.331162380306461 -0.0101062671896843
2015-03-06 0.325420744591685 0.349553018690365 0.335524918505471 -0.0104986817875202
2015-03-09 0.322685962338372 0.354991149051956 0.332568300450836 -0.010245411841164
2015-03-10 0.324459615526452 0.352473954176006 0.333760193196642 -0.0106937628991
2015-03-11 0.328922874971507 0.350142788231828 0.331761267168015 -0.0108269303713499
2015-03-12 0.322330148292519 0.353027787841379 0.334622349799681 -0.00998028593357848
2015-03-13 0.322611359145764 0.349119507274169 0.338395767664872 -0.0101266340848055
2015-03-16 0.324267609630119 0.350463931636142 0.33498000265453 -0.0097115439207919
2015-03-17 0.321453016962051 0.348859482181511 0.339425671738154 -0.00973817088171628
2015-03-18 0.31929873150884 0.351008307728075 0.338996416757837 -0.00930345599475198
2015-03-19 0.320706683109374 0.349473742183275 0.339182405954406 -0.00936283124705468
2015-03-20 0.323159956190281 0.348210178299713 0.337811889676464 -0.00918202416645813
2015-03-23 0.322028831813067 0.347937134265792 0.339117965807522 -0.00908393188638082
2015-03-24 0.324451924524827 0.344096323517114 0.340487956931425 -0.00903620497336646
2015-03-25 0.325015545839902 0.340659394978432 0.34389192341459 -0.00956686423292347
2015-03-26 0.32654110925883 0.341822485932036 0.341185094757979 -0.00954868994884438
2015-03-27 0.327594599616507 0.342441606035317 0.339409633167193 -0.00944583881901744
2015-03-30 0.327709729669763 0.343656444448645 0.337631615386246 -0.00899778950465455
2015-03-31 0.327690654759353 0.344446276771275 0.337194372725944 -0.00933130425657133
2015-04-01 0.328590787789469 0.345351666749587 0.335346989896362 -0.00928944443541839
2015-04-02 0.325451461417762 0.344636611351352 0.338972438698384 -0.00906051146749865
2015-04-06 0.327731741046798 0.342600256274 0.338599031894588 -0.00893102921538615
2015-04-07 0.329594146395383 0.339604406829013 0.339638643548436 -0.00883719677283208
2015-04-08 0.32569487451194 0.341589978323959 0.341338708772294 -0.00862356160819276
2015-04-09 0.325731575803382 0.340775709612203 0.341729249287791 -0.00823653470337529
2015-04-10 0.327155754841262 0.341415291533439 0.339207260631147 -0.0077783070058478
2015-04-13 0.324253927131872 0.342129517298766 0.34153353548545 -0.00791697991608814
2015-04-14 0.32153713836791 0.344164203038749 0.342154231371563 -0.00785557277822233
2015-04-15 0.321099932575047 0.34441872311578 0.342152816938661 -0.00767147262948738
2015-04-16 0.317232988788235 0.345689174331233 0.344642080046419 -0.00756424316588774
2015-04-17 0.315984000263811 0.345506800661252 0.346520330043877 -0.00801113096894014
2015-04-20 0.320230794420832 0.345069344505863 0.342411417894369 -0.0077115568210635
2015-04-21 0.319396664481754 0.342378292210556 0.345882247778474 -0.0076572044707843
2015-04-22 0.315762320357389 0.343724753131327 0.348047701215265 -0.00753477470398103
2015-04-23 0.313283329549883 0.344956203881793 0.349256721669237 -0.0074962551009122
2015-04-24 0.315942158561815 0.345498370151189 0.345988802683423 -0.007429331396427
2015-04-27 0.322405980766126 0.341044244345314 0.34418670972553 -0.00763693483697056
2015-04-28 0.317214889837484 0.34370047222118 0.346500540054103 -0.00741590211276699
2015-04-29 0.311205399559074 0.345277726947824 0.351203520715013 -0.00768664722191129
2015-04-30 0.318485197918605 0.345330109305527 0.344258068693572 -0.00807337591770461
2015-05-01 0.319877459657671 0.346356826557802 0.341491967863421 -0.0077262540788937
2015-05-04 0.323119547285753 0.344536670137689 0.340040903689621 -0.00769712111306224
2015-05-05 0.319257415182353 0.347381521145547 0.341405894721196 -0.00804483104909635
2015-05-06 0.319824413423036 0.346290414147672 0.342074439675731 -0.00818926724644034
2015-05-07 0.323555303876474 0.346736303399534 0.337890869620158 -0.00818247689616613
2015-05-08 0.328011913518464 0.34565214749214 0.334011420014129 -0.00767548102473246
2015-05-11 0.324582765687001 0.344988711150358 0.338235965202344 -0.00780744203970325
2015-05-12 0.320266016711278 0.346956646635806 0.340589892647651 -0.0078125559947349
2015-05-13 0.318118539528781 0.346847930878931 0.342734804128299 -0.00770127453601057
2015-05-14 0.322875786178726 0.347221395190741 0.337426124254709 -0.00752330562417606
2015-05-15 0.321453434481011 0.346109346933759 0.339926514944322 -0.00748929635909177
2015-05-18 0.324547505825258 0.343538017756844 0.339141651526362 -0.00722717510846356
2015-05-19 0.327786506773382 0.341273884177931 0.33797644578514 -0.00703683673645383
2015-05-20 0.324108794191403 0.342130736161974 0.340735755742648 -0.00697528609602545
2015-05-21 0.322903637548043 0.343646906708626 0.340197593111726 -0.00674813736839494
2015-05-22 0.32218685313529 0.343187914448159 0.341397521254392 -0.00677228883784062
2015-05-26 0.316607892052081 0.343496200131403 0.346916707462711 -0.00702079964619616
2015-05-27 0.317777359989042 0.344821610327981 0.344109121464599 -0.00670809178162158
2015-05-28 0.316082348432628 0.346042680944932 0.34466911215992 -0.00679414153748101
2015-05-29 0.31293243513285 0.347289582394043 0.346710882403277 -0.00693289993016985
2015-06-01 0.314754786729261 0.346856575987872 0.345282491168931 -0.00689385388606341
2015-06-02 0.312147073727922 0.34837207897121 0.346484879706718 -0.0070040324058488
2015-06-03 0.315603795122637 0.348098859617508 0.343201368325986 -0.00690402306613082
2015-06-04 0.318058691935166 0.344814542252484 0.344364150494291 -0.00723738468194126
2015-06-05 0.317748128455304 0.344837048814151 0.34462081393423 -0.00720599120368529
2015-06-08 0.313675562992075 0.347976273869563 0.345686256123218 -0.00733809298485557
2015-06-09 0.314968843054211 0.349839704221538 0.342518678688221 -0.00732722596397035
2015-06-10 0.32041025278659 0.348418873418077 0.338139872641216 -0.00696899884588308
2015-06-11 0.319062573581959 0.344994704383043 0.342680190897006 -0.00673746886200779
2015-06-12 0.316671874073029 0.344762366773107 0.345428148045889 -0.00686238889202553
2015-06-15 0.313329162554853 0.345753430293687 0.348133890853961 -0.00721648370250061
2015-06-16 0.313850378469204 0.347751165410426 0.34545984403282 -0.00706138791245076
2015-06-17 0.313094914447404 0.348801810718355 0.34516726527383 -0.00706399043958883
2015-06-18 0.31584870237914 0.351300306944796 0.339694326073992 -0.00684333539792798
2015-06-19 0.31581437425088 0.347895043660685 0.343238942208785 -0.00694836012034975
2015-06-22 0.321063845310359 0.343422353513778 0.342013124822184 -0.00649932364632104
2015-06-23 0.32097461632424 0.340893098672917 0.344413556248594 -0.00628127124575149
2015-06-24 0.318656351435218 0.340852429672259 0.346880359021068 -0.00638914012854488
2015-06-25 0.318884139627443 0.341181443624555 0.346386204832914 -0.0064517880849124
2015-06-26 0.319238524292519 0.341694035330137 0.345474928190539 -0.00640748781319464
2015-06-29 0.316654548808889 0.345445773517312 0.345599118266565 -0.00769944059276556
2015-06-30 0.310627316176991 0.346017343537456 0.350954566885793 -0.00759922660024032
