time value.DAX value.Dow.Jones value.Nikkei
2012-12-31 0.333333333333333 0.333333333333333 0.333333333333333
2013-01-02 0.335371330870067 0.336430997784252 0.328197671345681
2013-01-03 0.335232542725086 0.335760732378792 0.329006724896122
2013-01-04 0.332249243535334 0.335593087689848 0.332157668774818
2013-01-07 0.332571421887639 0.338159171252779 0.329269406859582
2013-01-08 0.33250963224824 0.338488498821636 0.329001868930124
2013-01-09 0.332088479387689 0.337429011730085 0.330482508882226
2013-01-10 0.329798748298882 0.338577077483086 0.331624174218032
2013-01-11 0.329892010161342 0.337607001551276 0.332500988287382
2013-01-14 0.332052677600045 0.333874338886545 0.33407298351341
2013-01-15 0.333406467885693 0.337633358695972 0.328960173418335
2013-01-16 0.336032455186004 0.339457237985659 0.324510306828337
2013-01-17 0.334738839904429 0.339875219580131 0.325385940515439
2013-01-18 0.331663397164126 0.338623576899634 0.32971302593624
2013-01-21 0.335922569262612 0.34090824627889 0.323169184458498
2013-01-22 0.33368897362645 0.342802540827821 0.323508485545729
2013-01-23 0.335072801414093 0.345219149401488 0.319708049184418
2013-01-24 0.333725546418805 0.343326309275744 0.322948144305451
2013-01-25 0.334500139161069 0.340637656013684 0.324862204825248
2013-01-28 0.338920466198938 0.342549295307906 0.318530238493155
2013-01-29 0.338155581122408 0.34313426965511 0.318710149222482
2013-01-30 0.33483254519777 0.340205390459166 0.324962064343064
2013-01-31 0.33554366293312 0.339556201834442 0.324900135232438
2013-02-01 0.336188339523764 0.340271915785631 0.323539744690605
2013-02-04 0.334256543901644 0.341883676845188 0.323859779253169
2013-02-05 0.335332197622279 0.34548549631047 0.319182306067251
2013-02-06 0.327867165958535 0.343357704398887 0.328775129642578
2013-02-07 0.330894107044523 0.34442420367875 0.324681689276727
2013-02-08 0.333207422280922 0.346668333666582 0.320124244052496
2013-02-11 0.331742369235952 0.348772699998281 0.319484930765767
2013-02-12 0.328706183662105 0.3450925399284 0.326201276409495
2013-02-13 0.333260557446603 0.345788579145884 0.320950863407513
2013-02-14 0.330451327938273 0.345208832443278 0.324339839618449
2013-02-15 0.329397546463584 0.347779899972831 0.322822553563585
2013-02-18 0.328187547480439 0.344902648480288 0.326909804039273
2013-02-19 0.331667892105363 0.345429438738267 0.322902669156369
2013-02-20 0.330773472951108 0.342628823785719 0.326597703263173
2013-02-21 0.328839189343638 0.345233826873207 0.325926983783155
2013-02-22 0.326586991672115 0.346306226403676 0.327106781924209
2013-02-25 0.328358585587254 0.33892016515106 0.332721249261686
2013-02-26 0.32558781929378 0.346295585608938 0.328116595097282
2013-02-27 0.323437886836756 0.348413673141223 0.328148440022021
2013-02-28 0.322614885022456 0.343717167656579 0.333667947320965
2013-03-01 0.322192188610821 0.3446222194988 0.333185591890379
2013-03-04 0.320741164808766 0.347410610132652 0.331848225058582
2013-03-05 0.324157059518457 0.346493327689827 0.329349612791716
2013-03-06 0.32312971197272 0.343593283668774 0.333277004358506
2013-03-07 0.323324924447073 0.343686968995487 0.33298810655744
2013-03-08 0.322109704041759 0.342182180386159 0.335708115572082
2013-03-11 0.322662915514503 0.344694377305365 0.332642707180132
2013-03-12 0.322630052238795 0.345458497900435 0.331911449860769
2013-03-13 0.323838293414034 0.346110257235142 0.330051449350824
2013-03-14 0.323586174476127 0.344680341008553 0.33173348451532
2013-03-15 0.321369465638864 0.343445595464739 0.335184938896396
2013-03-18 0.324846682497885 0.344118644828051 0.331034672674064
2013-03-19 0.318097875411281 0.343534554851594 0.338367569737124
2013-03-20 0.319158717277046 0.343643950702658 0.337197332020296
2013-03-21 0.316605980369823 0.342377406057981 0.341016613572196
2013-03-22 0.318369961183163 0.346942994394897 0.33468704442194
2013-03-25 0.315832074086737 0.342716644062113 0.34145128185115
2013-03-26 0.315632166910361 0.345379910357633 0.338987922732006
2013-03-27 0.311148595290378 0.346365881098608 0.342485523611013
2013-03-28 0.311759783035413 0.349296027953296 0.338944189011291
2013-03-29 0.310704044087452 0.34811317679306 0.341182779119488
2013-04-01 0.313237490336749 0.350732565952647 0.336029943710604
2013-04-02 0.317218248112191 0.350761927964953 0.332019823922856
2013-04-03 0.312852489442272 0.345585252543668 0.34156225801406
2013-04-04 0.308380053507304 0.344969720122947 0.346650226369748
2013-04-05 0.304722304115187 0.346317295146328 0.348960400738486
2013-04-08 0.306982081346733 0.346011945314723 0.347005973338544
2013-04-09 0.30726968557869 0.348579884370391 0.344150430050919
2013-04-10 0.311644932517362 0.347405377312916 0.340949690169722
2013-04-11 0.311490421085766 0.345239352966476 0.343270225947758
2013-04-12 0.308919799738516 0.347810605262503 0.343269594998981
2013-04-15 0.310705233972952 0.344390860164385 0.344903905862663
2013-04-16 0.308133966793974 0.3474521195869 0.344413913619126
2013-04-17 0.302610912120297 0.345589603079701 0.351799484800002
2013-04-18 0.30468492462723 0.34658223080464 0.34873284456813
2013-04-19 0.302383185452389 0.346905690799938 0.350711123747672
2013-04-22 0.302262787560804 0.346366896557672 0.351370315881524
2013-04-23 0.306688413172436 0.346681378784395 0.346630208043169
2013-04-24 0.30617061784642 0.341460436135242 0.352368946018339
2013-04-25 0.30748255835448 0.340781763635761 0.351735678009759
2013-04-26 0.307598590711623 0.341133487454519 0.351267921833858
2013-04-29 0.30841375917392 0.34201500094729 0.34957123987879
2013-04-30 0.308567935073467 0.3398095982693 0.351622466657233
2013-05-01 0.31047077249777 0.337775949008223 0.351753278494006
2013-05-02 0.312502045792174 0.339025335263714 0.348472618944112
2013-05-03 0.315412382436042 0.339823235412946 0.344764382151012
2013-05-06 0.314989376874688 0.340275268432294 0.344735354693018
2013-05-07 0.313732570827863 0.338299905970177 0.34796752320196
2013-05-08 0.313935298542899 0.337259469382552 0.348805232074549
2013-05-09 0.315529454259086 0.336988356140726 0.347482189600189
2013-05-10 0.312911496690166 0.334134401138665 0.352954102171169
2013-05-13 0.312195929183312 0.3363628178106 0.351441253006089
2013-05-14 0.313012657043409 0.337955345027403 0.349031997929187
2013-05-15 0.310790629876802 0.335769004971225 0.353440365151974
2013-05-16 0.310930401243815 0.336867580835387 0.352202017920798
2013-05-17 0.309742592757049 0.33756215865201 0.35269524859094
2013-05-20 0.310038806752618 0.336252671715442 0.35370852153194
2013-05-21 0.30956041990862 0.335809422586453 0.354630157504926
2013-05-22 0.310283652907989 0.331757284169522 0.357959062922489
2013-05-23 0.314830067223436 0.342932364873046 0.342237567903518
2013-05-24 0.311474471640314 0.342090734385898 0.346434793973788
2013-05-27 0.316479966358551 0.344355057781816 0.339164975859633
2013-05-28 0.317124702793772 0.342048473665189 0.340826823541039
2013-05-29 0.314498780729794 0.34349703883477 0.342004180435436
2013-05-30 0.321247893951056 0.348921889029895 0.329830217019048
2013-05-31 0.32084335330611 0.343395492181126 0.335761154512764
2013-06-03 0.321801790469304 0.349951215830505 0.328246993700191
2013-06-04 0.32056644566783 0.345690260000474 0.333743294331696
2013-06-05 0.324317709569179 0.347705280200994 0.327977010229827
2013-06-06 0.321841856871482 0.350825799506095 0.327332343622424
2013-06-07 0.324652333865887 0.350336603682637 0.325011062451476
2013-06-10 0.321014825336973 0.342008088566568 0.33697708609646
2013-06-11 0.322165880761351 0.344243555969021 0.333590563269628
2013-06-12 0.321165017043061 0.342078788081373 0.336756194875566
2013-06-13 0.324712122186684 0.35111958945612 0.324168288357195
2013-06-14 0.323116517980129 0.34478873355412 0.332094748465751
2013-06-17 0.321110063732643 0.341326099098024 0.337563837169333
2013-06-18 0.321317768643815 0.344238120989661 0.334444110366523
2013-06-19 0.320936602074169 0.339681258890844 0.339382139034987
2013-06-20 0.318659886625696 0.340303434838972 0.341036678535332
2013-06-21 0.312617308648334 0.344522736268149 0.342859955083518
2013-06-24 0.311027852558404 0.346817412074749 0.342154735366846
2013-06-25 0.31420936125858 0.347882682358628 0.337907956382792
2013-06-26 0.317430181046929 0.3490050737394 0.333564745213671
2013-06-27 0.31385231681373 0.347327262185649 0.338820421000621
2013-06-28 0.310231759720547 0.342491171942523 0.347277068336929
2013-07-01 0.309944232594122 0.343084561536736 0.346971205869142
2013-07-02 0.307226706903056 0.341563284141013 0.35121000895593
2013-07-03 0.305435137478435 0.344416343401028 0.350148519120537
2013-07-04 0.309901715616907 0.342240798711499 0.347857485671594
2013-07-05 0.300728988985119 0.345163788342448 0.354107222672432
2013-07-08 0.305026613370051 0.348759626066055 0.346213760563894
2013-07-09 0.304342582378771 0.345484798122432 0.350172619498797
2013-07-10 0.304973213318523 0.345629820458919 0.349396966222558
2013-07-11 0.304790970554776 0.34599528597337 0.349213743471854
2013-07-12 0.308528603017056 0.341302221497131 0.350169175485813
2013-07-15 0.308956588885241 0.34132699628039 0.349716414834369
2013-07-16 0.307956418968856 0.341273126314907 0.350770454716237
2013-07-17 0.309806416680208 0.340304031721742 0.34988955159805
2013-07-18 0.310451436314718 0.33836463536978 0.351183928315502
2013-07-19 0.312122980784261 0.341189724047288 0.346687295168451
2013-07-22 0.312764500337423 0.340937056676029 0.346298442986548
2013-07-23 0.310933054473255 0.339440007353348 0.349626938173396
2013-07-24 0.313307242592751 0.338108695716658 0.348584061690591
2013-07-25 0.313047179056951 0.340866744987917 0.346086075955132
2013-07-26 0.314777935561864 0.345096598251798 0.340125466186338
2013-07-29 0.318290202136354 0.345876526178201 0.335833271685445
2013-07-30 0.316543629276167 0.3435787973225 0.339877573401334
2013-07-31 0.31840106983418 0.345205797593083 0.336393132572737
2013-08-01 0.318379408288595 0.342338034778623 0.339282556932782
2013-08-02 0.315027129454182 0.339928428514176 0.345044442031642
2013-08-05 0.317455399792988 0.341164628507833 0.341379971699179
2013-08-06 0.313952992940403 0.339675578184811 0.346371428874787
2013-08-07 0.317198392271473 0.343516450731581 0.339285156996946
2013-08-08 0.319589464207507 0.343537435644831 0.336873100147662
2013-08-09 0.32065200609545 0.340956871706951 0.338391122197599
2013-08-12 0.321553844628538 0.341339245256301 0.337106910115161
2013-08-13 0.319920152416226 0.338771792175597 0.341308055408177
2013-08-14 0.320723539568671 0.336946377731538 0.342330082699792
2013-08-15 0.323171159141738 0.337631494594083 0.339197346264179
2013-08-16 0.324671308041913 0.337242059917328 0.338086632040759
2013-08-19 0.323996958641026 0.334906166423708 0.341096874935266
2013-08-20 0.32562351066935 0.338819663372592 0.335556825958058
2013-08-21 0.326054165920923 0.336468808923331 0.337477025155746
2013-08-22 0.32947432654541 0.33648201198384 0.33404366147075
2013-08-23 0.327273282952774 0.335846711636839 0.336880005410387
2013-08-26 0.329525433936565 0.334985794725787 0.335488771337648
2013-08-27 0.326208802327046 0.335645608479399 0.338145589193555
2013-08-28 0.324257140706242 0.338355346674911 0.337387512618847
2013-08-29 0.323530114300512 0.336660966997298 0.33980891870219
2013-08-30 0.321270630721705 0.339440163972671 0.339289205305624
2013-09-02 0.323196614823291 0.335646202733246 0.341157182443463
2013-09-03 0.318231796983098 0.335518667161028 0.346249535855874
2013-09-04 0.317481158193557 0.337003364250683 0.34551547755576
2013-09-05 0.318537664055121 0.336593382094759 0.34486895385012
2013-09-06 0.321480941606528 0.337925001518675 0.340594056874797
2013-09-09 0.317107206435211 0.336186922619278 0.346705870945511
2013-09-10 0.319860624832883 0.33451061409938 0.345628761067737
2013-09-11 0.32146588754937 0.335876902728987 0.342657209721642
2013-09-12 0.322479821421996 0.3359273275971 0.341592850980905
2013-09-13 0.321849124310669 0.335604646736943 0.342546228952389
2013-09-16 0.32358652356879 0.33615982567619 0.340253650755021
2013-09-17 0.323944211460888 0.336351762413047 0.339704026126065
2013-09-18 0.322567337805314 0.336843230231401 0.340589431963285
2013-09-19 0.322511287027011 0.333022678670758 0.344466034302232
2013-09-20 0.325926305087345 0.329324327233956 0.344749367678698
2013-09-23 0.325743819405244 0.329812437905219 0.344443742689537
2013-09-24 0.326488519151923 0.328237965283092 0.345273515564985
2013-09-25 0.327168929337284 0.328223230485701 0.344607840177015
2013-09-26 0.325244782708618 0.327380957545549 0.347374259745832
2013-09-27 0.32630809896729 0.326805629371506 0.346886271661203
2013-09-30 0.327541137190974 0.327379959446556 0.34507890336247
2013-10-01 0.328695180746894 0.326621789744707 0.344683029508399
2013-10-02 0.330714985812261 0.328945763747606 0.340339250440133
2013-10-03 0.330539099133743 0.326826868589499 0.342634032276758
2013-10-04 0.332581847725282 0.328077275266182 0.339340877008535
2013-10-07 0.333336163124596 0.328171200462585 0.338492636412819
2013-10-08 0.332962247068957 0.325338793631309 0.341698959299734
2013-10-09 0.330537944687292 0.32494151718186 0.344520538130848
2013-10-10 0.331107035654617 0.326949667151027 0.341943297194356
2013-10-11 0.329934856979656 0.327270461448869 0.342794681571475
2013-10-14 0.33074929691772 0.328889855262822 0.340360847819458
2013-10-15 0.333482725648921 0.32515750704735 0.341359767303728
2013-10-16 0.332538820009109 0.327938959376552 0.339522220614339
2013-10-17 0.330689750807707 0.327473264252617 0.341836984939676
2013-10-18 0.332990065235153 0.326465512968597 0.34054442179625
2013-10-21 0.332787231906742 0.324077416388179 0.343135351705079
2013-10-22 0.334352774956594 0.324501054916424 0.341146170126982
2013-10-23 0.337012106973339 0.326178436187944 0.336809456838717
2013-10-24 0.337647474524134 0.325012594533312 0.337339930942554
2013-10-25 0.340616382773338 0.3284973070346 0.330886310192062
2013-10-28 0.338177941298251 0.326185686124437 0.335636372577313
2013-10-29 0.339256100875736 0.328029964620837 0.332713934503427
2013-10-30 0.337698427359352 0.326375640865903 0.335925931774745
2013-10-31 0.340343624627507 0.327083739430753 0.33257263594174
2013-11-01 0.339055939440177 0.33008198080533 0.330862079754493
2013-11-04 0.338086921745097 0.333069899799896 0.328843178455007
2013-11-05 0.336429401059458 0.331707438826259 0.331863160114284
2013-11-06 0.33504881913167 0.332069716281422 0.332881464586908
2013-11-07 0.338347244143901 0.330320352029501 0.331332403826598
2013-11-08 0.337716732290819 0.334120508021244 0.328162759687937
2013-11-11 0.335604179961812 0.334002553936487 0.330393266101701
2013-11-12 0.33288119272577 0.331432582984224 0.335686224290006
2013-11-13 0.332944753797056 0.333113410274883 0.333941835928061
2013-11-14 0.332921435785813 0.330110483365259 0.336968080848928
2013-11-15 0.331334977824946 0.328959698106283 0.33970532406877
2013-11-18 0.333688167541983 0.328748009754898 0.337563822703119
2013-11-19 0.333261652157575 0.329119547648864 0.337618800193561
2013-11-20 0.334295638321817 0.32819064196478 0.337513719713403
2013-11-21 0.331455651107938 0.327728792389845 0.340815556502217
2013-11-22 0.330963156854351 0.329420007591982 0.339616835553667
2013-11-25 0.333713333492453 0.326608316055317 0.33967835045223
2013-11-26 0.334168748048203 0.328108955643202 0.337722296308595
2013-11-27 0.335929659383627 0.327869271428022 0.336201069188351
2013-11-28 0.335376440245632 0.326065661346515 0.338557898407853
2013-11-29 0.337343865655984 0.325999720598469 0.336656413745548
2013-12-02 0.338148208403986 0.325243551851477 0.336608239744538
2013-12-03 0.333784026087685 0.325839948240363 0.340376025671953
2013-12-04 0.334438155183105 0.329114446941094 0.336447397875801
2013-12-05 0.335190627562623 0.329964299591493 0.334845072845884
2013-12-06 0.33515898849509 0.330113369146859 0.334727642358052
2013-12-09 0.335516443408691 0.327543859207237 0.336939697384071
2013-12-10 0.334544708978698 0.328195118158861 0.337260172862441
2013-12-11 0.335838982024625 0.327229043455058 0.336931974520317
2013-12-12 0.33611212111567 0.327131655708278 0.336756223176052
2013-12-13 0.335536773957395 0.327165989575233 0.337297236467371
2013-12-16 0.340350313706508 0.329610689669941 0.330038996623552
2013-12-17 0.337532033482171 0.329127148546269 0.33334081797156
2013-12-18 0.335577357983833 0.329675395554273 0.334747246461894
2013-12-19 0.337361195011348 0.326185051112025 0.336453753876628
2013-12-20 0.338254736042653 0.327819078977842 0.333926184979505
2013-12-23 0.339872239098434 0.327715731549101 0.332412029352464
2013-12-24 0.339453843682998 0.328264491425088 0.332281664891914
2013-12-25 0.338821582666154 0.327653071507462 0.333525345826384
2013-12-26 0.336786000290635 0.328240151547867 0.334973848161498
2013-12-27 0.339670042264634 0.327478054375581 0.332851903359784
2013-12-30 0.339373117932835 0.327427672948562 0.333199209118602
2013-12-31 0.339024033906408 0.32811949043081 0.332856475662782
2014-01-02 0.336509919659595 0.327755337007471 0.335734743332934
2014-01-03 0.336571543623966 0.328881805570253 0.334546650805781
2014-01-06 0.336702664198288 0.331430832394342 0.33186650340737
2014-01-07 0.338384172783577 0.332083647042563 0.32953218017386
2014-01-08 0.336760364018592 0.328908641815015 0.334330994166393
2014-01-09 0.336858940430375 0.331840404808494 0.331300654761131
2014-01-10 0.337684268179932 0.331074743764577 0.331240988055491
2014-01-13 0.340385867288232 0.326832828105531 0.332781304606238
2014-01-14 0.342957236064478 0.330716034151161 0.326326729784361
2014-01-15 0.34414695933585 0.327252347937647 0.328600692726504
2014-01-16 0.34485220749074 0.328228603132084 0.326919189377176
2014-01-17 0.345188745793231 0.328937161846885 0.325874092359884
2014-01-20 0.344353188127432 0.329054841591206 0.326591970281361
2014-01-21 0.343164555688078 0.328129006358552 0.32870643795337
2014-01-22 0.343395804735129 0.327865265769107 0.328738929495764
2014-01-23 0.343491548293631 0.327190494860256 0.329317956846113
2014-01-24 0.342867242381097 0.327096731740722 0.330036025878181
2014-01-27 0.344252904442656 0.327357358045516 0.328389737511828
2014-01-28 0.3453190788613 0.328201942660059 0.326478978478641
2014-01-29 0.342099164143201 0.324014400348624 0.333886435508175
2014-01-30 0.344933158853959 0.327832318551289 0.327234522594751
2014-01-31 0.343886851403164 0.327230149573107 0.328882999023729
2014-02-03 0.343043189473009 0.326823314682934 0.330133495844057
2014-02-04 0.345878412421468 0.332882209739661 0.321239377838871
2014-02-05 0.343933589635882 0.330907055370536 0.325159354993582
2014-02-06 0.346344549075842 0.332081480344803 0.321573970579355
2014-02-07 0.344555124765062 0.331551258130289 0.323893617104649
2014-02-10 0.344539482308641 0.330009446095695 0.325451071595664
2014-02-11 0.347682943914878 0.330442003722894 0.321875052362228
2014-02-12 0.349140526677063 0.328411606132623 0.322447867190313
2014-02-13 0.351493472893328 0.331045881414646 0.317460645692027
2014-02-14 0.353890408167641 0.333071292005739 0.31303829982662
2014-02-17 0.353170130538585 0.332587542607319 0.314242326854096
2014-02-18 0.350619925591506 0.327981373957992 0.321398700450503
2014-02-19 0.352779289001012 0.327676012627863 0.319544698371125
2014-02-20 0.353948229263476 0.331353220085817 0.314698550650707
2014-02-21 0.351235366316274 0.32767086825016 0.321093765433566
2014-02-24 0.352608836706661 0.328917069495732 0.318474093797608
2014-02-25 0.350886096518571 0.32712583562906 0.32198806785237
2014-02-26 0.350467666744631 0.328268567164824 0.321263766090545
2014-02-27 0.348200105957429 0.330628714555307 0.321171179487264
2014-02-28 0.350106623819449 0.330836241367229 0.319057134813322
2014-03-03 0.346220671928195 0.332703760286196 0.321075567785609
2014-03-04 0.348647308724528 0.332369281347925 0.318983409927546
2014-03-05 0.346461824778745 0.33184511232109 0.321693062900165
2014-03-06 0.344635068531097 0.331576394496738 0.323788536972165
2014-03-07 0.3398793605803 0.333471779646034 0.326648859773667
2014-03-10 0.341533196236949 0.334803147291114 0.323663656471937
2014-03-11 0.342221187787202 0.332557865510464 0.325220946702334
2014-03-12 0.342081199048431 0.336864547772937 0.321054253178632
2014-03-13 0.339330731800278 0.335453560499254 0.325215707700469
2014-03-14 0.344605956554316 0.337236147937971 0.318157895507713
2014-03-17 0.345463156135305 0.337429530484771 0.317107313379924
2014-03-18 0.34557524988358 0.337147469053499 0.317277281062921
2014-03-19 0.347008324680079 0.334691845760408 0.318299829559514
2014-03-20 0.348383561394487 0.337798016961191 0.313818421644322
2014-03-21 0.348818437057297 0.338546014681557 0.312635548261146
2014-03-24 0.34297354137225 0.338210844865251 0.318815613762499
2014-03-25 0.346538725790689 0.338036769245824 0.315424504963487
2014-03-26 0.349829417373419 0.334599204214694 0.315571378411887
2014-03-27 0.348550292067461 0.333595792017316 0.317853915915222
2014-03-28 0.350047144271977 0.33233781945583 0.317615036272194
2014-03-31 0.347868946268068 0.334471922251863 0.317659131480069
2014-04-01 0.349208671383235 0.335244719777299 0.315546608839466
2014-04-02 0.348931714286428 0.33464971976547 0.316418565948102
2014-04-03 0.348557816856212 0.334068281927517 0.317373901216271
2014-04-04 0.350843488866524 0.331678522298514 0.317477988834962
2014-04-07 0.348154234104383 0.333166801140084 0.318678964755534
2014-04-08 0.349247331966559 0.334788947357069 0.315963720676372
2014-04-09 0.350741729219793 0.338201490702583 0.311056780077624
2014-04-10 0.351415373899495 0.334300278105743 0.314284347994762
2014-04-11 0.352496387606739 0.335813360680207 0.311690251713054
2014-04-14 0.352594199191768 0.337647434732669 0.309758366075564
2014-04-15 0.346458088318342 0.340823444913669 0.312718466767989
2014-04-16 0.345352193409618 0.338430565210696 0.316217241379686
2014-04-17 0.348275622441485 0.337333802940349 0.314390574618166
2014-04-18 0.347597266143566 0.33667675864847 0.315725975207964
2014-04-21 0.347327663010114 0.337543328127842 0.315129008862043
2014-04-22 0.352492042367586 0.337122504234877 0.310385453397538
2014-04-23 0.349936340789279 0.336598511695278 0.313465147515443
2014-04-24 0.351300004899549 0.337238181795955 0.311461813304496
2014-04-25 0.34853628131858 0.336909846083081 0.314553872598339
2014-04-28 0.350032247641932 0.338326974547496 0.311640777810572
2014-04-29 0.353021418705505 0.337741004381573 0.309237576912922
2014-04-30 0.353294796111305 0.33830641881761 0.308398785071085
2014-05-01 0.351697595547824 0.336622512048757 0.311679892403419
2014-05-02 0.351616446382798 0.336295914376828 0.312087639240374
2014-05-05 0.350865346854607 0.336847024942404 0.312287628202988
2014-05-06 0.350131254760388 0.335618697461559 0.314250047778053
2014-05-07 0.35418006589359 0.339219056571887 0.306600877534523
2014-05-08 0.355028430118715 0.337257885062532 0.307713684818753
2014-05-09 0.353650298356949 0.338027221574516 0.308322480068535
2014-05-12 0.353813722010476 0.339717924557648 0.306468353431876
2014-05-13 0.352976499553069 0.337487062220943 0.309536438225988
2014-05-14 0.353702810576899 0.336766282396581 0.30953090702652
2014-05-15 0.352750740324738 0.336430016733858 0.310819242941404
2014-05-16 0.352925666817743 0.338723933079243 0.308350400103015
2014-05-19 0.353794781724347 0.339088304416751 0.307116913858902
2014-05-20 0.353895169969729 0.336674329904881 0.30943050012539
2014-05-21 0.354289237269592 0.338426692697595 0.307284070032814
2014-05-22 0.352116940343483 0.336052094858406 0.311830964798111
2014-05-23 0.351859285361902 0.336003410392046 0.312137304246052
2014-05-26 0.353757303361494 0.333553919374015 0.312688777264491
2014-05-27 0.353812623685301 0.334235126882681 0.311952249432018
2014-05-28 0.353996482246563 0.333395432914091 0.312608084839347
2014-05-29 0.35293344512046 0.334350644025473 0.312715910854067
2014-05-30 0.352828411564399 0.334768019947043 0.312403568488557
2014-06-02 0.351074018489433 0.332691827846214 0.316234153664353
2014-06-03 0.349890904842828 0.332626747176988 0.317482347980184
2014-06-04 0.350005289571433 0.332854128217014 0.317140582211553
2014-06-05 0.349999583000284 0.33404784672078 0.315952570278936
2014-06-06 0.350100332845329 0.334717622278756 0.315182044875915
2014-06-09 0.350637136713802 0.334074645284558 0.31528821800164
2014-06-10 0.35170950514511 0.334944578036032 0.313345916818858
2014-06-11 0.348976451192037 0.334337510402357 0.316686038405605
2014-06-12 0.349428896995601 0.333749838191483 0.316821264812916
2014-06-13 0.347508950387978 0.333459387870833 0.31903166174119
2014-06-16 0.34813534952559 0.335092626835048 0.316772023639362
2014-06-17 0.348369687188637 0.334513459634935 0.317116853176427
2014-06-18 0.347244739709478 0.334769986606168 0.317985273684354
2014-06-19 0.347202828058347 0.332531776414212 0.320265395527441
2014-06-20 0.347245878878635 0.332434192262134 0.320319928859231
2014-06-23 0.345720273014999 0.33321347697813 0.321066250006871
2014-06-24 0.346662527889726 0.331296154184134 0.32204131792614
2014-06-25 0.345662408276267 0.333450868378733 0.320886723345001
2014-06-26 0.344186026843262 0.333437312385748 0.32237666077099
2014-06-27 0.345828078900626 0.334717223438801 0.319454697660573
2014-06-30 0.346055598564422 0.333142083345379 0.320802318090199
2014-07-01 0.345700560218718 0.332695790029763 0.321603649751519
2014-07-02 0.346036984878909 0.332460584187746 0.321502430933345
2014-07-03 0.348053741008633 0.332784669092937 0.31916158989843
2014-07-04 0.347119649772988 0.332566329990723 0.320314020236289
2014-07-07 0.344627621714266 0.334513630063214 0.32085874822252
2014-07-08 0.342739472395331 0.334892801421409 0.32236772618326
2014-07-09 0.342976179739754 0.335198941356727 0.32182487890352
2014-07-10 0.340796681678027 0.336433680414041 0.322769637907932
2014-07-11 0.341000295009965 0.336831489744772 0.322168215245263
2014-07-14 0.34160184511096 0.336041695955558 0.322356458933481
2014-07-15 0.339662807033603 0.336226688760192 0.324110504206205
2014-07-16 0.342405722121373 0.335972790086818 0.321621487791809
2014-07-17 0.340347067858118 0.33573993114703 0.323913000994851
2014-07-18 0.339269866451855 0.338783889276704 0.321946244271441
2014-07-21 0.336894917814486 0.339302578115991 0.323802504069523
2014-07-22 0.33841292743417 0.337695001260933 0.323892071304898
2014-07-23 0.338838648742806 0.337646481801948 0.323514869455246
2014-07-24 0.33950960012809 0.337685858514954 0.322804541356957
2014-07-25 0.335843110814294 0.336789320488735 0.327367568696971
2014-07-28 0.333786523130112 0.33763984090081 0.328573635969078
2014-07-29 0.334959838993927 0.335382150401434 0.329658010604638
2014-07-30 0.333631838275785 0.335683804635233 0.330684357088982
2014-07-31 0.33153538927032 0.334484875287445 0.333979735442235
2014-08-01 0.328374773339465 0.337144231630639 0.334480995029896
2014-08-04 0.327285221965829 0.338623592786279 0.334091185247892
2014-08-05 0.329993807013545 0.337484869838868 0.332521323147587
2014-08-06 0.329276579497611 0.339821787842429 0.33090163265996
2014-08-07 0.326272932466472 0.339423052171956 0.334304015361572
2014-08-08 0.327467101162063 0.345456464772921 0.327076434065016
2014-08-11 0.329443945100086 0.34036533149468 0.330190723405234
2014-08-12 0.326401366023002 0.341648613204699 0.3319500207723
2014-08-13 0.32818775667378 0.341291196492077 0.330521046834143
2014-08-14 0.327834807698959 0.341165378276482 0.330999814024559
2014-08-15 0.325116884792314 0.342175414629764 0.332707700577922
2014-08-18 0.327946801329297 0.342214796687839 0.329838401982864
2014-08-19 0.328442529297265 0.341580265352615 0.32997720535012
2014-08-20 0.327159239581007 0.343165602463147 0.329675157955846
2014-08-21 0.327692051433942 0.342938072711182 0.329369875854876
2014-08-22 0.326870143592081 0.344443492272609 0.32868636413531
2014-08-25 0.329639535717219 0.343178195456453 0.327182268826328
2014-08-26 0.331288743221497 0.343828955389618 0.324882301388885
2014-08-27 0.33046660325372 0.34407449179958 0.325458904946699
2014-08-28 0.328533354721986 0.345470317893262 0.325996327384752
2014-08-29 0.32884019220914 0.345556142569409 0.325603665221451
2014-09-01 0.32852904723825 0.344906484457411 0.326564468304339
2014-09-02 0.327660573346022 0.343952813951167 0.328386612702811
2014-09-03 0.330457468330207 0.34298166321948 0.326560868450313
2014-09-04 0.333559023321293 0.342154362593591 0.324286614085116
2014-09-05 0.332613805486155 0.343307439237966 0.324078755275879
2014-09-08 0.330728189152497 0.343824811014781 0.325446999832723
2014-09-09 0.330053460408862 0.34312153134351 0.326825008247628
2014-09-10 0.329328195801398 0.344990401345021 0.325681402853581
2014-09-11 0.329290836323921 0.344068622494393 0.326640541181685
2014-09-12 0.328819570778288 0.343867624249469 0.327312804972244
2014-09-15 0.329856820442073 0.344467783985544 0.325675395572384
2014-09-16 0.328401697554858 0.346415795742661 0.325182506702481
2014-09-17 0.328985198755246 0.346427268836798 0.324587532407956
2014-09-18 0.330446218705061 0.345269542888938 0.324284238406002
2014-09-19 0.328802848385998 0.345601282308016 0.325595869305985
2014-09-22 0.328625138208038 0.346396490112986 0.324978371678977
2014-09-23 0.326014150169631 0.346397910015935 0.327587939814434
2014-09-24 0.326880697289856 0.34757050231177 0.325548800398374
2014-09-25 0.323243585222182 0.344744632034218 0.332011782743599
2014-09-26 0.321613291629135 0.349227000468319 0.329159707902546
2014-09-29 0.318913630312454 0.349709597885812 0.331376771801734
2014-09-30 0.321336563193864 0.349846259557546 0.32881717724859
2014-10-01 0.320881299282212 0.348790667421458 0.33032803329633
2014-10-02 0.318765352450752 0.354500056293639 0.326734591255609
2014-10-03 0.316676980847771 0.355676872829539 0.32764614632269
2014-10-06 0.314715173344981 0.356264572014644 0.329020254640375
2014-10-07 0.314619248520863 0.354124072893094 0.331256678586043
2014-10-08 0.312493006734453 0.358809036290351 0.328697956975196
2014-10-09 0.315974385337745 0.354346865757416 0.329678748904839
2014-10-10 0.313471492962908 0.355928088914297 0.330600418122794
2014-10-13 0.313647952000893 0.353104381945029 0.333247666054078
2014-10-14 0.316899938380522 0.354884231385034 0.328215830234444
2014-10-15 0.310884265078275 0.354231741566693 0.334883993355031
2014-10-16 0.313500076017214 0.356046702127849 0.330453221854937
2014-10-17 0.32080123790007 0.356155582475419 0.323043179624511
2014-10-20 0.313497786775582 0.354889758847219 0.331612454377199
2014-10-21 0.318646042754322 0.358211255349435 0.323142701896243
2014-10-22 0.318055458443726 0.351971681364638 0.329972860191636
2014-10-23 0.318492665904132 0.35511439906293 0.326392935032937
2014-10-24 0.31492380275209 0.357457794435079 0.327618402812831
2014-10-27 0.31304997916019 0.3583468758321 0.32860314500771
2014-10-28 0.316333279257061 0.358783739553725 0.324882981189214
2014-10-29 0.315808056310458 0.356332867893003 0.327859075796539
2014-10-30 0.314838947034199 0.358320426445046 0.326840626520755
2014-10-31 0.312460815695189 0.354761890238688 0.332777294066123
2014-11-03 0.310140298218138 0.356870076969859 0.332989624812003
2014-11-04 0.307855726149161 0.358842835200328 0.333301438650511
2014-11-05 0.311003292883625 0.358005293867533 0.330991413248842
2014-11-06 0.313409627498421 0.359912575548465 0.326677796953114
2014-11-07 0.31045925280467 0.36147772999639 0.32806301719894
2014-11-10 0.311800301948231 0.362018975842414 0.326180722209355
2014-11-11 0.310067593960617 0.359111988416411 0.330820417622973
2014-11-12 0.30636541064359 0.361786901791447 0.331847687564962
2014-11-13 0.306407940058317 0.360329032614241 0.333263027327441
2014-11-14 0.30609419098891 0.359592979269704 0.334312829741386
2014-11-17 0.312041451871094 0.362735407332269 0.325223140796637
2014-11-18 0.312633016395592 0.359008170214578 0.32835881338983
2014-11-19 0.313584698990741 0.359727720136753 0.326687580872506
2014-11-20 0.314871212838376 0.360332208133068 0.324796579028555
2014-11-21 0.320360045696112 0.358942585506684 0.320697368797204
2014-11-24 0.318548557187685 0.359406915351753 0.322044527460562
2014-11-25 0.320389537505614 0.358274689394221 0.321335773100165
2014-11-26 0.322257491724371 0.357579370055823 0.320163138219806
2014-11-27 0.324465047124585 0.357888159687237 0.317646793188178
2014-11-28 0.323705091939473 0.355417414881776 0.320877493178751
2014-12-01 0.323101470190981 0.355485074417412 0.321413455391607
2014-12-02 0.321484168710408 0.356517667934298 0.321998163355295
2014-12-03 0.32155236297098 0.356559928966288 0.321887708062732
2014-12-04 0.317045875122673 0.358146144973318 0.324807979904009
2014-12-05 0.321744069157871 0.356526209318931 0.321729721523198
2014-12-08 0.321303159315506 0.357900734270055 0.320796106414439
2014-12-09 0.317231560921603 0.36031137034141 0.322457068736987
2014-12-10 0.321486695692175 0.35762054154482 0.320892762763005
2014-12-11 0.323422131401246 0.357439555032044 0.31913831356671
2014-12-12 0.318980608746172 0.354785273476565 0.326234117777264
2014-12-15 0.316067828816243 0.358466809840386 0.325465361343371
2014-12-16 0.323567700460901 0.356304057299589 0.32012824223951
2014-12-17 0.320325396321168 0.358379870600773 0.321294733078059
2014-12-18 0.320914998906076 0.358219030052379 0.320865971041544
2014-12-19 0.316544637884507 0.359062900084376 0.324392462031117
2014-12-22 0.316393197514189 0.361642417809993 0.321964384675818
2014-12-23 0.317382417162962 0.361480807438222 0.321136775398817
2014-12-24 0.316284186274345 0.361324400944653 0.322391412781002
2014-12-25 0.316488646753792 0.36155797746684 0.321953375779368
2014-12-26 0.316137647502897 0.362191182717246 0.321671169779857
2014-12-29 0.316552622697551 0.362558937583076 0.320888439719373
2014-12-30 0.315997707368151 0.365200487903458 0.318801804728391
2014-12-31 0.31606065155683 0.362887036120239 0.321052312322931
2015-01-02 0.314078433011062 0.363936975356718 0.321984591632219
2015-01-05 0.308697305693866 0.364845300334168 0.326457393971966
2015-01-06 0.311156204005963 0.367019910017459 0.321823885976579
2015-01-07 0.309696318973287 0.368259557659567 0.322044123367146
2015-01-08 0.311757388464846 0.367517712371698 0.320724899163456
2015-01-09 0.308110318247843 0.368333735800129 0.323555945952029
2015-01-12 0.312004371378752 0.364818672231672 0.323176956389575
2015-01-13 0.315565351120885 0.362671225648815 0.321763423230301
2015-01-14 0.315112082122308 0.363666343229299 0.321221574648393
2015-01-15 0.317118868615032 0.356840366468834 0.326040764916133
2015-01-16 0.319095948059848 0.360122016572751 0.320782035367401
2015-01-19 0.318740565564391 0.357101620238729 0.32415781419688
2015-01-20 0.315705246088276 0.357197761614373 0.327096992297351
2015-01-21 0.317568083948556 0.358820238649633 0.323611677401811
2015-01-22 0.318035836257638 0.360085527560098 0.321878636182263
2015-01-23 0.321803951193604 0.354995426435381 0.323200622371015
2015-01-26 0.318303338137001 0.357018683997893 0.324677977865106
2015-01-27 0.315467593347838 0.353152256001867 0.331380150650295
2015-01-28 0.319669053988332 0.348833637704579 0.331497308307089
2015-01-29 0.320766756250495 0.352019641079888 0.327213602669616
2015-01-30 0.32018894131748 0.349252487677952 0.330558571004568
2015-02-02 0.321761244811494 0.350966914953602 0.327271840234904
2015-02-03 0.323020429350591 0.355332189399684 0.321647381249726
2015-02-04 0.322337643484482 0.352278222836029 0.325384133679489
2015-02-05 0.323417857508149 0.355670603328272 0.320911539163579
2015-02-06 0.320436304635759 0.35493783233217 0.324625863032072
2015-02-09 0.317141826269161 0.357731232061506 0.325126941669333
2015-02-10 0.318253620081302 0.358487032436637 0.323259347482061
2015-02-11 0.318251814655316 0.358631171721138 0.323117013623547
2015-02-12 0.319645184733879 0.357116123448261 0.32323869181786
2015-02-13 0.321176187473986 0.357286307079369 0.321537505446646
2015-02-16 0.319515538872016 0.356746068645821 0.323738392482163
2015-02-17 0.31924815872693 0.356183738010409 0.324568103262661
2015-02-18 0.319176448422337 0.354315720254792 0.326507831322871
2015-02-19 0.320476126328048 0.353226578268796 0.326297295403155
2015-02-20 0.319966287832173 0.35381918017961 0.326214531988218
2015-02-23 0.320735302255195 0.352240645628209 0.327024052116596
2015-02-24 0.320328919024981 0.352093091338992 0.327577989636027
2015-02-25 0.320122565124998 0.352673669531617 0.327203765343385
2015-02-26 0.321482350980167 0.349610973711258 0.328906675308575
2015-02-27 0.322784700152543 0.348335842219424 0.328879457628033
2015-03-02 0.320079456939197 0.351789904860314 0.328130638200489
2015-03-03 0.318291902115001 0.352395952632813 0.329312145252186
2015-03-04 0.321504740929609 0.350609733863768 0.327885525206623
2015-03-05 0.322076348073171 0.350074601719646 0.327849050207183
2015-03-06 0.322039751715492 0.345921301027353 0.332038947257155
2015-03-09 0.319413440096976 0.351391003503779 0.329195556399245
2015-03-10 0.321026632830664 0.34874456251215 0.330228804657185
2015-03-11 0.325399794058385 0.34639242160198 0.328207784339635
2015-03-12 0.319144990037674 0.349539285823839 0.331315724138488
2015-03-13 0.3193771436767 0.345619544613313 0.335003311709987
2015-03-16 0.321148759348597 0.347093121541685 0.331758119109717
2015-03-17 0.318352842580323 0.345494992901856 0.336152164517821
2015-03-18 0.316355531740595 0.347772818613929 0.335871649645476
2015-03-19 0.317731813755362 0.346232030113002 0.336036156131636
2015-03-20 0.320219691246678 0.345041994368974 0.334738314384348
2015-03-23 0.319129877740761 0.344804949589632 0.336065172669606
2015-03-24 0.321546365656316 0.341014843492356 0.337438790851328
2015-03-25 0.321935631362912 0.337431236154197 0.34063313248289
2015-03-26 0.323452561040296 0.338589400724552 0.337958038235152
2015-03-27 0.324529149577525 0.339237225878261 0.336233624544214
2015-03-30 0.324787361358487 0.340591870490971 0.334620768150542
2015-03-31 0.324661142855086 0.341261858538093 0.334076998606821
2015-04-01 0.325566456283784 0.342173069037467 0.332260474678748
2015-04-02 0.322529182065059 0.341542065549805 0.335928752385136
2015-04-03 0.3222980068716 0.341297262730499 0.336404730397901
2015-04-06 0.324830668853217 0.339567568400022 0.335601762746762
2015-04-07 0.326706972591536 0.336629545297669 0.336663482110796
2015-04-08 0.322910238179086 0.338669441530112 0.338420320290802
2015-04-09 0.323070593647167 0.33799182818986 0.338937578162973
2015-04-10 0.324630677766081 0.338780155476653 0.336589166757266
2015-04-13 0.321706979436805 0.339442160531167 0.338850860032027
2015-04-14 0.31903096738511 0.341481668935993 0.339487363678897
2015-04-15 0.31865537657541 0.341796639550616 0.339547983873974
2015-04-16 0.314851376415911 0.343093928427865 0.342054695156224
2015-04-17 0.313472729175198 0.342760898214623 0.343766372610179
2015-04-20 0.317780214242095 0.342428686234801 0.339791099523104
2015-04-21 0.316969563721324 0.339776553664767 0.343253882613909
2015-04-22 0.313400915070313 0.341154232847512 0.345444852082175
2015-04-23 0.310952351399563 0.342389564363434 0.346658084237003
2015-04-24 0.313612229379781 0.342950477402007 0.343437293218213
2015-04-27 0.319962448397438 0.338459451568727 0.341578100033836
2015-04-28 0.314879772269046 0.341170386034573 0.343949841696381
2015-04-29 0.308831520609145 0.342643943828887 0.348524535561968
2015-04-30 0.315934539614907 0.342564457662771 0.341501002722322
2015-05-01 0.317424953813526 0.343701302963856 0.338873743222618
2015-05-04 0.320651454207637 0.341904986050895 0.337443559741468
2015-05-05 0.316709540437894 0.344609198366722 0.338681261195384
2015-05-06 0.317226560342721 0.34347758441573 0.339295855241549
2015-05-07 0.320929307234723 0.343922168204124 0.335148524561152
2015-05-08 0.32551344127665 0.343019309292548 0.331467249430802
2015-05-11 0.322068236596941 0.342316098055532 0.335615665347527
2015-05-12 0.317783316754937 0.34426704110007 0.337949642144993
2015-05-13 0.315687344620315 0.34419717394784 0.340115481431845
2015-05-14 0.320464831310974 0.344628648540921 0.334906520148106
2015-05-15 0.319063870596633 0.343536500273049 0.337399629130317
2015-05-18 0.322218774320012 0.341073023292735 0.336708202387253
2015-05-19 0.325496044251622 0.33888917637205 0.335614779376328
2015-05-20 0.321863702780582 0.339760807326654 0.338375489892763
2015-05-21 0.320739245062923 0.341343474055892 0.337917280881185
2015-05-22 0.32001958805124 0.340879380822365 0.339101031126394
2015-05-25 0.31852432823353 0.339286655689715 0.342189016076756
2015-05-26 0.31440054879037 0.34110139557404 0.34449805563559
2015-05-27 0.31565988451196 0.342523928379013 0.341816187109028
2015-05-28 0.313949332233834 0.343707483653499 0.342343184112667
2015-05-29 0.31077784344374 0.34489843605083 0.344323720505429
2015-06-01 0.312599769592871 0.344481769005932 0.342918461401197
2015-06-02 0.309975991836067 0.345949040679518 0.344074967484416
2015-06-03 0.313439799516929 0.345712055611328 0.340848144871743
2015-06-04 0.315773318953606 0.342336918284032 0.341889762762362
2015-06-05 0.315474819679708 0.342369934080759 0.342155246239533
2015-06-08 0.311390550180247 0.345441392808317 0.343168057011436
2015-06-09 0.312677782289463 0.347294995314711 0.340027222395826
2015-06-10 0.318192767755335 0.346007547220828 0.335799685023837
2015-06-11 0.316927285861943 0.342685869011131 0.340386845126926
2015-06-12 0.314513559714453 0.342412598361621 0.343073841923926
2015-06-15 0.311084228291284 0.343276183311364 0.345639588397352
2015-06-16 0.311649699051404 0.345312777934306 0.34303752301429
2015-06-17 0.310898728799484 0.34635516117114 0.342746110029376
2015-06-18 0.313701934824159 0.348912581127583 0.337385484048258
2015-06-19 0.313635124459743 0.345494423983277 0.340870451556981
2015-06-22 0.318990622017724 0.341204753391821 0.339804624590454
2015-06-23 0.31897107249833 0.338765222422256 0.342263705079415
2015-06-24 0.316633336677814 0.338688501377034 0.344678161945151
2015-06-25 0.316839955378508 0.33899432408358 0.344165720537913
2015-06-26 0.317206030517705 0.339518574203574 0.343275395278721
2015-06-29 0.314235114214831 0.342806356341835 0.342958529443334
2015-06-30 0.308284591707245 0.343407710528877 0.348307697763877
