time value.DAX value.Dow.Jones value.Nikkei value.VIX
2012-02-01 -141.567161022147 451.986483437369 -238.859697692617 28.4403752773952
2012-02-02 -142.401371064692 451.593735572009 -240.67708842204 27.5696412705407
2012-02-03 -144.777142265111 457.167665897099 -239.459969645042 26.1111602376553
2012-02-06 -144.737777650078 456.559852578411 -242.0972633596 25.8172867586529
2012-02-07 -144.510344643726 457.735284583301 -241.780565701706 26.0676245849154
2012-02-08 -144.39394325687 457.939659251073 -244.439544543665 26.6444851127674
2012-02-09 -145.250624976154 458.171038601251 -244.077596779325 27.9397037064396
2012-02-10 -143.200071470604 454.999517247692 -242.584476282931 30.3342252864664
2012-02-13 -144.173791866874 457.587418409322 -243.994616244137 28.0376615781245
2012-02-14 -143.953838964105 457.738130829326 -245.428638894335 28.8648598642129
2012-02-15 -144.590358852327 454.278686941419 -251.075447414388 30.4974876576535
2012-02-16 -144.462413433801 458.655144146797 -250.472448275339 29.3219957824286
2012-02-17 -146.517887505532 460.282678756865 -254.4328503565 28.9519332785035
2012-02-20 -148.663227402084 460.282678756865 -257.16909060211 28.9519332785035
2012-02-21 -147.804842804887 460.844986793982 -256.570698555554 28.9083955169528
2012-02-22 -146.428888802661 459.884585516499 -259.037450569515 28.0920816202325
2012-02-23 -145.692661957255 461.520311783142 -260.164545779883 26.2635382194744
2012-02-24 -146.868784145737 461.458457878799 -261.569257857227 27.2648833341441
2012-02-27 -146.55148533596 461.407260105177 -261.204582933377 27.5478723557523
2012-02-28 -147.365156411499 462.2464527385 -263.606517942491 27.1669254624592
2012-02-29 -146.690128567734 460.360881212892 -263.626058351507 26.6880228062921
2012-03-01 -13.7617048820763 72.595525955208 6.77909543310369 11.1198005937088
2012-03-02 -13.7212631152215 72.5802605928587 6.82774226944734 11.1842905157537
2012-03-05 -13.6124065325741 72.4977075050967 6.77296377150242 11.1428330398084
2012-03-06 -13.1498018692639 71.3586933500141 6.73039267467223 11.9904069839729
2012-03-07 -13.2251349304301 71.7959325187576 6.68739534144579 11.3915770893638
2012-03-08 -13.5491269158255 72.1908383158754 6.82210640571045 10.9631836223036
2012-03-09 -13.6396652060225 72.2695791583387 6.93438653939143 10.7512905537156
2012-03-12 -13.6815744490142 72.4803721777938 6.90653661477946 10.2584080570966
2012-03-13 -13.8690349393616 73.6994215997326 6.91297516627876 9.78855711409113
2012-03-14 -14.0345887896263 73.7912540549952 7.01873218304545 10.1063975806693
2012-03-15 -14.1635079878781 74.119325441173 7.06954429877364 9.95899354164013
2012-03-16 -14.1900125952262 74.0066894902572 7.07411832372871 9.93135462935253
2012-03-19 -14.1828765540427 74.0430969610949 7.08261031043694 9.33252562722944
2012-03-20 -13.9860584763099 73.6575360784664 7.08261031043694 8.89952566519137
2012-03-21 -14.018530758624 73.402672871154 7.04385215122362 8.45731363447347
2012-03-22 -13.8399912886779 72.9637515049409 7.07219787439832 8.55865367378957
2012-03-23 -13.8684599518424 73.157209197093 6.99146193942958 7.96903674034629
2012-03-26 -14.0342122393025 74.0570788272779 6.99619009056941 7.21819720421613
2012-03-27 -14.0335578765087 73.8115605344548 7.16163516415963 7.92297363311931
2012-03-28 -13.8747635210686 73.4115644655779 7.1109492135723 7.98285619649009
2012-03-29 -13.629633897229 73.5212401869709 7.06361518451904 7.94139869175491
2012-03-30 -13.7717361888874 73.891590331605 7.04180553605402 7.72950565195681
2012-04-02 -27.6148992533616 81.0277016891692 17.6066740555279 3.87168883939302
2012-04-03 -27.3238655026531 80.6310054260071 17.5030868463715 3.94317313334003
2012-04-04 -26.5481691255426 79.8686511106873 17.1018386267667 4.03079901368982
2012-04-05 -26.5137308002792 79.7794020538035 17.0106173253288 4.11842532640507
2012-04-06 -26.5137308002792 79.7794020538035 16.8727572869352 4.11842532640507
2012-04-09 -26.5137308002792 78.9819231920092 16.6251279397482 4.37669138622201
2012-04-10 -25.8530473054787 77.6767549512536 16.6107772972466 4.7271957579399
2012-04-11 -26.1203260046742 78.2232316589242 16.4727097725924 4.62112231321276
2012-04-12 -26.3884282611707 79.3300547521585 16.5877376982341 4.22219276433327
2012-04-13 -25.7648792292243 78.4932337647654 16.7848795915841 4.44817612694667
2012-04-16 -25.9264601894515 78.9319566039623 16.493432996662 4.37899737860877
2012-04-17 -26.6144604635811 80.1178218706393 16.4831062501211 4.14840246358731
2012-04-18 -26.3445582344556 79.6120891613843 16.8358534521498 4.20835719914162
2012-04-19 -26.1065911859962 79.1927301581613 16.6984815202212 4.23833435073604
2012-04-20 -26.4153514157212 79.5907686557043 16.6514261110078 4.09767174081659
2012-04-23 -25.5265586831259 78.9671408133072 16.6180053408015 4.2337227839158
2012-04-24 -25.7903559087848 79.421558744232 16.4889056913846 4.12995489920996
2012-04-25 -26.2368254930274 79.9662040699482 16.6508155538632 3.87860639860002
2012-04-26 -26.3753564873214 80.6619780243474 16.6522441544131 3.742555369913
2012-04-27 -26.6157120358797 80.806687839576 16.5809450379693 3.73333180390705
2012-04-30 -26.458671132408 80.7170152416741 16.5809450379693 3.81634567065895
2012-05-01 -45.3172797135032 115.718656268218 3.48200887503098 0.772249388148322
2012-05-02 -44.9793371792705 115.624978615623 3.4929192294783 0.780931782216032
2012-05-03 -44.8698838486816 115.084868406417 3.4929192294783 0.797814203904029
2012-05-04 -43.9786463122194 113.618091494243 3.4929192294783 0.831096590391152
2012-05-07 -44.0323322408965 113.358937645001 3.39568969193755 0.81807299778223
2012-05-08 -43.1962566373116 112.692820440158 3.41896678756652 0.825790752411256
2012-05-09 -43.4011527166123 111.847279203045 3.36810452853919 0.856179039699435
2012-05-10 -43.6872845978539 112.021393010828 3.35491922940226 0.830131857496306
2012-05-11 -44.1023753042219 111.721272207409 3.33393962469285 0.843155450105228
2012-05-14 -43.244716017119 110.629818627176 3.34158447305415 0.889943883075429
2012-05-15 -42.9034876534962 110.077777449136 3.31436440605845 0.937214592051604
2012-05-16 -42.7908826854664 109.786285751793 3.27728745635349 0.968085242772491
2012-05-17 -42.2861812415882 108.426351400515 3.30537153682465 1.01294421598243
2012-05-18 -42.0332283382202 107.789253162183 3.20658924741276 1.07854444297416
2012-05-21 -42.434174284167 108.966546721315 3.21499738031426 0.959885215152204
2012-05-22 -43.1349943294419 108.951986172846 3.25052157852045 0.99413242497562
2012-05-23 -42.1306150906658 108.893956753597 3.1862169252656 0.977732366720331
2012-05-24 -42.3326311604629 109.186750474455 3.18874169266899 0.984967664460488
2012-05-25 -42.4938264092924 108.533883272078 3.19507561076898 0.974838174065225
2012-05-28 -42.3815585331012 108.533883272078 3.19982732256847 0.974838174065225
2012-05-29 -42.8752014102054 109.630655581857 3.2236327896996 0.927085101656341
2012-05-30 -42.0974361127923 108.229150077328 3.21473701284028 0.991238232320514
2012-05-31 -41.9873806041257 107.999006680824 3.18105248020258 1.00426182191472
2012-06-01 23.0947244988734 -12.9504263123259 47.7467398736881 12.3059023185799
2012-06-04 22.819662113558 -12.9321414541208 46.928619663161 11.8099603521199
2012-06-05 22.7859565858231 -12.960450059392 47.4172179285274 11.5374647287222
2012-06-06 23.26153368613 -13.2669794739619 48.2744290926423 10.7090777951594
2012-06-07 23.4532678947879 -13.3163186416453 48.8751459241895 10.6055291517106
2012-06-08 23.4021169026326 -13.4159591725555 47.8542786731623 10.027838736665
2012-06-11 23.4411660376824 -13.263175564111 48.7913125091731 10.8725757823132
2012-06-12 23.5182354661335 -13.4369041601671 48.2924719267381 10.681828641563
2012-06-13 23.4848356062818 -13.3541698962108 48.5816599162776 11.2322699370743
2012-06-14 23.4318524695857 -13.5203762462971 48.4744581060271 10.5346807664946
2012-06-15 23.7784487050942 -13.6435477977202 48.476894384808 10.0768880170005
2012-06-18 23.8501726672896 -13.6164581123944 49.3350612813614 9.24850108343772
2012-06-19 24.2897517269211 -13.7185239629729 48.9665091504196 9.06320399140336
2012-06-20 24.3995705424562 -13.7046952619917 49.5120699425705 8.68171073176168
2012-06-21 24.2125313272863 -13.4366589140606 49.9180225484077 9.64634547702334
2012-06-22 23.9076196818949 -13.5084823738398 49.7725197830264 8.65991108188986
2012-06-25 23.4081109865324 -13.3608812664973 49.4120001921605 9.34114962945491
2012-06-26 23.4245238837884 -13.3950882814492 49.012444888596 9.08500411814252
2012-06-27 23.7768458095572 -13.493766616816 49.3886373238438 9.16130255207435
2012-06-28 23.4749871212982 -13.4673177005678 50.2011005109264 8.86155780914223
2012-06-29 24.4917537815687 -13.7642188910427 50.9516181149133 8.28931689782112
2012-07-02 84.6238540829505 -91.567761047011 48.5642015137977 28.3481753535232
2012-07-03 85.6937527220358 -92.0818973437331 48.9046094721936 27.7102404961917
2012-07-04 85.5190598194011 -92.0818973437331 49.1073140248586 27.7102404961917
2012-07-05 85.138156263839 -91.7476062814526 48.9758631623862 28.7070117639532
2012-07-06 83.5039277824299 -90.8640393870638 48.6573522666005 28.4279170549441
2012-07-09 83.2103007106486 -90.6066551328272 47.9892047269642 28.1886920752777
2012-07-10 83.871549998855 -90.0149798163101 47.7780352756404 28.966172542764
2012-07-11 84.0737279110843 -89.6693090421063 47.7417315535494 28.0292089216287
2012-07-12 83.6242994972092 -89.4469184353506 47.0351785552707 28.1886920752777
2012-07-13 85.4187564250732 -90.8969071489011 47.057349527368 26.6137935968109
2012-07-16 85.5310499181378 -90.5420589675855 47.057349527368 26.2748912411756
2012-07-17 85.6863296757602 -91.0993033725214 47.2239136539742 25.3179898273533
2012-07-18 87.0773403831946 -91.8331902932431 47.0714822719678 25.6170223290494
2012-07-19 88.0409437571499 -92.0797645218868 47.4426367253626 25.0189591946033
2012-07-20 86.3686777260692 -91.2204576543259 46.7647284747434 26.3147610951148
2012-07-23 83.62403869846 -90.5011531570694 45.893339092432 28.0292089216287
2012-07-24 83.2473014615367 -89.7602980702503 45.7842172336072 29.2253333215749
2012-07-25 83.4571632187907 -90.1781028550096 45.1251350887873 28.8066892645186
2012-07-26 85.7556305471346 -91.6854277847795 45.5415427649708 26.6137935968109
2012-07-27 87.142214137181 -93.0209524721033 46.2079098848502 25.8961170380586
2012-07-30 88.245074429324 -93.0020974545148 46.5790169309375 26.4343745194211
2012-07-31 88.2216221734544 -92.5444498056181 46.9005987835342 27.1919208075162
2012-08-01 -66.0425797697223 247.293087700707 -96.8485798908348 -14.632236081263
2012-08-02 -64.5918723343399 245.439742134985 -96.9755552619473 -14.2922061989709
2012-08-03 -67.1298536289353 249.580755299573 -95.8764993477428 -13.3379300788521
2012-08-06 -67.6486550134023 249.987440186469 -97.7948976469729 -13.0088690948348
2012-08-07 -68.1300073198761 250.961086808346 -98.6580499278735 -13.4037426458489
2012-08-08 -68.1124047291808 251.095252618764 -99.5305157817015 -12.8443391169836
2012-08-09 -68.101065929804 250.896116250172 -100.622512642948 -12.7565896446435
2012-08-10 -67.9013073303101 251.71101209443 -99.6457260645501 -12.5262470312412
2012-08-13 -67.5602648978008 250.97690607039 -99.5752340550649 -12.208155014053
2012-08-14 -68.1929746608187 251.028551235936 -100.076514217928 -12.8882138188766
2012-08-15 -67.9232067278523 250.888299667579 -100.022274438309 -12.8882138188766
2012-08-16 -68.4071037004658 252.514480886472 -101.901897217524 -12.6249654704104
2012-08-17 -68.8430864949887 252.992631521626 -102.6834709465 -12.284935519564
2012-08-20 -68.7726904564287 252.924776262047 -102.780524684783 -12.284935519564
2012-08-21 -69.3167140960115 251.627728423852 -102.620935418293 -12.6139965035813
2012-08-22 -68.6169311617848 251.040369158255 -102.338748486649 -12.7236838410254
2012-08-23 -67.9502909361868 248.843038748739 -102.858524461387 -12.9540264544277
2012-08-24 -68.1605098838522 250.758507428717 -101.65534481798 -12.4275286606262
2012-08-27 -68.9073285449641 250.123895131173 -101.81930084126 -12.5481838680301
2012-08-28 -68.4695840667717 249.71073365435 -101.235424313339 -12.7675585429183
2012-08-29 -68.546726090028 249.796306478271 -101.644696040533 -12.7894954482616
2012-08-30 -67.4215209594439 247.761523470027 -100.680571967513 -13.0746816618317
2012-08-31 -68.1577742509093 249.479177135807 -99.0682300325562 -12.6249654704104
2012-09-03 -32.2356378957338 141.647726752648 -31.7512222572568 -8.03265921772556
2012-09-04 -31.8576699068527 141.053694797034 -31.7209314058762 -7.97682844262398
2012-09-05 -32.005226142006 141.178562285329 -31.3750416869268 -7.7604837147615
2012-09-06 -32.936429607641 143.824354008818 -31.3777527201532 -6.96489432992086
2012-09-07 -33.1531921675682 143.982760412408 -32.068451977588 -6.56709996463424
2012-09-10 -33.1495167792722 143.416318289549 -32.0602094461489 -6.93000059163516
2012-09-11 -33.5925534762041 144.163684611277 -31.8361326673654 -6.88114818907741
2012-09-12 -33.7461298981725 144.271772065013 -32.387665548896 -6.6857404980308
2012-09-13 -33.5935183216377 146.506294650617 -32.5148687822053 -6.19024193827827
2012-09-14 -34.0613717349884 147.085290090302 -33.1085462259516 -6.40658666614075
2012-09-17 -34.022587201201 146.649548305867 -33.1085462259516 -6.32981885422329
2012-09-18 -33.7652472938777 146.774415794162 -32.9797897983302 -6.18326295508486
2012-09-19 -33.9631684505551 146.918546505298 -33.3717706100867 -6.17628458254103
2012-09-20 -33.9573344997118 147.123805964484 -32.8468079723958 -6.10649579743481
2012-09-21 -34.2428433985194 146.934882731573 -32.9300169235926 -6.07160140488171
2012-09-24 -34.066106205673 146.712526244278 -32.7828621810362 -5.98087623722702
2012-09-25 -34.1210193573144 145.615664102138 -32.8632895000867 -6.45543841443109
2012-09-26 -33.4381490860607 145.1391345987 -32.1951468885527 -6.67876147121957
2012-09-27 -33.5002335059227 145.92317816493 -32.3511936791181 -6.09253778743017
2012-09-28 -33.1607740537784 145.39471299692 -32.0630652087878 -6.28096710593295
2012-10-01 -20.573733379942 110.414556684407 -11.9076107326625 -4.04330594338222
2012-10-02 -20.5151293063733 110.146998622561 -11.8934513504552 -3.94989623640378
2012-10-03 -20.5606762802192 110.247077592259 -11.8404148069008 -3.94989623640378
2012-10-04 -20.5133043571111 110.906781821085 -11.9456220174859 -3.8475901444519
2012-10-05 -20.7734975605855 111.191006413647 -11.9980227035905 -3.79421322463666
2012-10-08 -20.4739918304989 110.974509050626 -11.9980227035905 -3.83869420428658
2012-10-09 -20.3148317642572 110.074859421853 -11.8711699214025 -4.00104905997566
2012-10-10 -20.2325568097004 109.024556810629 -11.6364977605943 -3.95323215836475
2012-10-11 -20.4472880498596 108.872762919753 -11.5695582925228 -3.89318294981944
2012-10-12 -20.3091046283311 108.892860092192 -11.5524205625057 -3.93432800750839
2012-10-15 -20.3898631330622 109.672094230781 -11.6117244604959 -3.80533367805295
2012-10-16 -20.7128436757184 110.714139371149 -11.7787406573944 -3.71303579679212
2012-10-17 -20.7641739995954 110.756783036477 -11.9212016771772 -3.66744296362407
2012-10-18 -20.8840215364169 110.690938672248 -12.1598687641909 -3.6563229272154
2012-10-19 -20.7251151286371 109.012629350002 -12.1866976934306 -3.89095929838421
2012-10-22 -20.5774394981874 109.032072300088 -12.1975680690119 -3.84203012624756
2012-10-23 -20.1439911938048 107.043896339569 -12.202360129444 -4.14338752208313
2012-10-24 -20.1977936353732 106.838097794216 -12.1212070807466 -4.16674028243383
2012-10-25 -20.2185166216246 107.053286728871 -12.2577933631307 -4.05665007603425
2012-10-26 -20.3073071023643 107.082128041899 -12.0924547168002 -4.03663368245265
2012-10-29 -20.2267446660516 107.082128041899 -12.0874194186628 -4.03663368245265
2012-10-30 -20.4548689286655 107.082128041899 -11.9691632626395 -4.03663368245265
2012-10-31 -20.3881218212004 106.994303639919 -12.0859983244314 -4.11558701405383
2012-11-01 -10.4505713727502 98.5176948308056 -13.2263395723682 -4.43618740545366
2012-11-02 -10.4907175275958 97.4794065887617 -13.3806017174597 -4.55083790292721
2012-11-05 -10.4374652494331 97.6229494497667 -13.3158818946849 -4.63291727335842
2012-11-06 -10.5105335743579 98.6149241640006 -13.2681468750597 -4.47266739345235
2012-11-07 -10.3040632635915 96.2849974085751 -13.2648047728259 -4.81401267457159
2012-11-08 -10.2643588262365 95.381091100457 -13.0641386758663 -4.84528069596322
2012-11-09 -10.2052939710632 95.4113875646997 -12.9465371412268 -4.84397804630829
2012-11-12 -10.2127871599023 95.4090827964438 -12.8265578806775 -4.53259816949688
2012-11-13 -10.2133005245827 94.9705656625633 -12.8038056075564 -4.54041491427577
2012-11-14 -10.1175655144776 93.5915203560639 -12.8092468078062 -4.69024229409731
2012-11-15 -10.0342250109099 93.3788125737842 -13.0531537745514 -4.73193330414038
2012-11-16 -9.90189149306286 93.7207620023578 -13.3405990047738 -4.51826677588487
2012-11-19 -10.1487931612749 95.266732314447 -13.531361511877 -4.1300190066824
2012-11-20 -10.2188139861151 95.2112651408298 -13.5157496410367 -4.05966524198643
2012-11-21 -10.2355101903861 95.5714564263563 -13.63383769236 -4.08311651859917
2012-11-22 -10.321386913583 95.5714564263563 -13.8471301479967 -4.08311651859917
2012-11-23 -10.412761796426 96.8567768133067 -13.8471301479967 -3.90853524508109
2012-11-26 -10.3884005865392 96.5428917817632 -13.8798610830349 -3.87466124038593
2012-11-27 -10.4458133508563 95.8784925877935 -13.9306552440433 -3.95543773316432
2012-11-28 -10.4615982958151 96.6749689548781 -13.7607220376456 -3.8355759856485
2012-11-29 -10.5435851287881 96.948276932025 -13.8975114185848 -3.79127925287091
2012-11-30 -10.5500529772749 96.9762686280118 -13.9642278400387 -3.85902722969011
2012-12-03 -14.2950028163539 85.1803859568611 8.69253323464183 -10.9749557941408
2012-12-04 -14.2948300814561 85.0895967600907 8.6688955380545 -11.1310151120719
2012-12-05 -14.3321857776823 85.632978216631 8.70233044334088 -10.9459215193131
2012-12-06 -14.4859757346988 85.892809443571 8.77247257115221 -11.0838347784053
2012-12-07 -14.4537908073824 86.4255471816936 8.7561405985653 -10.6846133180601
2012-12-10 -14.4790156645754 86.5224505822884 8.76198607549298 -10.844301375952
2012-12-11 -14.5921229117288 87.0385715420778 8.75423877680393 -10.4741148255592
2012-12-12 -14.6402651202077 87.0189265291912 8.80583388081033 -10.7317937424588
2012-12-13 -14.5771842000629 86.5279681239542 8.95404942511175 -10.9350334847885
2012-12-14 -14.6050432586801 86.2933636049026 8.94929711410761 -11.0076194440541
2012-12-17 -14.6213272315146 86.9528315314865 9.0332249820416 -10.6301742342224
2012-12-18 -14.7148432047083 87.7120963679282 9.11973498326187 -10.2164352735349
2012-12-19 -14.7435283834899 87.0617580424853 9.33790866630396 -10.8116384518955
2012-12-20 -14.7504499649004 87.4542989364204 9.22663908228282 -11.0547997777207
2012-12-21 -14.6814857472761 86.6601517007451 9.13540459335631 -11.8096916490979
2012-12-24 -14.6814857472761 86.3191164029953 9.13540459335631 -11.5991924307402
2012-12-25 -14.6814857472761 86.3191164029953 9.26412713826675 -11.5991924307402
2012-12-26 -14.6814857472761 86.1592103925852 9.40220531810667 -12.2452060437099
2012-12-27 -14.7192648308795 86.0391140729644 9.48732776997131 -12.2343171925963
2012-12-28 -14.6356510466269 84.9997891783441 9.55368241022719 -12.8585545550525
2012-12-31 -14.6356510466269 86.090555509244 9.55368241022719 -11.5447533469025
2013-01-02 -10.8231474776276 57.9464144313193 21.2515793772974 1.08898719495267
2013-01-03 -10.7920645272264 57.8548693602506 21.2515793772974 1.09209304086802
2013-01-04 -10.8197947419985 58.0443133998036 21.8504376409239 1.06957565798173
2013-01-07 -10.7589780885875 57.8243233944787 21.6682831969628 1.06841101429231
2013-01-08 -10.7077338861774 57.5848033792887 21.4823474683187 1.0552111594463
2013-01-09 -10.7420173913017 57.8511945624245 21.6264974181551 1.05754052447128
2013-01-10 -10.725320971899 58.1998868630561 21.777922445973 1.03152906493021
2013-01-11 -10.7351434336926 58.2742392827639 22.082391625218 1.0272584976793
2013-01-14 -10.7546090029511 58.3558526928228 22.082391625218 1.01056464382467
2013-01-15 -10.6800179384957 58.4749608558998 22.2408501602413 1.01095288426985
2013-01-16 -10.7011941839279 58.3727457952759 21.671208001581 0.989600145072972
2013-01-17 -10.7628736484647 58.7390610893345 21.6900145943869 0.9950353560133
2013-01-18 -10.7166385068381 58.9709783644475 22.3108078970421 0.930977293714952
2013-01-21 -10.7815178471103 58.9709783644475 21.9723431017833 0.930977293714952
2013-01-22 -10.7082624433351 59.2410401244635 21.8950444072214 0.904577593728699
2013-01-23 -10.7240267545145 59.5310200442332 21.4392739785023 0.880119086262615
2013-01-24 -10.7805021760906 59.7297544461623 21.7129738130402 0.885166056757755
2013-01-25 -10.9333305302909 60.0349862548892 22.3381014164067 0.890989576083649
2013-01-28 -10.8985877651063 59.9742824818746 22.128879051205 0.915059843104546
2013-01-29 -10.9202511244004 60.2874629883896 22.2155810462585 0.887495489723111
2013-01-30 -10.8684090691266 60.0973692126314 22.7210112622704 0.942236023981173
2013-01-31 -10.8193490700408 59.8820454824231 22.7715275316724 0.944953629451337
2013-02-01 2.01500064667636 45.3158609435212 23.664093172275 1.78422281103346
2013-02-04 1.9647991584723 44.8963030101544 23.8100143516441 1.90708613883022
2013-02-05 1.97159785237115 45.2172376807719 23.358717181752 1.82904086097452
2013-02-06 1.95012410846939 45.2405905003756 24.2401045705987 1.81976809903546
2013-02-07 1.95261152435734 45.1032185488782 24.0145303219733 1.81281355172883
2013-02-08 1.9683772995913 45.2614542095519 23.5833622046952 1.77649551907664
2013-02-11 1.96364425096288 45.1911683108753 23.5833622046952 1.74635928908089
2013-02-12 1.970447968865 45.3446816031569 24.0400096401071 1.72858662576175
2013-02-13 1.98374692711313 45.2289156690514 23.7911118742241 1.73785925247388
2013-02-14 1.96298823333139 45.1981207738075 23.909249261942 1.71235931651606
2013-02-15 1.95329567676725 45.2251946344659 23.6270687641322 1.69767749657075
2013-02-18 1.96235545200439 45.2251946344659 24.1219465326693 1.69767749657075
2013-02-19 1.99418028248927 45.3995716326892 24.0468177543078 1.62426868661618
2013-02-20 1.9881223874024 45.049816302436 24.2496838349104 1.76413193308189
2013-02-21 1.95073880302451 44.8980498123663 23.9131602631253 1.79813188632858
2013-02-22 1.97089046365676 45.2860389500791 24.0755761995689 1.73708650782369
2013-02-25 1.9995152142201 44.5860734292493 24.6604028339845 1.97508591009668
2013-02-26 1.95422173785398 44.9611558147144 24.1027880019314 1.9264042721316
2013-02-27 1.97447111664877 45.5279852999206 23.7965240882636 1.79813188632858
2013-02-28 1.99141503569664 45.4604475372624 24.4422727032352 1.85222256298178
2013-03-01 -0.220175634504681 48.3376729176686 24.1685215920429 1.46033896396926
2013-03-04 -0.219704900895144 48.4685897118845 24.2641225122062 1.38411080061495
2013-03-05 -0.224807279028843 48.9006861631013 24.3290087998074 1.3372935968964
2013-03-06 -0.226207485247749 49.0463912352938 24.8471372391016 1.34389595861498
2013-03-07 -0.226791331082294 49.1604626611988 24.9217072589628 1.31628581360176
2013-03-08 -0.228125273924363 49.3923109577472 25.5787714187268 1.29827910790797
2013-03-11 -0.228062999448429 49.5646007582721 25.7150187967318 1.24425918589862
2013-03-12 -0.227543994390894 49.5741022424904 25.6437187128765 1.26346625960949
2013-03-13 -0.227680816908173 49.5920130104735 25.4872314831635 1.25626366136299
2013-03-14 -0.23017902037271 49.8797110099248 25.7819467619652 1.23225483047855
2013-03-15 -0.229735707057769 49.7938425141618 26.1562691437568 1.2310543574227
2013-03-18 -0.22881737828034 49.5809636816426 25.4476038328074 1.29527804531265
2013-03-19 -0.227020414642616 49.5938657328426 25.9631944105127 1.29527804531265
2013-03-20 -0.228568015417243 49.7856778029649 25.9631944105127 1.22685282177153
2013-03-21 -0.226583949424575 49.4760888621992 26.3119043204097 1.26166567007001
2013-03-22 -0.225979545360113 49.7867063464167 25.693113470623 1.25746413441884
2013-03-25 -0.224824127284996 49.566178755479 26.1260954343975 1.24125812330329
2013-03-26 -0.225074633849344 49.9500776174551 25.9702528371456 1.20884611607774
2013-03-27 -0.222487307464901 49.8351820126326 26.0164183292243 1.22085059154211
2013-03-28 -0.222664981482651 50.0148827026341 25.6877611866467 1.21544858283508
2013-03-29 -0.222664981482651 50.0148827026341 25.8167630494654 1.21544858283508
2013-04-01 -2.91311344246705 53.2569224890866 24.8280199228793 1.6526003839532
2013-04-02 -2.96863045188656 53.5827609968504 24.5587895985847 1.60136332611612
2013-04-03 -2.94280021031135 53.1746955541936 25.2928272548721 1.65829337682475
2013-04-04 -2.9213647848185 53.3784748868267 25.8500294130848 1.62901512486647
2013-04-05 -2.86208084202319 53.2291494866664 26.2573834388662 1.63552140533855
2013-04-08 -2.86353458925094 53.4054092037473 26.9917887354414 1.58997719804769
2013-04-09 -2.85414335002887 53.6246060830183 26.9912972191854 1.56883186275913
2013-04-10 -2.91883847263171 54.0952375107282 27.1872618441302 1.52816748273242
2013-04-11 -2.94163422015753 54.3251053338297 27.7213248344668 1.52084787399543
2013-04-12 -2.89422659051641 54.3248126863411 27.5903400887038 1.49238278764454
2013-04-15 -2.88221579627874 53.3532215077272 27.1617490190707 1.66886619696045
2013-04-16 -2.87098616073808 53.9291026994666 27.0508164874911 1.53711352434516
2013-04-17 -2.80388807635422 53.4240815702126 27.3811385270064 1.71359695399326
2013-04-18 -2.79293871639789 53.126419349612 27.0480132520358 1.79248595290602
2013-04-19 -2.7877928495692 53.1643172615062 27.2452666056582 1.66235989615618
2013-04-22 -2.79457548208741 53.2361659000572 27.7606280505191 1.62576189313557
2013-04-23 -2.86187902902814 53.792714483244 27.6814082251137 1.54361982514943
2013-04-24 -2.89955547580686 53.6349843793603 28.3234566566014 1.54849967274578
2013-04-25 -2.92714583347735 53.7245203751326 28.4924958497948 1.56557863102823
2013-04-26 -2.92038181312645 53.767461107799 28.4066665460538 1.56476532309551
2013-04-29 -2.94233308433746 54.1555729531273 28.4066665460538 1.55744571435851
2013-04-30 -2.95735957809122 54.2325001062493 28.3590575267368 1.54280651721671
2013-05-01 -2.08496690280065 54.9094433062169 26.006573312799 2.34595485589626
2013-05-02 -2.09761310942531 55.3973583089577 25.8081044624296 2.26763770032049
2013-05-03 -2.13991996038764 55.9291606761403 25.8081044624296 2.21779951040863
2013-05-06 -2.13723001712856 55.9102225761859 25.8081044624296 2.18101403143146
2013-05-07 -2.15559328580356 56.2363357502963 26.7244085908298 2.15846833194214
2013-05-08 -2.17349034917326 56.4190562988305 26.9231424682101 2.17270769611174
2013-05-09 -2.17687316834519 56.3350166647931 26.745592197584 2.21186627389963
2013-05-10 -2.18109911933397 56.468994953929 27.5297076824645 2.19050699032051
2013-05-13 -2.18128359455579 56.3688550217431 27.858894655818 2.18101403143146
2013-05-14 -2.19704401202558 56.8304018572261 27.8140593982951 2.15965498517706
2013-05-15 -2.20318521282875 57.0561525958156 28.4503276713096 2.17745430905142
2013-05-16 -2.20514806085716 56.8975204919298 28.33953060459 2.19644025649511
2013-05-17 -2.21255923403936 57.350141765484 28.5296511644253 2.13948238449845
2013-05-20 -2.22779529894578 57.2787263112852 28.9493368561085 2.16796132049678
2013-05-21 -2.2321082131552 57.4740710433931 28.9874250158615 2.18694726794047
2013-05-22 -2.24757069126616 57.1737314841429 29.4514950557938 2.21067962066471
2013-05-23 -2.20043480700195 57.1264081237801 27.2968444601568 2.22847915219819
2013-05-24 -2.18814159894859 57.1585284790345 27.5389614759845 2.2225458860236
2013-05-27 -2.20868628188535 57.1585284790345 26.6535659036383 2.2225458860236
2013-05-28 -2.23439241367669 57.5555318558959 26.9726892835328 2.16796132049678
2013-05-29 -2.19637737936264 57.1574086826593 26.9999776689205 2.20118663211007
2013-05-30 -2.21313890321821 57.2385740416896 25.61020062961 2.20000021619987
2013-05-31 -2.19960736965444 56.4580887683158 25.9598166235821 2.27119745236612
2013-06-03 0.879209107360119 59.3003351062126 18.4154266798547 3.89452458118216
2013-06-04 0.880287205057098 59.0029778552189 18.7930430974113 3.94139740465701
2013-06-05 0.869699485486135 58.1595798132189 18.0725104660463 4.10850928983499
2013-06-06 0.859367560190835 58.4706990336876 17.9185828157784 4.06367451931959
2013-06-07 0.875906940890685 59.2773592614648 17.8817997062937 3.88025902564644
2013-06-10 0.881531929214226 59.2403101424819 18.7658825842113 3.82727224708835
2013-06-11 0.872488094420612 58.7871408160402 18.4929105541309 4.07997812781476
2013-06-12 0.864085222159989 58.2942459069675 18.4536133104817 4.32045640406735
2013-06-13 0.859004671074561 58.997302228844 17.2817136219939 4.12073689430881
2013-06-14 0.862460666459416 58.5856124326073 17.6165612826376 4.23690046147836
2013-06-17 0.871774025677274 59.0119563528684 18.0978525027352 4.15334411129916
2013-06-18 0.873236151688104 59.549914598881 18.0619711726156 4.09220573228859
2013-06-19 0.869795026183088 58.7489299974787 18.3923750286697 4.08812972826724
2013-06-20 0.841293776097741 57.3732531300597 18.0721077165132 4.56704827876175
2013-06-21 0.826518998083453 57.5329527246778 18.3714211996135 4.39382238755175
2013-06-24 0.81624857328521 56.9893188522903 18.1390387362447 4.64856627028884
2013-06-25 0.828859746856547 57.3809864086688 18.0092869126864 4.518137504225
2013-06-26 0.842621243513204 57.9634537091381 17.8213669235479 4.41827795314084
2013-06-27 0.847901269639458 58.407993804315 18.3483980245461 4.2409760579095
2013-06-28 0.844555633155654 57.961354297173 18.99239195351 4.22059644539298
2013-07-01 -2.05889381364186 61.2462542372886 18.6713021533876 4.16023575219725
2013-07-02 -2.04002991192845 61.0722293195884 19.0032007862218 4.21000921009133
2013-07-03 -2.01902552983261 61.3011005825127 18.9449990735542 4.17267938886965
2013-07-04 -2.06157322287957 61.3011005825127 18.8956269317267 4.17267938886965
2013-07-05 -2.01301181203009 61.9042386487023 19.2879096609743 3.95284612827442
2013-07-08 -2.05492764836558 62.2676296422983 19.0174876312691 3.7765648442452
2013-07-09 -2.0779331191885 62.5770290166414 19.5075182267636 3.69983094263078
2013-07-10 -2.08018440702591 62.5415298647684 19.4316323641255 3.66250070662986
2013-07-11 -2.10399184978911 63.2337872522724 19.5070864880301 3.56295379084171
2013-07-12 -2.11790956640838 63.2476106731062 19.5524690028933 3.59821007875599
2013-07-15 -2.12359325316787 63.3292451381837 19.5524690028933 3.51940176242829
2013-07-16 -2.11488728266872 63.196690478895 19.6776453981669 3.61065330064915
2013-07-17 -2.12872768581204 63.2730487992097 19.6991033064088 3.48621947444804
2013-07-18 -2.14996929719806 63.592145737107 19.9598612480376 3.42815063898668
2013-07-19 -2.14854591990971 63.5725149615935 19.6652316125938 3.35349021883224
2013-07-22 -2.14841420972794 63.5799159460245 19.7570615083648 3.28297774669847
2013-07-23 -2.14407432001505 63.6706728268247 19.9194384564357 3.26638657678465
2013-07-24 -2.16080554866508 63.5663800950165 19.8557794682131 3.30993839780844
2013-07-25 -2.14014164897566 63.6210626883819 19.6288655797284 3.22698265193412
2013-07-26 -2.12619799297397 63.6342310813315 19.0453084106237 3.21661311889057
2013-07-29 -2.12983928970831 63.4834755244217 18.4133610396799 3.25809099182773
2013-07-30 -2.1329310803785 63.4778319256905 18.6946475985234 3.19380010471684
2013-07-31 -2.13420763726037 63.3917400955933 18.4230527684272 3.1232878399727
2013-08-01 0.372176700592122 62.0612489218338 16.3983032461894 3.97214419811754
2013-08-02 0.372008990520407 62.1817369491771 16.9373400384015 3.87692143045988
2013-08-05 0.371630184404878 61.9981487063617 16.6936678301273 3.82250856611871
2013-08-06 0.36726492581608 61.6272841677159 16.8611186534665 3.93949616663848
2013-08-07 0.365528104555182 61.4363896277606 16.1865840380894 3.98302671657284
2013-08-08 0.368087530518224 61.5461935432965 15.9297274718916 3.92045170832958
2013-08-09 0.368972059646478 61.2570517610971 15.9410035222687 3.97214419811754
2013-08-12 0.369898678348041 61.2338996322382 15.8288844642677 3.95037902517461
2013-08-13 0.37239924810695 61.358316149996 16.2358284285342 3.91501055112618
2013-08-14 0.3733886986297 60.9081875622086 16.4502768937941 3.94221688127251
2013-08-15 0.370652703877257 60.0128128948129 16.1022846476766 4.15170680688057
2013-08-16 0.371345237172293 59.8908162981133 15.9818886352946 4.07280805496244
2013-08-19 0.370210201645181 59.6099386947496 16.1083605882943 4.18707521291283
2013-08-20 0.367278192209999 59.5791622628293 15.6848146927133 4.13810350577507
2013-08-21 0.366631248769427 59.1604422389892 15.7175394760524 4.21428154305917
2013-08-22 0.371608491396704 59.4232945269752 15.6482732942812 4.11361768621427
2013-08-23 0.372453696590599 59.6090234711739 15.9941114064633 4.0265570624587
2013-08-26 0.373257287591334 59.3546719275496 15.965696034891 4.159868678718
2013-08-27 0.364735100774351 58.6782652114801 15.8557436889969 4.49722906338195
2013-08-28 0.360988891568671 58.8703891050878 15.61700060775 4.48362549021179
2013-08-29 0.362610657956958 58.9356765559082 15.7589631228549 4.58701033375539
2013-08-30 0.358566191848055 58.813997961159 15.6760106388315 4.63598210890931
2013-09-02 2.18822269326844 58.0349815944593 15.4964293618261 3.76492325119398
2013-09-03 2.17145769276406 58.1276569028247 15.9594188985733 3.62572687706194
2013-09-04 2.17549496911019 58.5074044761751 16.0455382320032 3.61026075442956
2013-09-05 2.18586305765887 58.53330749021 16.0580402525184 3.53734851264659
2013-09-06 2.19666351705083 58.4746057298868 15.8251177811103 3.561652703714
2013-09-09 2.19683615419058 59.0256330979059 16.2183488738127 3.42908493614479
2013-09-10 2.24201865514911 59.5269706131662 16.4673914043101 3.30314544371911
2013-09-11 2.2550755827438 60.0580914267791 16.4693436942008 3.19709138432607
2013-09-12 2.25461625338974 59.9563659461801 16.4261859112068 3.24790889691383
2013-09-13 2.25870926101479 60.2519029006535 16.4460522282225 3.19930068048864
2013-09-16 2.28620317758957 60.7171162563178 16.4460522282225 3.16615886287857
2013-09-17 2.28194297612774 60.8540704483957 16.3398725749916 3.13301699003195
2013-09-18 2.29232402540193 61.4309204687667 16.5610121738255 3.01591534509512
2013-09-19 2.30775121667715 61.2726476678246 16.858793965787 3.00044922246273
2013-09-20 2.30285412355027 60.5459129988244 16.8316670441232 3.05789528637677
2013-09-23 2.29211976391145 60.3511218867237 16.8316670441232 3.09766565531312
2013-09-24 2.29989958883515 60.0894015853527 16.8204672942206 3.07998973938924
2013-09-25 2.30017306099265 59.8490764300213 16.6925035961311 3.06894259573783
2013-09-26 2.29976687066624 60.0647537347546 16.8964026037278 3.00928706995158
2013-09-27 2.29907943222481 59.7902215992659 16.8518187891726 3.13743580330328
2013-09-30 2.28126616549184 59.2864120296382 16.5044280695847 3.24790889691383
2013-10-01 4.07632822687236 58.0237139463437 14.6953108484784 4.52466213993418
2013-10-02 4.04831196580894 57.8000457338294 14.3765128210103 4.66825147674007
2013-10-03 4.03352981777458 57.2780848598879 14.3630800892762 4.84055877663342
2013-10-04 4.04528599166047 57.5687423825725 14.228206858727 4.80545930101375
2013-10-07 4.03056019400572 57.0480011879596 14.0547316140955 5.17240955363671
2013-10-08 4.01381677484894 56.4379993466584 14.0966219636626 5.41172524793302
2013-10-09 3.99542728115016 56.5390241553914 14.2419338473083 5.22346412682321
2013-10-10 4.07474720693121 57.7730448633152 14.4010846749114 4.71292389921918
2013-10-11 4.09307164602914 58.1971550968539 14.6141685458801 4.63634263772867
2013-10-14 4.09259289603378 58.4421696245225 14.6141685458801 4.68420593613172
2013-10-15 4.13041917848404 57.9332298887387 14.6515033776084 4.9650030972113
2013-10-16 4.14991598198249 58.7193472261363 14.6774751754025 4.3938363068241
2013-10-17 4.13395643016286 58.711022052959 14.7985807972642 4.15132965683193
2013-10-18 4.15887616428395 58.817966237589 14.7732480392279 4.10346635842888
2013-10-21 4.15987077332441 58.7895106969978 14.9071978801439 4.13537519744028
2013-10-22 4.19751380175247 59.0777251256176 14.9271636881134 4.14813870113609
2013-10-23 4.18456602213619 58.8702149151679 14.6357879334689 4.17366570852769
2013-10-24 4.21307477727009 59.2364219119484 14.6970258543667 4.10984819004868
2013-10-25 4.21547219161425 59.4696760091605 14.2930164727659 4.09708476612477
2013-10-28 4.21214613997787 59.4645175373177 14.6053418600777 4.11942073804863
2013-10-29 4.23250148631382 59.8900787017064 14.5342637047205 4.09389381042892
2013-10-30 4.22697959853796 59.6548402895234 14.7131970486324 4.13218424174443
2013-10-31 4.23807468508454 59.3759842218485 14.5362521612933 4.12580264944033
2013-11-01 5.61871897764972 58.5325662191222 12.848012659726 5.27681586116872
2013-11-04 5.63705774885562 58.620916028458 12.848012659726 5.14109105725713
2013-11-05 5.61951756063343 58.5425740246889 12.86954409528 5.12875254154153
2013-11-06 5.63932801362665 59.0248374861022 12.9708145518331 5.04649518744724
2013-11-07 5.66437828974295 58.4517167707526 12.8723217754539 5.22334841135142
2013-11-08 5.66266295130353 59.0806893821454 12.7441809781229 4.99919684125501
2013-11-11 5.68111380459434 59.1606017426931 12.909775393856 4.98891476196232
2013-11-12 5.66154030658185 59.0390438836682 13.1982264779362 4.97040683415619
2013-11-13 5.64803567097795 59.305026744855 13.1787579816014 4.95087089378226
2013-11-14 5.70718682661664 59.5096486569057 13.4585332337553 4.89843145653277
2013-11-15 5.71905713952749 59.8300594792034 13.720449701932 4.83571014563423
2013-11-18 5.75444878689892 59.8837333807375 13.7189839989661 4.83571014563423
2013-11-19 5.73440137767744 59.8500384839381 13.6848408016711 4.89534700754206
2013-11-20 5.73987815578125 59.6018602913676 13.6391725313303 4.79663816206454
2013-11-21 5.73614169082077 60.0110675090703 13.9010978338008 4.63932046724701
2013-11-22 5.75046318306471 60.2163995575175 13.9156815365597 4.57043005272341
2013-11-25 5.80093165605602 60.2455261511851 14.130464030525 4.58482500486191
2013-11-26 5.79476898584262 60.2464998454057 14.0364761477598 4.61053046014819
2013-11-27 5.83285546919922 60.3384479257919 13.9771191469678 4.61053046014819
2013-11-28 5.85546065699329 60.3384479257919 14.2281616698056 4.61053046014819
2013-11-29 5.86664446900535 60.297516222102 14.1691306748079 4.6670823589562
2013-12-02 5.64473638240837 60.4855734043375 13.2105115600971 5.65955237802847
2013-12-03 5.5375330221104 60.1298507936493 13.2903310819981 5.78930182054216
2013-12-04 5.48783937314401 60.0359583841963 13.0019713173552 5.74481674931146
2013-12-05 5.45441047513567 59.7780540512946 12.8075062068439 5.77200200196854
2013-12-06 5.50691957173984 60.5287616247122 12.9107680783164 5.57676004490692
2013-12-09 5.52058405018138 60.5489001383872 13.2064101589669 5.53103839852594
2013-12-10 5.47211578372247 60.3509169248976 13.1735841125323 5.56069568934447
2013-12-11 5.44970360048421 59.8612536369948 13.0923636700611 5.82143065523808
2013-12-12 5.41361462623828 59.4679327410159 12.9461759382361 5.84614485830183
2013-12-13 5.40728661145603 59.5281232100514 12.9978954620583 5.85603029238531
2013-12-16 5.50160586853252 60.0163142921341 12.7867643386763 5.86344480044646
2013-12-17 5.45451249268302 59.9811364658541 12.8928527735262 5.83873047381169
2013-12-18 5.5125270150231 61.0870759197242 13.153745426655 5.42229627575847
2013-12-19 5.60497946961779 61.1290539087044 13.38278278936 5.47790335622293
2013-12-20 5.64366754444103 61.2879666348614 13.3922340599435 5.51373857995232
2013-12-23 5.69688548594766 61.5655593412374 13.3922340599435 5.3184966228907
2013-12-24 5.69688548594766 61.803362059122 13.4081913715022 5.20975400583917
2013-12-25 5.69688548594766 61.803362059122 13.5100102936733 5.20975400583917
2013-12-26 5.69688548594766 62.2655627255767 13.64878138649 5.12325417154502
2013-12-27 5.75726517190981 62.2600060015517 13.6525787058782 5.18998264338817
2013-12-30 5.73491337836222 62.3577836893032 13.7474012645371 5.26041812211987
2013-12-31 5.73491337836222 62.6312217639792 13.7474012645371 5.25794657824248
2014-01-02 5.14432301067239 62.9531342510923 13.2321973159641 6.0418284073923
2014-01-03 5.16353771517971 63.0627978221213 13.2321973159641 6.00288490022874
2014-01-06 5.15962454876723 62.8909137852602 12.9215786357332 5.94307858634787
2014-01-07 5.20242086249659 63.2961694404771 12.8448155083355 5.80260343003772
2014-01-08 5.19784552602481 63.0350379219809 13.0942334060458 5.80955751349755
2014-01-09 5.15612771118993 62.9661915776831 12.8983897906947 5.8179028587196
2014-01-10 5.1843829940301 62.9366742461266 12.9241612547428 5.68020897417381
2014-01-13 5.20459335940803 62.2508693553839 12.9241612547428 5.88466325606031
2014-01-14 5.22119732672964 62.6947211428337 12.5264481767204 5.6496102558945
2014-01-15 5.32698375163316 63.108550805045 12.8402348492541 5.67603657973169
2014-01-16 5.31817298181751 62.8599381668006 12.7902584662645 5.69968079729782
2014-01-17 5.33199145019429 63.0190341021549 12.779910538775 5.72054360401513
2014-01-20 5.31718266554738 63.0190341021549 12.7045521475978 5.72054360401513
2014-01-21 5.32496463917343 62.8500965623578 12.8298623324865 5.64404729511242
2014-01-22 5.31948663437693 62.6927281428196 12.8501679396864 5.55920564098767
2014-01-23 5.27074147384222 62.018870025675 12.7485827937609 5.71498008689525
2014-01-24 5.13993365874511 60.8003472677305 12.5013985128425 6.21568397099948
2014-01-27 5.11651077802801 60.6424777915671 12.1880187459959 6.3130430866195
2014-01-28 5.14808279263315 60.9896859372069 12.1672499167257 6.05712769698973
2014-01-29 5.10967583083107 60.2630675606188 12.4951854730028 6.46047288272729
2014-01-30 5.12978785906264 60.6835642395533 12.1890982741093 6.3505960274431
2014-01-31 5.09312103208264 60.1101375815336 12.113943731735 6.88607088518432
2014-02-03 14.1646620318383 55.9827436783616 8.37415482075214 5.68171269958357
2014-02-04 14.0742924434462 56.2465481915342 8.024355432544 5.55419050514601
2014-02-05 14.0564221039005 56.228304254617 8.12282930021774 5.77280002725111
2014-02-06 14.2726881419088 56.9140309794644 8.10835995813562 5.19841327222507
2014-02-07 14.3425974873 57.51690959734 8.28438236043012 4.87157023088186
2014-02-10 14.3240028788934 57.5449867710435 8.43098443919208 4.87907154904427
2014-02-11 14.6152812750495 58.2477553995859 8.43098443919208 4.69475365994849
2014-02-12 14.7096923190264 58.1354858272887 8.47779527149949 4.59723663099888
2014-02-13 14.7972250584505 58.367276319225 8.32581459861507 4.56401629338484
2014-02-14 14.8984210497747 58.8290400197768 8.19881432202022 4.49543292020451
2014-02-17 14.8897237900014 58.8290400197768 8.24468592894697 4.49543292020451
2014-02-18 14.8943810990808 58.7416789376902 8.50253009282558 4.43970873526494
2014-02-19 14.8947966895201 58.4145078486437 8.45858896261818 4.7333315461558
2014-02-20 14.831270252765 58.7519851625337 8.27680366126884 4.55865831614481
2014-02-21 14.8900174118042 58.6429874059708 8.5153783048188 4.60902398803591
2014-02-24 14.9701809715992 59.0211383861442 8.49934489141725 4.57580418623031
2014-02-25 14.9553929185597 58.9210670018446 8.62188286406227 4.57473235502659
2014-02-26 14.8973880994081 58.9893484116908 8.57569631804682 4.62938503024751
2014-02-27 14.7842122956653 59.2597072337236 8.54828142953554 4.618668539959
2014-02-28 14.9441840543759 59.438366252713 8.50128711441836 4.70118314690717
2014-03-03 14.6395333214284 59.1252728196054 7.34243363167711 6.47778079570345
2014-03-04 14.9997159869528 59.9585053056834 7.37713575638566 6.05227442986286
2014-03-05 14.9259920921973 59.827948803765 7.46540664348986 6.04667551639684
2014-03-06 14.9273226113677 60.0536210671434 7.58423078603195 6.01448256879086
2014-03-07 14.6268009725492 60.1663643476804 7.65404610504218 6.14465419255828
2014-03-10 14.4934496603112 60.0418789116101 7.57690933827542 6.11945957185383
2014-03-11 14.5596013576161 59.7952936051861 7.62901048392515 6.20484100764773
2014-03-12 14.3733011916667 59.754446039065 7.43171163958514 6.20204148093004
2014-03-13 14.1059722602668 58.908999994233 7.42449100237784 6.452586174999
2014-03-14 14.1663833251435 58.7509487011695 7.1797869966097 6.63454687351885
2014-03-17 14.361098909952 59.4148627073732 7.15473620477608 6.32381466451376
2014-03-18 14.4575500870634 59.7402218883621 7.22168480105813 6.07466952384963
2014-03-19 14.5115163072653 59.3232574512168 7.24760764851617 6.19364318071567
2014-03-20 14.5413468190541 59.721423008693 7.12795696199828 6.15585145961299
2014-03-21 14.6145849443086 59.6180041699458 7.12795696199828 6.19784212086885
2014-03-24 14.3734249244778 59.5226348555965 7.25377124948369 6.21043936123641
2014-03-25 14.6074832415723 59.8561078387526 7.22765852703265 6.13205681222139
2014-03-26 14.7798305241932 59.4944758169519 7.25470349688302 6.24403228215523
2014-03-27 14.7839442878188 59.477069713708 7.32773054388804 6.16844869998055
2014-03-28 14.9966501409554 59.6922033192014 7.36438231414091 6.09566450455422
2014-03-31 14.947720339371 60.1844275564494 7.43042900395568 5.899707852078
2014-04-01 11.0557024279797 62.3486387914149 8.02891432281371 7.02902920964576
2014-04-02 11.0783237770595 62.5009620231301 8.1126828322633 7.08078919075387
2014-04-03 11.0846092327088 62.4992679050067 8.18083505667805 7.07216267101406
2014-04-04 11.1616805568175 61.8964715520757 8.17643285519564 7.21881609459859
2014-04-07 10.9488024462811 61.2672727457504 8.03806538871288 7.38444841371901
2014-04-08 10.9257100541062 61.3060017367011 7.92843865152582 7.24987218678376
2014-04-09 10.9436220877397 61.9887493783294 7.76169991251964 7.07043698749164
2014-04-10 10.883979388078 60.9819760491701 7.76193314145327 7.49487007482186
2014-04-11 10.7236760709903 60.4409155315393 7.5773470678021 7.72088958492559
2014-04-14 10.7511663722942 60.9933671427137 7.5502675665937 7.65705223463435
2014-04-15 10.5606903895761 61.3302128814011 7.59729982595316 7.57768614811515
2014-04-16 10.7265888979565 61.942249541286 7.82574306212346 7.30680801072223
2014-04-17 10.8323714153046 61.8807383557056 7.82566196145921 7.19638652215323
2014-04-18 10.8323714153046 61.8807383557056 7.8792564426777 7.19638652215323
2014-04-21 10.8323714153046 62.0342695685134 7.87714518854328 7.06353546113886
2014-04-22 11.0515349826415 62.2798502695705 7.81005097674887 7.0549087688652
2014-04-23 10.9871840922468 62.2318846561794 7.89554008171978 7.0738876644011
2014-04-24 10.9923520846968 62.2318846561794 7.81885537917089 7.16878110687751
2014-04-25 10.822977518897 61.7031911944382 7.83202858913116 7.21709110121154
2014-04-28 10.8745630077632 62.0323471123856 7.75547958357429 7.06526114466129
2014-04-29 11.0331507800484 62.3590465648994 7.75547958357429 6.93586076055639
2014-04-30 11.0551504412068 62.5305280517375 7.76409899300104 6.9444872802962
2014-05-01 10.7634008893991 62.9769932383119 7.30650090825987 7.24736973027068
2014-05-02 10.7104863775899 62.8021269073697 7.29256893722635 7.2095199308716
2014-05-05 10.6807630105966 62.8692923348834 7.29256893722635 7.13021539187001
2014-05-06 10.6113066941142 62.3766567215491 7.29256893722635 7.17887983164139
2014-05-07 10.6715721464971 62.8236091460254 7.07866739366448 7.0382936522754
2014-05-08 10.7680745814769 62.9469537548011 7.14440769706336 7.05091031215443
2014-05-09 10.7389893310908 63.0700606624364 7.16247054255727 6.8977081938614
2014-05-12 10.8746183391829 63.4965187912445 7.13721438052308 6.69223705606956
2014-05-13 10.9328665513464 63.57246430558 7.27639271826912 6.71206341611746
2014-05-14 10.9328216740967 63.1865565042539 7.26646551771568 6.67421289576639
2014-05-15 10.8226013521929 62.5508099490703 7.21221590074553 6.74450553485439
2014-05-16 10.7923952913749 62.7200531609854 7.11051591048773 6.58769865659593
2014-05-19 10.8263446830681 62.7982048385542 7.06504329266584 6.50839429783233
2014-05-20 10.8035815051452 62.275072910543 7.09975179647374 6.45071813838536
2014-05-21 10.869473994147 62.878837522726 7.08306574519877 6.34798247937044
2014-05-22 10.8952975102091 62.9169439858344 7.23218064239381 6.35158741957388
2014-05-23 10.9480872444345 63.1572672663935 7.29491958470563 6.29931821983706
2014-05-26 11.0879762063999 63.1572672663935 7.36571387884834 6.29931821983706
2014-05-27 11.1417751071301 63.4205658492238 7.38286395157033 6.10466082122753
2014-05-28 11.1399253328015 63.2596124664793 7.40023125720168 6.08843940138307
2014-05-29 11.139623239645 63.5089535311973 7.40566355887762 6.06320608162502
2014-05-30 11.1445202173353 63.5790456568537 7.38077585556317 6.0415777020704
2014-06-02 12.2934013538744 61.6285279325345 7.47351039930246 6.75047974611117
2014-06-03 12.2558669230926 61.5501617810296 7.52271197940834 6.77474729538577
2014-06-04 12.2644285720817 61.6060698236981 7.53957948709513 6.7039667579562
2014-06-05 12.2905720042573 61.9689149641443 7.54528880530043 6.46128904066634
2014-06-06 12.3392018297143 62.2934432905596 7.54422307230019 6.13771881835696
2014-06-09 12.365690334118 62.3627154892576 7.56762033201335 6.216589010751
2014-06-10 12.3906103294052 62.3730962567246 7.50297222155434 6.10940623936886
2014-06-11 12.2930176721836 61.997519579404 7.5403403061414 6.24692349790206
2014-06-12 12.2792920081655 61.5937768108517 7.49232955143958 6.54622576647433
2014-06-13 12.2473788742413 61.7467133805266 7.5545305324607 6.43499877430373
2014-06-16 12.2116856329879 61.7661090243262 7.47219448049384 6.42488721117629
2014-06-17 12.256583611091 61.8672567863617 7.49355018498159 6.20243282237258
2014-06-18 12.2689507051008 62.2284412950842 7.56351718718338 5.86875123916701
2014-06-19 12.3599701006664 62.2830697152092 7.68628854270424 5.89908592854934
2014-06-20 12.3392633626962 62.3773664599471 7.68041406283642 5.97795591871212
2014-06-23 12.2573244309302 62.341220693387 7.69035161877589 5.83032729928274
2014-06-24 12.2785258518701 61.9027411763428 7.6938341857141 6.03862570193929
2014-06-25 12.191632842948 62.0844908443183 7.63897850441158 5.81414879827883
2014-06-26 12.1139819744875 62.0058011874385 7.65993400867801 5.88695225502767
2014-06-27 12.1266700088845 62.0268143323472 7.55310955512705 5.83639443939046
2014-06-30 12.1487859910107 61.9339122288059 7.58668429496694 5.7838141088965
2014-07-01 11.1423169109188 62.1007309564677 8.30632091985073 5.90382783644282
2014-07-02 11.1522855915054 62.1746022530881 8.33004263656315 5.84232941775042
2014-07-03 11.2852408917602 62.5116190319952 8.31829292406566 5.76174577285026
2014-07-04 11.2623432537043 62.5116190319952 8.36644133954664 5.76174577285026
2014-07-07 11.1464353646541 62.350292476594 8.33517546123292 5.88898344173912
2014-07-08 10.996331561842 61.9196185991085 8.29993108764539 5.97805002202409
2014-07-09 11.0363106735391 62.2089162476534 8.29355766300071 5.86353590796134
2014-07-10 10.8685748766829 61.9505705760042 8.24685043986896 6.06075429473907
2014-07-11 10.8766876158153 62.0558302009361 8.21843518959722 6.00137650386149
2014-07-14 11.0079660848362 62.4645937671139 8.29039794261693 5.8274852351095
2014-07-15 10.9364030008125 62.48385738818 8.34369506082491 5.92715495446855
2014-07-16 11.0937745350817 62.7677686630168 8.33509924688334 5.7829520509984
2014-07-17 10.9751887727626 62.1766909949677 8.33019982862528 6.34703904973899
2014-07-18 10.9370886772549 62.6285240961875 8.24643867047148 5.9144307634541
2014-07-21 10.8155997786005 62.4510813362314 8.24643867047148 6.04590990003537
2014-07-22 10.953191085389 62.6774521128361 8.31557778765873 5.92503432665374
2014-07-23 10.9748283525315 62.5789022103954 8.30759962727142 5.9759291821465
2014-07-24 11.0203994637845 62.5685371960242 8.28367731926862 5.93563725366503
2014-07-25 10.8515615301653 62.1172119738356 8.37768189737343 6.11376999010942
2014-07-28 10.7999819590358 62.1978573714636 8.41644906756364 6.07559868944277
2014-07-29 10.8623862072535 61.9397262973103 8.46450539009583 6.06923701806111
2014-07-30 10.7949294910563 61.8234435636587 8.47976731400517 6.16678568547978
2014-07-31 10.5854157793458 60.662232853799 8.46596828233015 6.68846033998686
2014-08-01 7.05644426481146 63.137804508659 10.21031032775 5.9975181542414
2014-08-04 7.01358464544859 63.4283940509639 10.1783369172796 5.7322539604152
2014-08-05 7.04086058102962 62.8931966876393 10.0769183159704 6.13923528348396
2014-08-06 6.99512035998397 62.9462887578934 9.97133675480061 6.16103765320815
2014-08-07 6.92534544213694 62.6589141950568 10.0190762286037 6.2900359007086
2014-08-08 6.9026290875928 63.3696346426198 9.72045818211144 6.03385592161619
2014-08-11 7.03396509284217 63.4310781878606 9.95208410740238 5.78676052063343
2014-08-12 6.94871348543885 63.3949358021324 9.97233622479797 5.75042293494656
2014-08-13 7.04786306344261 63.7442922328341 10.0067498584101 5.43065199921421
2014-08-14 7.06795170909941 63.9807878295386 10.0731433247539 5.24714719149554
2014-08-15 6.96643479967308 63.7868197201514 10.0756227306615 5.24714719149554
2014-08-18 7.08345159354563 64.4599099175878 10.0784245868351 5.05092422878646
2014-08-19 7.15160215120049 64.7694080454198 10.1620839651151 4.99641803194409
2014-08-20 7.13650106195043 64.9973353374836 10.165149178069 5.03457231522737
2014-08-21 7.20312677126782 65.2283953705451 10.2518076089618 5.0527411080708
2014-08-22 7.1553484308583 65.0818968506696 10.2208869829919 5.03275579931889
2014-08-25 7.28633951152989 65.3714845176282 10.2695995911801 4.97824923910066
2014-08-26 7.34610864006884 65.4856762038229 10.2090667710448 5.02003728095263
2014-08-27 7.33198022148701 65.5442860800188 10.2180125422427 5.05637504832742
2014-08-28 7.24988530421801 65.3818247946865 10.1687077034314 5.13631773683853
2014-08-29 7.25571609225338 65.4540946098658 10.1455085620267 5.10724784997696
2014-09-01 4.78006921493752 66.9584035850536 9.99815862068882 6.22593569344288
2014-09-02 4.79418359021237 66.8374419621899 10.1221940356811 6.26358809579908
2014-09-03 4.85443007250538 66.8794171366186 10.1607935984196 6.1904981382841
2014-09-04 4.9037331253085 66.8453505491043 10.1270909015376 6.20378699998392
2014-09-05 4.91521038077476 67.1107777504317 10.1222457681395 6.07975577841291
2014-09-08 4.92076285896631 67.0091975228623 10.1457806250545 6.09304464011273
2014-09-09 4.89689532797711 66.6271836641448 10.174231273563 6.25251363832724
2014-09-10 4.89158513987321 66.8419469523134 10.1998328822087 6.21707608316846
2014-09-11 4.88710228284114 66.7647579087493 10.2776262936598 6.2015721527865
2014-09-12 4.86685531266811 66.5239590004988 10.3028790281521 6.33889290051149
2014-09-15 4.87114167816719 66.6948196808018 10.3028790281521 6.50279159312085
2014-09-16 4.85767734938286 67.0896754346636 10.2791315654915 6.17499376493269
2014-09-17 4.87208473757755 67.1871025058188 10.2643633721418 6.1196225849971
2014-09-18 4.94098422188757 67.6145027877201 10.379936206079 6.02438459847732
2014-09-19 4.94155399735925 67.6683484925265 10.5437660647677 6.03102891858487
2014-09-22 4.91648141824904 67.2490939066113 10.4692998975096 6.23700970794528
2014-09-23 4.83856549704268 66.7916578170082 10.4692998975096 6.47399835806962
2014-09-24 4.87232161070776 67.3954792665478 10.4444603870023 6.2658029429965
2014-09-25 4.79569150081685 66.3606244772925 10.5779854499054 6.71541670258881
2014-09-26 4.78587826488227 67.0159741281678 10.4847784584775 6.50500644031827
2014-09-29 4.75176905807712 66.8517753207006 10.5369633204678 6.82394399377785
2014-09-30 4.77768374260461 66.7408715272476 10.4483812860101 6.90589356156725
2014-10-01 3.93299692692514 66.980544387725 10.9682566502107 6.99103215256869
2014-10-02 3.85487777181593 66.9659556626164 10.6816352525054 6.91868844975617
2014-10-03 3.85487777181593 67.7975517479314 10.7134579500332 6.49339560500195
2014-10-06 3.86067541397764 67.7266866794227 10.8377882544094 6.59423812303243
2014-10-07 3.80898748076439 66.64047302124 10.7647312545707 7.07433724169736
2014-10-08 3.7708901510652 67.7358961026888 10.6366159272282 6.47804953262534
2014-10-09 3.77495202123228 66.4007633459483 10.556786114415 7.06118362196265
2014-10-10 3.68431565709362 65.9417946731699 10.4351292356835 7.85915636709563
2014-10-13 3.69421733602712 65.0528401542503 10.4351292356835 8.6724756230519
2014-10-14 3.69957489435635 65.0294040059733 10.1868502586309 8.5343646984592
2014-10-15 3.59340705515653 64.3380628341376 10.2802922997697 8.63959190255014
2014-10-16 3.59799743548616 64.2404102566221 10.051723680769 8.84127781550446
2014-10-17 3.71007999921449 65.2893580610246 9.91131818527766 8.45763696725624
2014-10-20 3.65453120184678 65.3661240117286 10.3060115397084 7.8043505316316
2014-10-21 3.72546082236669 66.2236357080369 10.0966684111934 7.23217848628046
2014-10-22 3.7477540296427 65.6118513377832 10.3636680323624 7.78681310272979
2014-10-23 3.79268023022189 66.4751004379003 10.3249233328366 7.33959748534328
2014-10-24 3.76773342062348 66.9833313444575 10.4290524187724 7.2716378109212
2014-10-27 3.73202154940733 67.0332708606414 10.4952620114658 7.16202613999313
2014-10-28 3.8014335976511 67.7818497993824 10.455153291093 6.68631192661201
2014-10-29 3.80756201879463 67.6565378148465 10.6079235495858 6.8003080643772
2014-10-30 3.8209892797973 68.5378398712383 10.6790504076942 6.82661464617659
2014-10-31 3.90987349652425 69.3154716953659 11.194349653089 6.64685172507791
2014-11-03 1.62208103509557 69.9280137137629 12.1555470317631 7.3609047894355
2014-11-04 1.60713775733676 69.9988814291033 12.4878491353718 7.31551182502212
2014-11-05 1.63326349569071 70.4043240208987 12.5432805511766 7.2247247016311
2014-11-06 1.64412149677968 70.6859545599231 12.436016429564 7.03598378597092
2014-11-07 1.62911692263872 70.7643093535687 12.5011128693796 6.93564038733715
2014-11-10 1.63964361573897 70.924613044473 12.4271657435907 6.66327925607694
2014-11-11 1.64265226961017 70.9292846068557 12.6816110295487 6.66566862352869
2014-11-12 1.61493813600201 70.9184078949069 12.7356292864159 6.75645574691972
2014-11-13 1.62152166392426 71.0818495529571 12.8805872920484 6.82574023563494
2014-11-14 1.622298482876 71.0091729876848 12.9531935807976 6.84724239248503
2014-11-17 1.63166260131152 71.0615589435971 12.5702969120221 6.83290762125164
2014-11-18 1.65799345961626 71.2229086248922 12.8445003890893 6.71345119430668
2014-11-19 1.66084596226451 71.2144935293969 12.8035390270981 6.87591217386468
2014-11-20 1.66280436107314 71.3484587509227 12.8125068735536 6.80423807878485
2014-11-21 1.70638738059687 71.71512897393 12.8544604845474 6.67044688060649
2014-11-24 1.71567804629129 71.7466973912362 12.8544604845474 6.52470980082079
2014-11-25 1.72894509373298 71.7347746888965 12.8915700117506 6.47931683640741
2014-11-26 1.73847409577213 71.7863584568408 12.8737673897395 6.37897343777365
2014-11-27 1.74887288858232 71.7863584568408 12.7737310626218 6.37897343777365
2014-11-28 1.74992126027274 71.7883324644218 12.9302503579551 6.54621219658374
2014-12-01 4.50867671311987 69.3563672580157 11.1806134047101 7.96905890338764
2014-12-02 4.49535922238856 69.7572474176999 11.2270906107474 7.52276901138627
2014-12-03 4.51242369334372 69.8862639572356 11.2634537672263 7.39725033664124
2014-12-04 4.45792211961995 69.837418877067 11.3694632112234 7.40282923573563
2014-12-05 4.56461273608199 70.0663963689445 11.3905901166053 7.28009931321027
2014-12-08 4.53197259907807 69.6516323228361 11.4002460731568 7.54508349203979
2014-12-09 4.43183908815881 69.451558009563 11.3225353603705 7.65386714308771
2014-12-10 4.4345634819576 68.405762807891 11.0677784980288 8.45997747776504
2014-12-11 4.46298158165672 68.6522970950832 10.9691432357405 8.96484232361988
2014-12-12 4.34179710264982 67.4213325658764 11.0417180913351 9.45297158791559
2014-12-15 4.22381605080645 67.0312196610319 10.8687153270185 9.21866954105365
2014-12-16 4.32784104753251 66.5943648357414 10.6500112588737 9.65938109182265
2014-12-17 4.31903504738287 67.7179997358781 10.6909516219621 8.70822579610442
2014-12-18 4.43969011454581 69.3616327750212 10.9390468919994 8.41534851645801
2014-12-19 4.4287845854255 69.4656095399735 11.2005087976065 8.34003714425238
2014-12-22 4.46444298835238 70.0689338759804 11.2092423606823 7.94674442273412
2014-12-23 4.48994269486502 70.3214804526145 11.2092423606823 7.95232304289751
2014-12-24 4.48994269486502 70.345049537371 11.3485001762212 7.8965365623327
2014-12-25 4.48994269486502 70.345049537371 11.3195918952759 7.8965365623327
2014-12-26 4.48994269486502 70.4367350240141 11.3260821683735 7.97463752355102
2014-12-29 4.49221412762938 70.3763378183235 11.269435047529 7.95232304289751
2014-12-30 4.43719684161953 70.1611299103297 11.0920524657505 8.14478571746511
2014-12-31 4.43719684161953 69.5368882991427 11.0920524657505 8.78911606740443
2015-01-02 2.99782735836421 70.7852938206817 11.5007121356983 8.57142035917289
2015-01-05 2.908313626882 69.4700916121067 11.4729939442417 9.18544245100714
2015-01-06 2.90723910713079 68.9540379741519 11.1266555601737 9.39011712698741
2015-01-07 2.92213487726048 69.7990278334917 11.1280663123971 9.09416940887463
2015-01-08 3.02020189372137 71.0825140492254 11.3137630095476 8.51057129563568
2015-01-09 2.96214394846879 70.4057406961275 11.3339498960172 8.84524114509032
2015-01-12 3.00309862131161 70.0225825964039 11.3339498960172 9.26288754345081
2015-01-13 3.05194309910641 69.9147745621119 11.2614428955042 9.51181470088852
2015-01-14 3.01389898374682 69.1741350642944 11.0691686946657 9.71372295717107
2015-01-15 3.08006799414646 68.7518804665671 11.2752749604785 9.99307602931064
2015-01-16 3.12156262483049 69.5094672027087 11.1141145391859 9.81052883869902
2015-01-19 3.1444591296472 69.5094672027087 11.2130551233295 9.81052883869902
2015-01-20 3.14899675717332 69.5239956292527 11.4450440589131 9.71372295717107
2015-01-21 3.16192187465758 69.6789939064381 11.3884852520391 9.25182380076649
2015-01-22 3.2037942662684 70.7098375016163 11.4204743158111 8.65716194484321
2015-01-23 3.26948118171544 70.1486480665074 11.5409005536717 8.87843099021003
2015-01-26 3.31514827114227 70.1728595240575 11.5124100519447 8.47184888770717
2015-01-27 3.26303406320813 69.0158419210012 11.7099771479862 8.85077287813916
2015-01-28 3.28832815039285 68.2384782281425 11.7280543419518 9.58925868698559
2015-01-29 3.29658672192728 69.1334880368606 11.6031602929073 9.26565285680193
2015-01-30 3.28321668603178 68.13360843811 11.6480868302638 10.1977495989443
2015-02-02 10.5285483243801 59.8408054195849 11.5233357265767 11.3699720828082
2015-02-03 10.5897480612296 60.8933384970176 11.3775128557662 10.8291654187438
2015-02-04 10.6095548185048 60.9161536446231 11.6025518692585 11.1256317225381
2015-02-05 10.6038081148727 61.64640673947 11.4882762485794 10.7216550086507
2015-02-06 10.5464198889626 61.4375562253186 11.5827052128294 11.1744988172307
2015-02-09 10.3685977668179 61.1098366978396 11.6243340978817 11.2298832837996
2015-02-10 10.456420163557 61.5908398355583 11.5854483407998 10.7998445755114
2015-02-11 10.4547479986175 61.568024684506 11.5854483407998 10.8519701932485
2015-02-12 10.6176545192986 61.9480056504288 11.8000852600422 10.2134270592889
2015-02-13 10.6601945612034 62.1098996372757 11.7565323405444 10.0896276176316
2015-02-16 10.621135585999 62.1098996372757 11.8165247982834 10.0896276176316
2015-02-17 10.5942888310027 62.2072056796329 11.8049216250519 10.1156905893937
2015-02-18 10.6578605558611 62.1460915065907 11.9441097161071 10.0375016741073
2015-02-19 10.6976687297537 61.9941543235075 11.9871755378449 9.81270919423315
2015-02-20 10.7450211131698 62.527277523888 12.0314834586081 9.46411629534023
2015-02-23 10.8230811410576 62.4459333367628 12.1198339601355 9.49343713857264
2015-02-24 10.8958322086647 62.7642480967843 12.2094586058337 9.10900830508106
2015-02-25 10.9002362425888 62.8172635290587 12.1974606269872 9.15461883145195
2015-02-26 11.013923555572 62.7822767111181 12.3291076802867 9.05036727019054
2015-02-27 11.0863337330504 62.5005981393741 12.3370819782256 8.99824132666625
2015-03-02 8.89379266887299 62.6811367246672 12.9828378449306 10.3644879388455
2015-03-03 8.79246431365143 62.3889168507717 12.9747553597002 10.589634110358
2015-03-04 8.8782189145628 62.0240135221899 12.8978242683293 10.5663423507319
2015-03-05 8.96678760031979 62.1570634646884 12.9310902752317 10.4343601122591
2015-03-06 9.00339048962285 61.2010397720207 13.0822210328292 10.8807714011069
2015-03-09 9.0276630150984 61.6772375439232 12.9577849689338 10.737143282821
2015-03-10 8.96395829205797 60.5366870461045 12.8712817693154 11.0670988790032
2015-03-11 9.20216593979269 60.4422681763823 12.9115608569415 11.3465906781222
2015-03-12 9.19702112038594 61.332791079374 13.0960882664269 10.6672703330413
2015-03-13 9.27669693427755 60.8327091154334 13.2775475368379 10.9079438267271
2015-03-16 9.48411559026054 61.61451476468 13.2719001679968 10.6400975192381
2015-03-17 9.338459884899 61.1746520231218 13.4035701974119 10.5973969950785
2015-03-18 9.29318943278454 61.953030344363 13.4776877058284 10.1432228215102
2015-03-19 9.27497438263729 61.5514840605795 13.4308507740833 10.1432228215102
2015-03-20 9.38407362968647 62.1294038583579 13.4885420213783 9.98794998796043
2015-03-23 9.27219911824345 62.0896080252955 13.4885420213783 9.79774029133779
2015-03-24 9.35782203516272 61.7300866744359 13.5942069475732 9.76280381644792
2015-03-25 9.24841070301505 60.7272451431231 13.6167910358567 10.1975688372997
2015-03-26 9.23154294273899 60.5890943734733 13.4270984322974 10.1121681771636
2015-03-27 9.25075666177184 60.7070962039478 13.2991874785193 9.99183181850375
2015-03-30 9.42042685215786 61.610712572674 13.3859169507042 9.6890486479418
2015-03-31 9.32701781921533 60.9245909604367 13.2449576520257 9.94913129434419
2015-04-01 12.3675569705278 56.9149693411812 13.7994322770249 10.3637391372879
2015-04-02 12.332529651011 57.1241953206994 14.0009333898096 10.1769315210304
2015-04-03 12.332529651011 57.1241953206994 14.0895890657811 10.1769315210304
2015-04-06 12.332529651011 57.502411277954 14.0626934603494 9.9616979389268
2015-04-07 12.493423251716 57.4849501336677 14.2385379068878 9.92920972846509
2015-04-08 12.4030894816962 57.5720674343109 14.3467532512264 9.73427965348952
2015-04-09 12.5376537209441 57.7528656657671 14.4539816911572 9.3972144699492
2015-04-10 12.7522989491461 58.0709788518186 14.4321678609434 8.98705081287001
2015-04-13 12.7152005441894 57.8117436423526 14.4305947624498 9.20228561328152
2015-04-14 12.6006789428708 58.0036026960182 14.4329282164218 9.12512570733231
2015-04-15 12.6045332971114 58.2477195643962 14.4047129631143 8.92613582435692
2015-04-16 12.3649605654906 58.2257235445556 14.4163193474968 8.73932861420205
2015-04-17 12.0453370347732 57.3269895719961 14.247485173756 9.05202804599871
2015-04-20 12.2547471854515 57.9979121219373 14.2341527692651 8.74745107292011
2015-04-21 12.3038715763018 57.7234706431825 14.4332255617103 8.74339004661239
2015-04-22 12.2294583992161 58.0086526085466 14.596203445628 8.64998562932969
2015-04-23 12.0812811465615 58.074320335684 14.6351698614723 8.56876550927803
2015-04-24 12.1712133799343 58.1433044243437 14.5136589266626 8.48348355071339
2015-04-27 12.406489966837 58.0076916178257 14.4870394274666 8.71090183615068
2015-04-28 12.1720486577355 58.2397803959032 14.5418671007691 8.43475164112344
2015-04-29 11.7815462830267 57.999840383965 14.5418671007691 8.62561987758604
2015-04-30 11.8038673174354 57.3727151626832 14.1511594014115 8.86928145604892
2015-05-01 10.4738144140476 56.2253808518593 16.3287592291578 9.16906884251431
2015-05-04 10.6251189123242 56.3699362571588 16.3287592291578 9.17347537119766
2015-05-05 10.3579605361242 55.9263450346132 16.3287592291578 9.45987065543412
2015-05-06 10.3785076085436 55.657388877776 16.3287592291578 9.6317089715589
2015-05-07 10.4313772532553 55.9134346025374 16.128415791613 9.56121156236621
2015-05-08 10.707305417105 56.7464834053413 16.2013157487287 9.08094796224107
2015-05-11 10.6740389828017 56.4783985050201 16.4033981651169 9.30565845404274
2015-05-12 10.4903011846249 56.3631672668666 16.4066834478289 9.27481495630333
2015-05-13 10.3797050712855 56.3390218940954 16.5236261078591 9.10738405007952
2015-05-14 10.5702284928859 56.93717882717 16.3610372909805 8.92673443902328
2015-05-15 10.4670939759321 57.000567281424 16.497040140717 8.83861223692362
2015-05-18 10.6017384689751 57.0826725075178 16.628586958221 8.5566230407617
2015-05-19 10.8386120151015 57.1248157158469 16.7423782293809 8.4332521340657
2015-05-20 10.8341677400834 57.0406206932007 16.8846512003942 8.45087692697268
2015-05-21 10.8489078757796 57.0416808206928 16.8899252869897 8.21735425902192
2015-05-22 10.803572157835 56.874101102575 16.9413745706623 8.23057252324555
2015-05-25 10.803572157835 56.874101102575 17.0662414233382 8.23057252324555
2015-05-26 10.629947162347 56.2799044238389 17.0860641509177 8.54340433592926
2015-05-27 10.7634486630892 56.6587667996503 17.1154079916105 8.2349790519289
2015-05-28 10.6778983676283 56.5437488079528 17.1813536660925 8.31869384412759
2015-05-29 10.4367269921438 56.1836397640817 17.1911262378216 8.38037951777999
2015-06-01 7.69696507828987 56.0567931909667 20.0200879478932 8.41802629467734
2015-06-02 7.62478110578866 55.9684536936846 19.9941213412745 8.54313541254018
2015-06-03 7.68590717482325 56.1683463815902 19.9263040181618 8.39568590737864
2015-06-04 7.63272289345725 55.6379634780079 19.9405913538163 8.67271180359274
2015-06-05 7.53617525329471 55.4635846168856 19.9140316602417 8.53419863207735
2015-06-08 7.44717832520037 55.2059580967155 19.9104199063399 8.69952035771452
2015-06-09 7.4043526121493 55.1981534386491 19.5591768865952 8.6012211344235
2015-06-10 7.58210327801071 55.9325983956529 19.510570289562 8.23483145493118
2015-06-11 7.6274601360232 56.0536858935077 19.838184838037 8.04270028153886
2015-06-12 7.53573093856525 55.6170195660268 19.8616498296983 8.15440445211579
2015-06-15 7.39336832354679 55.2824570909872 19.8428744143431 8.50292191113249
2015-06-16 7.43310486948289 55.6345466657564 19.7164953608664 8.35100423914787
2015-06-17 7.3886839633283 55.7316800541093 19.6788589892361 8.32419434457604
2015-06-18 7.47099054432921 56.2913031146264 19.4565156469106 8.08291378294656
2015-06-19 7.43047316164733 55.9809132293875 19.6350332128059 8.16334078576194
2015-06-22 7.71342113613164 56.303544166923 19.882195003862 7.7969515530863
2015-06-23 7.76863769481858 56.3790235761087 20.2532361352119 7.59141543240807
2015-06-24 7.7206629324306 55.8259246284095 20.310279028097 7.72992815710678
2015-06-25 7.7219216035178 55.5906682262521 20.2162327712556 7.80141882627601
2015-06-26 7.73491122210427 55.7656721917262 20.1527267406802 7.75226943803885
2015-06-29 7.45948175385815 54.6770924274437 19.5724605359582 9.05697415037737
2015-06-30 7.36644656224098 54.7490579244395 19.6948799675032 8.99888753486069
2015-07-01 6.6046862084218 53.0693341165433 23.2145360060168 7.92071565806239
2015-07-02 6.5567480242399 52.9862517649249 23.4351325018111 8.42261317082946
2015-07-03 6.53255163861187 52.9862517649249 23.4548752942975 8.42261317082946
2015-07-06 6.43345047084445 52.8471994334845 22.9665088055328 8.63349483313774
2015-07-07 6.30712252756433 53.1261154235415 23.2685142126543 8.18220849756134
2015-07-08 6.3487807164132 52.3446545154476 22.5388828515047 9.00464698056364
2015-07-09 6.49593833008207 52.4438700441917 22.6734692844298 9.07212911250229
2015-07-10 6.6845118400658 53.0768053411484 22.5870599947004 8.37200199363879
2015-07-13 6.78419797196251 53.7261131305088 22.9409872525196 7.55378114388266
2015-07-14 6.80340889729487 53.9529406750284 23.2784948944371 7.48629901194401
2015-07-15 6.8168538332103 53.9427494584627 23.36756495584 7.4652112674765
2015-07-16 6.92147235221069 54.1521830596931 23.5237676512331 6.97174817767512
2015-07-17 6.89587009203073 54.0511697690225 23.5817782753739 6.91270046870216
2015-07-20 6.93267261990255 54.092891887432 23.5817782753739 6.89583035748082
2015-07-21 6.85533394960686 53.5516133378391 23.7999437214604 6.83256628055166
2015-07-22 6.80563568226942 53.3476489061219 23.5164031341519 6.79882521458233
2015-07-23 6.80057926494201 52.9916625662429 23.619495217834 6.87474176948667
2015-07-24 6.70330913677114 52.5033713431506 23.4602882817656 7.1067120197891
2015-07-27 6.53137651958562 52.1210255874677 23.2382643811412 7.47364569044219
2015-07-28 6.60079337252157 52.687881405303 23.2140453361774 6.95487722292714
2015-07-29 6.62320544550437 53.0498505643752 23.1843776186248 6.81991295904984
2015-07-30 6.64996609575312 53.0336823681255 23.4355094257563 6.76930093833252
2015-07-31 6.68058958272676 52.8659650487839 23.5067770722574 6.75664846035735
2015-08-03 8.03094960592932 51.3561764970506 22.8719693145266 7.55088474661897
2015-08-04 8.03961697354273 51.2175304971011 22.8410809667523 7.57481023694412
2015-08-05 8.16609804878002 51.1877094954152 22.9453791428817 7.52217415822878
2015-08-06 8.13016688271698 50.8354147149684 23.0014555814047 7.79014012838033
2015-08-07 8.06401060915417 50.7000973589379 23.0683759871719 7.71836270038525
2015-08-10 8.14397833778279 51.4057014744476 23.1620193351501 7.43604239305822
2015-08-11 7.92563426235551 50.7860664296512 23.0641344916423 7.76142858297053
2015-08-12 7.66665011852101 50.7851031751832 22.6990615262502 7.76621415954536
2015-08-13 7.72982383600595 50.8018546886063 22.92477604056 7.67051267675455
2015-08-14 7.70912824079723 51.0036537272944 22.8400678779215 7.65615690404965
2015-08-17 7.67768187483247 51.2014515528707 22.9522794539592 7.56524004081406
2015-08-18 7.66055136679964 51.1026979827202 22.8790500680967 7.64658670791959
2015-08-19 7.49649707609264 50.6281610338738 22.50968125704 7.79492522644536
2015-08-20 7.3210806994092 49.5833031264223 22.2991826456054 8.44569808477977
2015-08-21 7.10516406181014 48.033882079519 21.6338983326231 9.90993761416946
2015-08-24 6.77105473125682 46.3167748940006 20.6375121504045 11.6708537021009
2015-08-25 7.10769087349442 45.7187959853843 19.820523177937 12.6852949703973
2015-08-26 7.01597521859246 47.5254032233114 20.4551321959413 11.5416570113647
2015-08-27 7.23927422987101 48.6030003926925 20.6750899292187 11.8048369264316
2015-08-28 7.22728095502583 48.5686823037001 21.3005159249117 12.3742640746801
2015-08-31 7.19986227349174 48.2331390366763 21.026873165728 12.8384181084783
2015-09-01 12.9369141488284 36.2950273552111 29.7142502502761 10.3521008300588
2015-09-02 12.9788672677671 36.9573333872565 29.5992759860992 9.24823572204208
2015-09-03 13.3273497269806 37.0101765195652 29.7415689383757 9.19438864360225
2015-09-04 12.9659378509333 36.3945444312618 29.1032553835201 9.86747712410021
2015-09-07 13.0570921289521 36.3945444312618 29.2149933218759 9.86747712410021
2015-09-08 13.2673130861351 37.2766987275706 28.5060811982435 9.00592386906282
2015-09-09 13.3083365466463 36.7362645264157 30.7035758788701 9.20448497080972
2015-09-10 13.1886240273679 36.9099156105498 29.9333237005556 8.96890400263543
2015-09-11 13.0764017382737 37.1420139641463 29.8754212439534 8.77034256434429
2015-09-14 13.0869685402183 37.0015882131839 29.3871192665575 8.77370834329102
2015-09-15 13.1598059349218 37.5189238197539 29.4865412718547 7.90878964585113
2015-09-16 13.2102848990013 37.8355764833971 29.7239176980687 7.43426226710006
2015-09-17 13.2133463322693 37.6881913565312 30.1503045585877 7.39387662172594
2015-09-18 12.8085080158144 37.0323723554609 29.5580727214477 8.29581552213746
2015-09-21 12.85029336745 37.3162742390729 29.5580727214477 7.75734440119484
2015-09-22 12.3622324968791 36.910072323542 29.5580727214477 8.19485225006276
2015-09-23 12.4164313488901 36.7957514004314 29.5580727214477 8.01311802378407
2015-09-24 12.1774957344303 36.6181692535212 28.7428538093165 8.23860300129513
2015-09-25 12.5144829965351 36.8743616578357 29.2477719144146 8.44389498784701
2015-09-28 12.2497137787976 36.1674167427344 28.8627193049177 9.03284740828273
