time value.DAX value.Dow.Jones value.Nikkei
2012-02-01 7.33647505300182 45.9238821737319 46.7396427732663
2012-02-02 7.37970655614075 45.9994129938108 47.2837795991493
2012-02-03 7.50282681946781 46.4291294799385 46.927262293738
2012-02-06 7.50078681588171 46.3850298976439 47.1850445072147
2012-02-07 7.48900049082381 46.7175939692736 47.3253439594538
2012-02-08 7.48296818880803 46.5075317425284 47.5424423101209
2012-02-09 7.52736424801066 46.1625996160499 46.9556905895256
2012-02-10 7.42109783333023 45.7981591426108 46.4454329104554
2012-02-13 7.47155922101546 46.3238716992067 46.7655874047583
2012-02-14 7.46016053948262 46.2060913811203 46.9030703740593
2012-02-15 7.49314708980237 46.1287173757588 48.0336465106585
2012-02-16 7.48651653816603 46.6830994767665 47.7554092120911
2012-02-17 7.59303795274032 47.1577022851146 48.7044332257011
2012-02-20 7.70421650938879 47.1577022851146 48.2773534692141
2012-02-21 7.65973220146214 46.5478451131452 47.8720562224241
2012-02-22 7.58842574777241 46.3982257193188 48.1720754950759
2012-02-23 7.55027205559075 46.5843617693076 48.1854112301134
2012-02-24 7.61122256863898 46.409827154764 48.2090823812774
2012-02-27 7.59477910261569 45.8217740758058 46.9474687581576
2012-02-28 7.6369462090544 45.9939971348147 47.6715894766776
2012-02-29 7.60196405005573 45.7927398590022 47.8824255588041
2012-03-01 8.05313904166444 46.9296952141538 46.2942952120438
2012-03-02 8.02947313875752 47.3070993799022 46.721404229275
2012-03-05 7.96577193289886 47.7187712118435 46.3980721640835
2012-03-06 7.69506276518431 46.9441595490652 46.2778868002846
2012-03-07 7.73914651942877 47.3501419969013 46.2747633112696
2012-03-08 7.92874166982122 47.7410759713389 47.5181093841529
2012-03-09 7.98172329134258 47.5505989941661 47.7293472768948
2012-03-12 8.00624793882159 47.9800367297027 47.1950901274589
2012-03-13 8.11594694824827 48.8018906768627 47.3835493312614
2012-03-14 8.21282652723134 48.8143245768761 47.9086529138389
2012-03-15 8.28826806863613 49.3167872645634 48.0426740176089
2012-03-16 8.30377815914075 49.2569347927518 47.9152729142448
2012-03-19 8.29960225707412 48.8136388968328 47.6542242482938
2012-03-20 8.18442733074941 48.5263077130668 47.6542242482938
2012-03-21 8.20342961329481 48.2157835408532 47.1532403804601
2012-03-22 8.0989510484497 47.8659369939088 47.1934982709649
2012-03-23 8.1156104743536 48.1455658812777 47.1998109333864
2012-03-26 8.21260617574584 48.4770126820412 47.3570828858285
2012-03-27 8.21222325265549 48.2653783779441 48.1990840639109
2012-03-28 8.11929922657376 47.7808150424047 47.5035192007995
2012-03-29 7.97585312298946 47.927613174855 47.2684265871641
2012-03-30 8.05900920885746 48.2523273038339 47.4660326038187
2012-04-02 7.52105205253198 48.7934825326071 47.462834531371
2012-04-03 7.44178759576031 48.5764408190771 47.3205166805251
2012-04-04 7.23052291665782 48.1749474152755 46.5863756787201
2012-04-05 7.22114347136158 48.6580255270737 46.6018929562324
2012-04-06 7.22114347136158 48.6580255270737 46.6572586354197
2012-04-09 7.22114347136158 48.4622269335972 46.3638503913006
2012-04-10 7.0412031098541 47.7196949656072 46.4934502161998
2012-04-11 7.11399776286872 47.9820487119811 46.1503297486629
2012-04-12 7.18701671571774 48.6386955777934 46.6787691145447
2012-04-13 7.01719010568568 47.9791911729324 47.0337521294885
2012-04-16 7.06119746567701 48.5019359247679 46.4660235461446
2012-04-17 7.24857768482646 49.3211420876578 46.6618174364381
2012-04-18 7.17506850068197 48.7261055042817 47.4351881163224
2012-04-19 7.1102570182344 48.5396848856474 46.7213874353898
2012-04-20 7.19434936773774 48.7390426520967 46.4241619504739
2012-04-23 6.95228234643773 48.0350143625294 45.9741296612061
2012-04-24 7.02412880321059 48.4876179137493 45.9710551576655
2012-04-25 7.1457269648462 48.7867693295612 46.4572168236823
2012-04-26 7.18345655456569 49.084547427075 46.2146668504704
2012-04-27 7.24891855662612 49.0871082783456 46.1026279334417
2012-04-30 7.20614770316214 48.943835027456 46.1026279334417
2012-05-01 5.56905999060275 49.07959314867 47.603957524787
2012-05-02 5.52753008725427 49.0065391064489 47.8117544689702
2012-05-03 5.51407932039284 48.9958712243665 47.8117544689702
2012-05-04 5.40455475630131 48.5149018893285 47.8117544689702
2012-05-07 5.4111522431616 48.6596257829149 47.1172769912421
2012-05-08 5.30840655272122 48.596647692473 47.663885094297
2012-05-09 5.33358632001261 48.2024020223617 46.9141949624826
2012-05-10 5.36874918993623 48.489623176259 47.0243264963431
2012-05-11 5.41975986533246 48.438146039184 46.7755070443029
2012-05-14 5.31436174674347 48.0763237009635 46.8963858246388
2012-05-15 5.27242804640832 48.0148344520322 46.6907195644114
2012-05-16 5.25858997346655 48.1082314514986 46.3486245102609
2012-05-17 5.19656699600474 47.8334144966078 46.8509598377941
2012-05-18 5.16548150493909 47.5747840897687 45.6472484989754
2012-05-21 5.21475392464485 47.8948269469427 46.1523001800373
2012-05-22 5.30087800136407 47.8659406988406 46.5102218777957
2012-05-23 5.17744940482382 47.8741660780448 45.3973744807725
2012-05-24 5.2022752465089 48.4966296525684 45.948352125105
2012-05-25 5.22208459995215 48.4751259661088 46.3576761243994
2012-05-28 5.20828795237138 48.4751259661088 46.4591796912629
2012-05-29 5.26895193780712 48.9649838268046 46.7813826477095
2012-05-30 5.17337202596585 48.5088349160379 46.7834644174486
2012-05-31 5.15984725718151 48.7325123443278 46.7533752990622
2012-06-01 5.27896981236722 49.2827837794809 46.0839813087235
2012-06-04 5.21609631809069 49.0547297389403 45.5373421990865
2012-06-05 5.20839194112655 49.0909762148806 45.8506255557456
2012-06-06 5.31709889522317 50.1150633196908 46.4028257467242
2012-06-07 5.36092531538907 50.1887812894478 46.5567928968814
2012-06-08 5.34923327102311 50.2707888389845 45.050532331853
2012-06-11 5.35815908458444 49.8250865810534 46.0247985737271
2012-06-12 5.37577554007711 50.3292599309432 45.4039738344511
2012-06-13 5.36814103238236 50.3757650450993 46.039430816751
2012-06-14 5.35603019818744 50.8358813118077 45.7442610394088
2012-06-15 5.43525483082676 51.1032642122504 45.6732409624619
2012-06-18 5.45164942480735 50.7476554269883 46.6171959965334
2012-06-19 5.55212798154687 51.1037958513082 46.0284931244577
2012-06-20 5.57723026029751 51.1290823680135 46.6859596764102
2012-06-21 5.53447701720691 49.8960149754083 46.7733303174285
2012-06-22 5.46478060790186 50.3452368590014 46.3736645719328
2012-06-25 5.35060339292959 50.0922914172294 45.9785544366752
2012-06-26 5.35435503712661 50.4453117622975 46.0578636208014
2012-06-27 5.4348884425136 50.8738540911805 46.7382519004716
2012-06-28 5.36588987520018 50.831076979597 47.5214591042687
2012-06-29 5.59830141602854 52.0517690445038 48.4170854869208
2012-07-02 4.38667277762601 53.3971203297886 48.2833628400385
2012-07-03 4.4421334427748 53.901219565284 48.8927297314811
2012-07-04 4.43307783299743 53.901219565284 49.134497081326
2012-07-05 4.41333281811726 53.9020585144741 49.0518201191542
2012-07-06 4.32861881318915 53.8067019147117 49.0900293721335
2012-07-09 4.31339797626894 54.4798723877121 49.2718527386188
2012-07-10 4.3476753592035 54.080082089524 49.0500269178264
2012-07-11 4.35815571788515 53.8987136397212 49.1332428215152
2012-07-12 4.33485855882755 53.89223581741 48.5503099393709
2012-07-13 4.42787837506479 54.9586517751267 48.7384270789776
2012-07-16 4.43369936743709 54.5832337747548 48.7384270789776
2012-07-17 4.44174865203965 54.9730149993287 49.0778903527726
2012-07-18 4.51385490233767 55.2443478928137 48.7681460789807
2012-07-19 4.56380550710231 55.4152489635035 49.1831073903086
2012-07-20 4.47711973800109 54.8578712338508 48.6610764181314
2012-07-23 4.3348450397225 54.9940008836824 48.3400794563709
2012-07-24 4.31531599558431 54.7193970105762 48.5048091157318
2012-07-25 4.32619466410617 55.0422475873565 47.8974691657613
2012-07-26 4.44534102264505 55.9253020924041 48.3394595064249
2012-07-27 4.51721778309604 56.3028263739754 48.6714211586933
2012-07-30 4.57438709160243 55.7567849266977 48.4176915226554
2012-07-31 4.57317138979457 55.6858296116975 49.0309560706537
2012-08-01 5.0158970627235 54.5829523094452 49.691107699977
2012-08-02 4.90571664291891 54.1210046554279 49.7251877402193
2012-08-03 5.09847490531866 55.3401942746348 49.3156027212334
2012-08-06 5.13787758082829 54.7188058167433 49.57776725044
2012-08-07 5.1744360197717 54.909757587891 50.0617061833098
2012-08-08 5.1730991128357 54.8682636025467 50.4057871498456
2012-08-09 5.17223793735335 54.9754031346644 51.0637854539245
2012-08-10 5.15706638324464 55.3193861262171 50.6881640550751
2012-08-13 5.1311644008955 55.3690043342781 50.9998165363047
2012-08-14 5.17921835416237 55.2724527531013 51.1502176456545
2012-08-15 5.1587296302618 55.1028411580449 50.8115117730808
2012-08-16 5.19548133517787 55.631257220631 51.7396911412483
2012-08-17 5.22859398501787 55.7275412222995 51.9011964899183
2012-08-20 5.22324744519052 55.5906455851171 51.6008822018693
2012-08-21 5.2645657368949 55.3010825903792 51.5680513913584
2012-08-22 5.21141761372088 54.851849662337 51.196504979781
2012-08-23 5.16078666076402 54.0970662992897 51.3314465197621
2012-08-24 5.17675267247646 54.1660097448515 50.8133480556764
2012-08-27 5.23347313284794 54.193005292094 50.9832318411859
2012-08-28 5.20022668411676 54.0991643700412 50.6342682804005
2012-08-29 5.2060855777156 54.0701749720567 50.885460686433
2012-08-30 5.12062687623639 53.5228996821496 50.2801903214296
2012-08-31 5.17654490268172 53.9713664479041 49.5402588006028
2012-09-03 4.51352239348818 54.5961084135761 49.5785393441244
2012-09-04 4.46060062450212 54.1640105668086 49.5664445689212
2012-09-05 4.48126093759464 54.1602918013501 48.92661128014
2012-09-06 4.61164482230732 55.3070737655479 49.0252232567286
2012-09-07 4.64199516534896 55.1309790828939 49.7708952148504
2012-09-10 4.64148055020679 54.0528422345135 49.2170918452331
2012-09-11 4.70351301437601 54.4620065687581 48.9659045582288
2012-09-12 4.72501625317986 54.4304701120224 49.8889842123092
2012-09-13 4.70364810869259 54.938799978883 49.9001274517459
2012-09-14 4.76915532356013 54.9809157745275 50.7808527223915
2012-09-17 4.76372484744123 53.9619591716125 50.7808527223915
2012-09-18 4.72769300472731 54.0408402467163 49.3057641335506
2012-09-19 4.75540523972938 54.2676435835042 49.9305907211098
2012-09-20 4.75458839013395 54.4684169665754 49.2169182728646
2012-09-21 4.7945643574927 54.6624217280701 49.8708462548687
2012-09-24 4.76981822775099 54.5965207421292 49.7311830831027
2012-09-25 4.77750697709209 54.3768601496932 50.1199698323883
2012-09-26 4.68189384633537 54.215676611904 49.2424975923452
2012-09-27 4.69058669182024 54.7498885819643 49.7431856522288
2012-09-28 4.64305675480177 54.5219649051524 49.3198696117311
2012-10-01 4.64393730007968 55.0509004290065 48.7900535425991
2012-10-02 4.63070909117094 54.8790845491522 48.6737393950704
2012-10-03 4.64099002982426 54.7332587606187 48.2115691448476
2012-10-04 4.63029716058971 55.0778380171303 48.510037979105
2012-10-05 4.68902840302041 55.0101640380853 48.4115500944911
2012-10-08 4.62142347173007 54.5619638263258 48.4115500944911
2012-10-09 4.58549759699196 54.3530941725694 47.8761754150672
2012-10-10 4.56692635747638 54.0175547447848 47.1567522915419
2012-10-11 4.61539584997207 54.2020876275409 47.136752918818
2012-10-12 4.58420485835 54.1490116370812 47.0295904033277
2012-10-15 4.60243380229001 54.2754594698707 46.908178987722
2012-10-16 4.67533750729783 54.8504396772009 47.540773969267
2012-10-17 4.68692387333434 54.6014917544152 47.7356103869113
2012-10-18 4.71397605857898 54.123654901182 48.3283149381448
2012-10-19 4.67810744005056 53.3437148699108 48.2294936746162
2012-10-22 4.64477385125105 53.6645653993891 48.4781474660831
2012-10-23 4.54693517942588 52.5850650252584 48.2078247865749
2012-10-24 4.5590795559773 52.600866741489 47.8549757209033
2012-10-25 4.56375718288365 52.922241739924 48.6186604146514
2012-10-26 4.58379911780058 52.89570700838 47.7690246737505
2012-10-29 4.56561443074993 52.89570700838 48.1569290479982
2012-10-30 4.61710701853852 52.89570700838 47.7460287467688
2012-10-31 4.60204075048182 53.0157385702893 48.1559408512555
2012-11-01 4.82346905195585 53.6406419657367 47.3096091543341
2012-11-02 4.84199853982267 53.1531647327806 47.7598059622388
2012-11-05 4.81741991091306 53.7166013398745 47.708309729398
2012-11-06 4.85114465106191 54.3980341993944 47.7082316650519
2012-11-07 4.75584812433555 53.1418489557982 47.803073327093
2012-11-08 4.73752251150764 52.614184918192 47.1120463147688
2012-11-09 4.7102610833211 52.8537869224532 47.059508969
2012-11-12 4.71371957024749 53.0146599520417 46.9602092814648
2012-11-13 4.71395651410058 52.7460992413778 46.8769093410338
2012-11-14 4.66976994841341 52.0702582923003 47.0038159299352
2012-11-15 4.6313040765108 51.8172312976592 47.5170800336033
2012-11-16 4.57022544213718 51.9050414031165 47.8896219206507
2012-11-19 4.68418309220429 52.8109295425923 48.3212274823469
2012-11-20 4.71650125640434 52.6520842148194 48.1771209192689
2012-11-21 4.7242074020029 52.739787809177 48.3928943786784
2012-11-22 4.76384386797678 52.739787809177 48.7431143731772
2012-11-23 4.80601801365732 53.1997005105259 48.7431143731772
2012-11-26 4.79477407897031 52.553253749605 48.0266600977538
2012-11-27 4.82127298338357 52.2439277059596 48.3561866016644
2012-11-28 4.82855853656337 52.6697993200017 47.8156632827487
2012-11-29 4.86639962078815 52.9821632450737 48.5692465286806
2012-11-30 4.86938486110622 52.8258023733695 48.5273617035547
2012-12-03 5.10345645142444 53.2570447847534 47.8620477018526
2012-12-04 5.10339478336882 53.0002952492815 47.6562510916854
2012-12-05 5.11673113393496 53.1877805561499 47.8712944606933
2012-12-06 5.17163565955018 53.2635978980354 48.0866879466706
2012-12-07 5.16014532428678 53.8200404764335 48.0552336231453
2012-12-10 5.16915084613462 54.3430389984027 48.4434835591105
2012-12-11 5.20953124462797 54.7179985100043 48.5189223693572
2012-12-12 5.22671848604399 54.4862689217133 48.5993374002474
2012-12-13 5.20419797779291 53.9334610100863 48.9591336437232
2012-12-14 5.21414393542979 53.5938547981021 48.3725032506842
2012-12-17 5.21995747371899 53.6301132689745 48.4398721443297
2012-12-18 5.25334359492779 54.1066273157879 48.6956543842619
2012-12-19 5.26358448557984 53.6158378660371 49.7390123421956
2012-12-20 5.26605555814675 53.5852631242031 48.6715259897241
2012-12-21 5.24143465489309 53.1668797849129 48.3502827912519
2012-12-24 5.24143465489309 53.142368494891 48.3502827912519
2012-12-25 5.24143465489309 53.142368494891 49.0007782121457
2012-12-26 5.24143465489309 53.0439223512803 49.5932207196349
2012-12-27 5.25492215891264 52.9258400473478 49.8504781515358
2012-12-28 5.22507121644314 52.1167258341396 49.576282892415
2012-12-31 5.22507121644314 52.8853617105517 49.576282892415
2013-01-02 5.91434667026051 53.5992229592832 48.1731461898662
2013-01-03 5.89736128365395 53.3608960595999 48.1731461898662
2013-01-04 5.91251455618785 53.9514195646372 49.1972897948728
2013-01-07 5.87928108391549 54.0060127231896 48.4483901639701
2013-01-08 5.85127851086351 53.8111289597156 48.1874092571151
2013-01-09 5.87001285175612 53.8826950463839 48.6208329101443
2013-01-10 5.8608890351673 54.356776627922 49.0511676758779
2013-01-11 5.86625655365696 54.2353375074424 49.2119833638069
2013-01-14 5.87689358183817 53.3833136622948 49.2119833638069
2013-01-15 5.83613303463089 53.3922421140186 47.9273213756435
2013-01-16 5.84770486777087 53.366772824708 47.0025465943718
2013-01-17 5.88140982619086 53.9481410723434 47.5842022484709
2013-01-18 5.85614447186638 54.0148379545941 48.4550465865572
2013-01-21 5.89159801353721 54.0148379545941 47.1750684433572
2013-01-22 5.85156734276495 54.3070273088047 47.217686114355
2013-01-23 5.86018180556569 54.5441826791464 46.5386902285474
2013-01-24 5.89104299656775 54.7509263806201 47.4486877450043
2013-01-25 5.97455658350296 54.9646768046788 48.2944513026935
2013-01-28 5.95557127834936 54.3788923683318 46.5870243131437
2013-01-29 5.96740929655737 54.7034866968061 46.8116375131679
2013-01-30 5.93908002472384 54.5147909223167 47.9747644226177
2013-01-31 5.91227101719292 54.0503619916651 47.6479102068358
2013-02-01 10.0306426786719 62.730283583147 34.8496169538749
2013-02-04 9.78074043127406 61.8123438646211 34.2115765023123
2013-02-05 9.81458422645773 62.4786306245923 33.7256024412731
2013-02-06 9.7076882547829 62.8159196217927 35.143184220128
2013-02-07 9.72007057337246 62.5142577822304 34.4320150177108
2013-02-08 9.79855236353213 62.9892525397344 33.985219068021
2013-02-11 9.77499131919661 63.4984249205671 33.985219068021
2013-02-12 9.80886012379239 63.6284390593001 35.1415230583077
2013-02-13 9.87506213638511 63.3098954886908 34.3335511904291
2013-02-14 9.77172567337003 63.0740466137452 34.6248833772773
2013-02-15 9.72347627369956 63.4323363919325 34.4024461847593
2013-02-18 9.76857569751501 63.4323363919325 35.1286410844647
2013-02-19 9.92699922131371 63.8820633346782 34.8907615649026
2013-02-20 9.89684311138816 63.3424618955356 35.2779544951762
2013-02-21 9.71074819496162 62.9923045536358 34.7467106927771
2013-02-22 9.81106285615906 64.2809825913464 35.4757006086355
2013-02-25 9.95355643061058 63.4793318558607 36.4111756332102
2013-02-26 9.72808619175343 63.9309631361078 35.3925385595781
2013-02-27 9.82888729248293 65.4204738099459 36.0004612387272
2013-02-28 9.91323386469162 65.2585178451106 37.0143133287419
2013-03-01 13.3884723164512 67.7205949542608 31.076997767832
2013-03-04 13.3598478779938 68.4307595918197 31.025810530247
2013-03-05 13.6701140368482 69.099197102875 31.1752996442094
2013-03-06 13.7552579822321 69.1668479084232 31.8444697294457
2013-03-07 13.7907605654788 69.3223970433422 31.8797260992052
2013-03-08 13.871875157713 69.6867521318999 32.4511452984061
2013-03-11 13.8680883622352 70.0588844082963 32.0909355887154
2013-03-12 13.8365286264791 70.0615400717073 31.9507743295498
2013-03-13 13.8448485502026 69.9738789088321 31.6722179465439
2013-03-14 13.9967596733433 70.504288433723 32.2079945833291
2013-03-15 13.9698026121864 70.6000619324354 32.7044598683736
2013-03-18 13.913960741029 69.7014822085543 31.8260431999457
2013-03-19 13.8046907122565 70.5014114831265 32.9603238747304
2013-03-20 13.8987974474301 70.7686139849553 32.9603238747304
2013-03-21 13.7781500711815 70.4593067546876 33.3107307469054
2013-03-22 13.7413973800711 70.8138829417897 32.42459361564
2013-03-25 13.6711385480826 70.1528179156935 33.175236351311
2013-03-26 13.6863713880351 70.8215794416613 32.9934792409959
2013-03-27 13.5290408652928 71.2189785985097 33.4255228262567
2013-03-28 13.5398448930561 71.7379096264184 33.0414134402642
2013-03-29 13.5398448930561 71.7379096264184 33.372651370534
2013-04-01 16.1646548826891 72.3701954557918 30.1155555515276
2013-04-02 16.4727147351834 72.8300177450165 29.9427186170697
2013-04-03 16.3293846010002 72.1234272672224 30.9613777192887
2013-04-04 16.210440982017 72.5070904538672 31.6461029757735
2013-04-05 15.8814786898518 72.1691890836478 31.5851568933463
2013-04-08 15.8895454276179 71.6111240572231 31.1928887517932
2013-04-09 15.8374341233574 71.838685802716 30.8058801079559
2013-04-10 16.1964226592047 72.1915755818852 30.7729783334227
2013-04-11 16.3229146063345 72.3376271486214 31.2398793213149
2013-04-12 16.0598531131624 72.29855149822 30.9921254051046
2013-04-15 15.9932060884058 70.8809506234099 30.8322540519935
2013-04-16 15.9308936565153 71.8267938264562 30.9244119748398
2013-04-17 15.5585712602971 71.0455284768914 31.4123571583445
2013-04-18 15.4978140572647 70.488249287895 30.8058027718604
2013-04-19 15.4692600160299 70.9601096339035 31.1588658474597
2013-04-22 15.5068963511806 71.0505642324862 31.3058477480545
2013-04-23 15.880358844202 71.7768525629502 31.1709149435303
2013-04-24 16.0894227105471 71.7477512760896 32.1584255254021
2013-04-25 16.2425196010876 71.9780723800848 32.2678132927404
2013-04-26 16.2049865435012 71.8587468825175 32.1383091148281
2013-04-29 16.3267925529032 72.3941105434306 32.1383091148281
2013-04-30 16.4101734752132 72.2585049443585 32.4757502560048
2013-05-01 15.9921615257188 74.7521794634281 30.4000876864296
2013-05-02 16.0891607532641 74.9931112167005 30.1022821716494
2013-05-03 16.4136637433716 75.978122039616 30.1022821716494
2013-05-06 16.3930312781577 76.0855942026514 30.1022821716494
2013-05-07 16.533881647723 76.5994734985571 30.7683470242564
2013-05-08 16.6711561185358 76.9481905975085 31.078410312895
2013-05-09 16.6971030966567 76.6169410553624 30.8520487480605
2013-05-10 16.7295170840066 76.752365140218 31.6614175792157
2013-05-13 16.7309320501344 77.4478868739775 31.6006397676153
2013-05-14 16.8518179699785 78.1722965584774 31.5282844730968
2013-05-15 16.8989223509038 78.4405063795389 32.2446359459406
2013-05-16 16.913977833405 78.7318540491597 32.1458302234519
2013-05-17 16.9708231859454 79.4629028130795 32.4228976470103
2013-05-20 17.0876872045889 79.6235732997281 32.7086777947298
2013-05-21 17.1207682192519 79.7956818139777 32.908169279867
2013-05-22 17.2393688777114 79.1938807350649 33.369220855397
2013-05-23 16.8778261242997 78.9873369596165 30.783516152051
2013-05-24 16.7835344745884 79.1974083000739 31.3207900087304
2013-05-27 16.9411167784503 79.1974083000739 30.4619041669537
2013-05-28 17.1382885471035 79.4207026956988 30.9044757840317
2013-05-29 16.846704748656 79.0546985934513 30.7381446569178
2013-05-30 16.975269377934 79.2160698252011 29.2426726764172
2013-05-31 16.8714794951537 77.5824343669844 29.6238028117765
2013-06-03 19.8972942815384 79.3264638400745 24.8539585523017
2013-06-04 19.9216926038049 78.7590260846322 25.3986109997552
2013-06-05 19.6820829702032 77.360042758599 24.3743499457776
2013-06-06 19.4482621915346 77.720363013933 24.2223592472979
2013-06-07 19.8225632790284 78.4208996562921 24.3012533109446
2013-06-10 19.9498618329978 77.9213020747641 25.6451012734347
2013-06-11 19.7451917029733 77.3486344568068 25.0371454592499
2013-06-12 19.5550271325882 76.3591974885454 25.1093244443982
2013-06-13 19.4400496838642 77.0653135563237 23.7661394914334
2013-06-14 19.5182619733326 76.3554551277924 24.5659314790235
2013-06-17 19.7290316839238 76.8823008787259 25.397853508664
2013-06-18 19.7621209129486 77.6180617534075 25.1890395059751
2013-06-19 19.684245142259 76.3793788861418 25.4904641086187
2013-06-20 19.0392361727288 74.5407018698715 24.9524077807193
2013-06-21 18.7048696339456 75.5726366987431 25.1216219162598
2013-06-24 18.4724406669384 75.5145976747514 24.8849515088263
2013-06-25 18.7578428877342 76.1380246955644 24.7030989140592
2013-06-26 19.0692779564109 76.8639668745216 24.5389186650854
2013-06-27 19.1887697050391 77.8512671953434 25.3676720744389
2013-06-28 19.1130549369367 77.3567569930036 26.2004773488753
2013-07-01 21.2068566293208 79.9636219455219 21.4998107039729
2013-07-02 21.0125561479384 79.5773811273862 21.7538067009277
2013-07-03 20.7962084583477 79.8817291602014 21.5906600180033
2013-07-04 21.234454870269 79.8817291602014 21.5857403731173
2013-07-05 20.7342664337507 81.065702073369 22.1104013295786
2013-07-08 21.1660046447139 82.4377060200127 21.7567458881555
2013-07-09 21.4029637915136 82.763467658115 22.3018987743644
2013-07-10 21.4261523299816 82.7165169966006 22.2305435783856
2013-07-11 21.671371885281 83.8017388965326 22.486615556627
2013-07-12 21.8147260587681 82.2038175512443 22.4223281601442
2013-07-15 21.8732687234922 82.3162176102966 22.4223281601442
2013-07-16 21.7835961687586 82.2320179981857 22.4704506348056
2013-07-17 21.9261540040425 82.0422734880145 22.4259828258793
2013-07-18 22.1449451841677 82.2175332670906 22.6863186848836
2013-07-19 22.1302842250238 82.4054108974538 22.2611518666743
2013-07-22 22.1289275941364 82.1704494606723 22.1892137121668
2013-07-23 22.0842262023897 82.1252798578898 22.4889221181439
2013-07-24 22.2565598918994 81.816799103752 22.4255751101327
2013-07-25 22.0437192124955 81.7632696058777 22.0702708250514
2013-07-26 21.9000978602154 81.7863810714758 21.4303558541928
2013-07-29 21.9376036593383 81.2055187627382 20.9622596531201
2013-07-30 21.969449479184 81.2288851650399 21.3627208574322
2013-07-31 21.9825981702887 81.1859962965436 21.0329448957247
2013-08-01 22.9923772250561 80.1180187472863 21.0911433902145
2013-08-02 22.9820164119607 80.3644180227548 21.667803965487
2013-08-05 22.9586144819378 79.9582163315224 21.2520428015371
2013-08-06 22.6889370088481 79.5517958382348 21.5472211968309
2013-08-07 22.5816394549186 79.2516247412742 20.7916539957343
2013-08-08 22.7397559816336 79.2142945283408 20.6328569238779
2013-08-09 22.7944005291053 78.5470365492857 20.7067939291187
2013-08-12 22.8516452913277 78.611509279142 20.6220155301771
2013-08-13 23.0061257923449 78.94875335182 21.1275003463907
2013-08-14 23.0672521864164 78.5347674869928 21.1938462495843
2013-08-15 22.8982275716733 77.5261764755528 20.6881379834809
2013-08-16 22.941010977338 77.2229731474868 20.5634665060773
2013-08-19 22.8708906152581 76.6128168048649 20.7261945683742
2013-08-20 22.6897565817362 76.5101109999326 20.1270371041893
2013-08-21 22.6497896316149 75.7452447006617 20.1798678742413
2013-08-22 22.957274328655 75.9795540232052 20.0355683821774
2013-08-23 23.0094895173536 76.5197731621279 20.3878464012042
2013-08-26 23.0591338593937 75.9655320041476 20.2083905221216
2013-08-27 22.5326491714303 75.1335122872047 20.1057367982929
2013-08-28 22.3012154060067 75.4133390404786 19.9741209442041
2013-08-29 22.4014050860997 75.5421702948762 20.2532632938478
2013-08-30 22.1515455696338 75.8459471387052 20.1373694109678
2013-09-02 22.2302640206889 77.2013901915218 18.7032079070961
2013-09-03 22.0599475402567 77.7755618844433 19.1308324993162
2013-09-04 22.1009624330165 78.4500151959768 19.1709883018241
2013-09-05 22.2062923642598 78.4668829025383 19.1625423317954
2013-09-06 22.3160147725717 78.4417543722061 18.8443967492591
2013-09-09 22.3177686019275 79.1208673792492 19.4486571152984
2013-09-10 22.7767798938371 79.6538939520057 19.6166653560908
2013-09-11 22.9094258757208 80.0433056975637 19.4635901285438
2013-09-12 22.9047595257901 79.7873594071326 19.3381858653884
2013-09-13 22.9463405954058 80.0119093788605 19.465432590801
2013-09-16 23.2256526719602 80.6842703642116 19.465432590801
2013-09-17 23.1823730717764 80.4909289336164 19.3763569280084
2013-09-18 23.2878346716798 81.3208871907945 19.598536981007
2013-09-19 23.4445602810982 80.953671156295 19.9584745092407
2013-09-20 23.3948104665664 79.0477470273024 19.7236533635465
2013-09-23 23.2857595689599 78.8400370548327 19.6252993314419
2013-09-24 23.3647952003061 78.5504073674351 19.6943248220331
2013-09-25 23.3675734176613 78.3928482551542 19.6178081069815
2013-09-26 23.3634469097759 78.6403717204607 19.8887723721753
2013-09-27 23.3564631881931 78.2229734006324 19.7901963871485
2013-09-30 23.1754973186027 77.4606016091543 19.4610103773439
2013-10-01 24.0480700529566 77.721613193856 18.3274260582883
2013-10-02 23.8827896900473 77.261873972831 17.8623214424654
2013-10-03 23.7955832356897 76.524592915438 17.9266316535828
2013-10-04 23.8649381250479 76.5680665331641 17.6967139775961
2013-10-07 23.7780641065985 76.1384948962395 17.5484179629432
2013-10-08 23.679287243108 75.2522074780469 17.6608650054131
2013-10-09 23.5707994550562 75.3646965285189 17.855120697107
2013-10-10 24.0387429143692 77.2029692200751 18.0423092164027
2013-10-11 24.1468469164471 77.9020340832272 18.2331198464219
2013-10-14 24.144022557665 78.0855972659854 18.0569742266968
2013-10-15 24.3671765922715 77.2743594450374 18.1275405341325
2013-10-16 24.4821968924643 78.5255179095872 18.1664856648705
2013-10-17 24.3880444104237 78.5492154169913 18.3218774717526
2013-10-18 24.5350569860781 78.2353203126276 18.2357759706353
2013-10-21 24.5409246264027 77.7289488135608 18.3901136392426
2013-10-22 24.7629975641695 78.1671281311042 18.362570062581
2013-10-23 24.6866128635485 77.7107338274508 17.9306058239106
2013-10-24 24.8547986676413 77.8138126026361 18.0471728708003
2013-10-25 24.8689420792818 78.0069597831679 17.557604442447
2013-10-28 24.8493202239503 77.9549856891977 17.9239175849077
2013-10-29 24.9694054495246 78.5242527819714 17.7969757219549
2013-10-30 24.9368293818804 78.3862148560693 18.0281187054255
2013-10-31 25.0022842235089 78.1503239609713 17.7559234341672
2013-11-01 25.2145771146513 77.0293224197247 18.6646320842714
2013-11-04 25.296874229456 78.2037908054366 18.6646320842714
2013-11-05 25.2181608376147 78.0240711978233 18.8699442998171
2013-11-06 25.3070622752308 78.7076311818633 19.0728398329894
2013-11-07 25.4194779559919 77.8741366606286 18.882522070093
2013-11-08 25.4117801989888 78.8932002805604 18.7311271970564
2013-11-11 25.4945802936336 79.62037553932 19.0389853022096
2013-11-12 25.4067422157724 79.3795901648836 19.4350359149082
2013-11-13 25.3461387797945 79.5766546168686 19.2842418215284
2013-11-14 25.61158565144 79.6907571795303 19.6641681228406
2013-11-15 25.6648548968777 79.9591467418406 19.9602505051897
2013-11-18 25.8236785407387 79.8351895486237 19.8164247398771
2013-11-19 25.7337137377694 79.7489049872241 19.7758814839097
2013-11-20 25.7582913406693 79.3535687192058 19.7274012495507
2013-11-21 25.7415235713153 79.868834414181 20.0779947379232
2013-11-22 25.8057927351617 80.601190392284 20.0871753845638
2013-11-25 26.0322751787863 79.9502330981229 20.1001149453614
2013-11-26 26.0046195647671 80.1229048340105 19.9359305748922
2013-11-27 26.1755365612286 80.1681547570641 19.871856370431
2013-11-28 26.2769796576163 80.1681547570641 20.1218519963943
2013-11-29 26.3271681599307 79.8366833211427 19.9301390596855
2013-12-02 27.9796183682458 78.9191979366265 19.1951742358866
2013-12-03 27.4482367578878 78.5764677848285 19.2903667863443
2013-12-04 27.2019171356396 78.5000462639055 18.8596438851906
2013-12-05 27.0362180231604 78.0477341394491 18.6136098308804
2013-12-06 27.2964931510521 78.8421337878116 18.7879840701057
2013-12-09 27.3642247271779 78.3390088355291 18.9388733769184
2013-12-10 27.1239790351528 78.0316199318501 18.8450334508762
2013-12-11 27.0128871627742 77.1846633579833 18.677328045585
2013-12-12 26.834002683802 76.5884231109962 18.5288956053731
2013-12-13 26.8026362165941 76.6381141564608 18.5687551752795
2013-12-16 27.2701543855561 77.4465366451693 18.2246551611286
2013-12-17 27.0367236999269 77.3111344383746 18.4017948101347
2013-12-18 27.32428791638 78.7194425758243 18.784767999138
2013-12-19 27.7825527885587 78.7735372242131 19.0956752401387
2013-12-20 27.9743203921496 79.5040323589469 19.0326277864316
2013-12-23 28.2381090959657 79.8466096755395 19.0339651926424
2013-12-24 28.2381090959657 80.0788929019603 19.0499517048617
2013-12-25 28.2381090959657 80.0788929019603 19.1569342288717
2013-12-26 28.2381090959657 80.7072515527054 19.3564229885979
2013-12-27 28.5373968670794 80.6823581361619 19.2726207103649
2013-12-30 28.4266043320628 80.4270611376534 19.2346429109363
2013-12-31 28.4266043320628 80.6799829630374 19.2346429109363
2014-01-02 28.1187476562763 80.3956475354565 19.8268350143037
2014-01-03 28.2237747757263 80.9584553037851 19.8268350143037
2014-01-06 28.2023855008575 81.4923536718706 19.6454379316589
2014-01-07 28.4363091374328 81.9210173612544 19.5713155832747
2014-01-08 28.4113004567132 81.4573146479622 19.9345201166875
2014-01-09 28.1832718695347 81.4999342125208 19.5895576341235
2014-01-10 28.3377145758911 81.5576505860566 19.6452277313224
2014-01-13 28.4481839540627 80.185042061719 19.6562628262424
2014-01-14 28.5389408459299 80.7863141520525 19.1915270543375
2014-01-15 29.1171669373224 81.2779259354476 19.6486473131468
2014-01-16 29.0690074783246 81.2191199946841 19.4758584580533
2014-01-17 29.1445388989755 81.5263808657981 19.4450649565682
2014-01-20 29.0635944330626 81.5263808657981 19.4809316300592
2014-01-21 29.1061305164703 81.6979827072662 19.7037668928034
2014-01-22 29.076187872081 81.4934216465628 19.6721859467904
2014-01-23 28.8097479798548 80.5580127136729 19.5208093032158
2014-01-24 28.0947555626691 78.6792352597535 19.1125931601107
2014-01-27 27.9667266517899 78.0675937502258 18.8543951201088
2014-01-28 28.1392985353673 78.5088295048937 18.8021242862218
2014-01-29 27.9293669923992 77.6529669320493 19.2649044064587
2014-01-30 28.0392988620594 78.2291535394557 18.7996741419083
2014-01-31 27.8388788547877 77.7632034541143 18.8164026254221
2014-02-03 49.7863952298545 71.1289681935776 3.50312151089216
2014-02-04 49.4687613862559 71.3953230338196 3.35923267374759
2014-02-05 49.4059501602972 71.2823958258264 3.41510960840163
2014-02-06 50.1660887657134 72.1303665752054 3.40554406077655
2014-02-07 50.4118083100333 72.7437759143349 3.46481205746101
2014-02-10 50.3464514013264 72.3149078772049 3.47711700135376
2014-02-11 51.3702457792193 73.2141630165772 3.47711700135376
2014-02-12 51.7020846567677 72.9286016047934 3.49117026960815
2014-02-13 52.0097474552674 73.4559985702209 3.4344809007016
2014-02-14 52.3654342770511 73.9068541996879 3.38670309119479
2014-02-17 52.3348648775472 73.9068541996879 3.40467414999715
2014-02-18 52.3512345325389 73.4363550278852 3.50863491520979
2014-02-19 52.3526952627571 72.9209322978169 3.46713946384503
2014-02-20 52.1294105644901 73.1822677862927 3.38876570443835
2014-02-21 52.3358969086037 73.2168198918334 3.4981387833107
2014-02-24 52.6176582850498 73.6031386154779 3.47469080424291
2014-02-25 52.5656807756923 73.4890402864696 3.52679033006567
2014-02-26 52.361803630934 73.5474360897038 3.5093938986478
2014-02-27 51.9640097913824 73.9921970857677 3.50440308322559
2014-02-28 52.5262835107891 74.4322284667446 3.49984279253636
2014-03-03 52.063986227957 74.7560636001491 3.63830494196395
2014-03-04 53.3449386275777 75.9857360501103 3.67775178241224
2014-03-05 53.0827472204511 75.969229550236 3.7140445942467
2014-03-06 53.0874790742773 76.3168672061882 3.75838720256698
2014-03-07 52.0187049459555 76.2602324134329 3.76724014517982
2014-03-10 51.5444547952571 75.4992875936636 3.68086915347221
2014-03-11 51.7797164652723 75.1838033413406 3.707991236065
2014-03-12 51.117159192353 75.2137263691514 3.6151252425045
2014-03-13 50.1664314951547 74.1014515674329 3.62300509521837
2014-03-14 50.3812771996384 73.6690054627409 3.50506853248938
2014-03-17 51.0737630394021 74.5389897664526 3.53272469839626
2014-03-18 51.4167816757579 74.9525575372957 3.5572029964111
2014-03-19 51.6087069566857 74.375947270254 3.56719545653325
2014-03-20 51.7147960867721 74.9235853730337 3.51029011849659
2014-03-21 51.9752599049069 75.3735963565272 3.51029011849659
2014-03-24 51.1175992352993 75.3184986142809 3.58060842434467
2014-03-25 51.9500034335881 75.7185071159676 3.56317089439938
2014-03-26 52.5629387199653 75.1194689329254 3.57296147672346
2014-03-27 52.5775688948517 75.1899693728614 3.61301722464197
2014-03-28 53.3340352633594 75.6592383094142 3.6465852808699
2014-03-31 53.1600214843754 76.3718737981294 3.65795405159378
2014-04-01 48.646075638654 79.488551752117 5.05522194332767
2014-04-02 48.7456115899475 79.5729377263427 5.08359514656283
2014-04-03 48.7732681547774 79.565009847358 5.1073093021236
2014-04-04 49.1123888471607 79.0268796726535 5.11099171816276
2014-04-07 48.1757061954317 78.4689739891052 5.0713516400909
2014-04-08 48.0740976125547 78.4384498854954 5.00183293762713
2014-04-09 48.1529121563298 79.0297271684273 4.9112123151075
2014-04-10 47.8904789642342 77.5434300854954 4.92566753275858
2014-04-11 47.1851300875822 76.5117796608109 4.79830250960614
2014-04-14 47.3060898624377 77.1054703230674 4.77946023977663
2014-04-15 46.4679785689208 77.805873762399 4.82359151710021
2014-04-16 47.1979467857379 78.7245729810938 4.97004535756797
2014-04-17 47.6633992862628 78.5781218823587 4.94817865715684
2014-04-18 47.6633992862628 78.5781218823587 4.9788941411886
2014-04-21 47.6633992862628 78.8415244544878 4.97333759588939
2014-04-22 48.6277385078871 79.1593731808066 4.92436270845612
2014-04-23 48.3445888571122 79.1499897697808 4.98037454689651
2014-04-24 48.36732848431 79.0297358423343 4.9316548145886
2014-04-25 47.6220653051647 78.3526668724696 4.94275618576407
2014-04-28 47.8490460519411 78.7193861764656 4.89929314267575
2014-04-29 48.5468463786239 79.0539554352533 4.89064509292874
2014-04-30 48.6436468476769 79.2827984312938 4.8833231436521
2014-05-01 46.8318893545682 79.9450302690217 6.03284879903289
2014-05-02 46.601656681107 79.4931673794642 6.01243119349362
2014-05-05 46.4723293942595 79.5724472987199 6.01243119349362
2014-05-06 46.170122818299 78.9318591231282 6.02347174798411
2014-05-07 46.4323396609958 79.3145254499075 5.84266818215854
2014-05-08 46.8522247329965 79.37892859562 5.9027619923916
2014-05-09 46.725673911195 79.6543055333119 5.92145061099943
2014-05-12 47.3157999099855 81.026300698131 5.95742419663868
2014-05-13 47.5692396782497 81.1173176930894 6.06364230936362
2014-05-14 47.5690444159517 80.7775271636133 6.0510579542376
2014-05-15 47.0894723947044 80.0989204167211 6.03121991794571
2014-05-16 46.9580448921332 80.3801257129886 5.96365696742788
2014-05-19 47.1057597428361 80.521421871913 5.94384807513183
2014-05-20 47.0067164533775 79.7574608763076 5.97433780544816
2014-05-21 47.293416706015 80.5718574985548 5.96244180803632
2014-05-22 47.405775621138 80.6913495435755 6.10246013721521
2014-05-23 47.6354653834824 81.1299328466372 6.14254641940094
2014-05-26 48.2441265730086 81.1299328466372 6.19858703258479
2014-05-27 48.4782072499512 81.6772961725696 6.21301960763873
2014-05-28 48.4701588247758 81.4162654642158 6.22181477455733
2014-05-29 48.4688444081313 81.8932390810084 6.24253813540228
2014-05-30 48.4901513091491 82.0559330632018 6.24090183487876
2014-06-02 48.0284709222967 81.5306470603183 7.22786822461463
2014-06-03 47.8818295440891 81.5406065367019 7.25870338506089
2014-06-04 47.915278619547 81.6266632559208 7.25358346774139
2014-06-05 48.017417078702 82.0953636251045 7.24193370078291
2014-06-06 48.2074064958441 82.5616773672363 7.2507694539955
2014-06-09 48.3108931003165 82.4535496563977 7.25765434537481
2014-06-10 48.4082517754773 82.5822918217185 7.20544349426349
2014-06-11 48.0269719356127 82.4238457226621 7.2814753666052
2014-06-12 47.973347829785 82.0806825866858 7.2670293910633
2014-06-13 47.8486680133048 82.2480277319099 7.33903616218185
2014-06-16 47.7092198857839 82.2617131505394 7.25274476749877
2014-06-17 47.8846295363533 82.3660153020903 7.28243270618134
2014-06-18 47.9329459134037 82.7796615888885 7.33342470162967
2014-06-19 48.2885450081905 82.8462212344879 7.44170183918592
2014-06-20 48.2076468959536 82.672906370942 7.42957850624745
2014-06-23 47.8875238080918 82.6796782716298 7.43008142135242
2014-06-24 47.9703545723215 82.1223010020674 7.445245246063
2014-06-25 47.6308766497973 82.3089311787319 7.3873649698332
2014-06-26 47.3275063806106 82.1321649131839 7.40602824318025
2014-06-27 47.3770766235041 82.1419017651439 7.31170514972489
2014-06-30 47.4634804407951 81.8506033272841 7.35110427306696
2014-07-01 47.9004232983342 81.4976587559638 7.26710598684821
2014-07-02 47.9432783009015 81.4336556129477 7.26424907077301
2014-07-03 48.5148483982953 82.0068712045221 7.25504732731548
2014-07-04 48.4164122683431 82.0068712045221 7.28602423051826
2014-07-07 47.9181283841644 82.2284570840223 7.27553452790236
2014-07-08 47.2728374854339 81.6604782174385 7.25104099633966
2014-07-09 47.4447062618019 81.9756749727981 7.26013465221045
2014-07-10 46.7236160490633 81.54533382814 7.21663967382587
2014-07-11 46.758492425463 81.653910990597 7.20426524601199
2014-07-14 47.3228538851423 82.3004949467733 7.28263180910052
2014-07-15 47.0152067373655 82.2775021812971 7.31618569097554
2014-07-16 47.6917413546154 82.7303442592806 7.30547535976654
2014-07-17 47.1819453886905 82.2839982958673 7.32290613501088
2014-07-18 47.0181544359548 83.0044925981965 7.27620474001612
2014-07-21 46.4958779903896 82.7876800058826 7.28788404136446
2014-07-22 47.0873781146484 83.0693391717725 7.34952274983594
2014-07-23 47.1803959549621 83.1169174778282 7.34622362082122
2014-07-24 47.3763045381273 83.3068197947793 7.34598464191972
2014-07-25 46.6504762787235 82.7059032536764 7.41577506780187
2014-07-28 46.4287375406851 83.0290986521146 7.4533591392011
2014-07-29 46.6970111797446 82.6598951115008 7.49482050730684
2014-07-30 46.4070171609069 82.5477261153717 7.50120570242629
2014-07-31 45.5063251811351 81.1665182180425 7.47589591820631
2014-08-01 43.8958211809839 81.3266148047689 8.92630333163119
2014-08-04 43.6292055716437 81.4576153958374 8.89124809956859
2014-08-05 43.7988802046284 80.8304682479086 8.8109658889788
2014-08-06 43.5143453187212 81.0375686326137 8.73006192935458
2014-08-07 43.0802984812787 80.8728152575135 8.81223464534139
2014-08-08 42.9389875037477 81.7412017669049 8.56209773431446
2014-08-11 43.7559856383181 81.5764550295604 8.75523104320065
2014-08-12 43.2256634004413 81.6456275786683 8.77625436722113
2014-08-13 43.8424403468599 82.2736945842838 8.81491779187669
2014-08-14 43.9674052108093 82.5665798633337 8.86237913674874
2014-08-15 43.3359018734634 82.3039514199041 8.85356070524004
2014-08-18 44.0638248990325 82.9738318548722 8.8476271685032
2014-08-19 44.4877671254481 83.490596173127 8.92302198983514
2014-08-20 44.3938282111051 84.0292962450389 8.93092479632512
2014-08-21 44.8082848570445 84.6197398912416 8.99131249424939
2014-08-22 44.5110715002553 84.6397455084192 8.93554990983424
2014-08-25 45.3259239723619 85.1511716848797 8.98139783829224
2014-08-26 45.6977280821984 85.5842693549567 8.94665694962223
2014-08-27 45.6098398324845 85.6933295859629 8.96755258151595
2014-08-28 45.0991543267152 85.5782180910228 8.93405125535108
2014-08-29 45.1354257432162 85.5883860879084 8.92213391240895
2014-09-01 42.8147818883249 86.8900192236892 9.94114463151943
2014-09-02 42.9412034675343 87.1359687477784 10.0527057285506
2014-09-03 43.4808274526544 87.2371970254959 10.0367676871041
2014-09-04 43.9224318222307 87.093218038501 9.97447869118829
2014-09-05 44.0252328837571 87.840171973194 10.0198092493671
2014-09-08 44.0749660846839 88.5740613945196 10.1309120921894
2014-09-09 43.8611860979167 88.1439735892452 10.1451591170186
2014-09-10 43.8136230741965 88.7229220772069 10.1209368176037
2014-09-11 43.7734704032969 88.4148012499922 10.1425911985422
2014-09-12 43.5921195539935 88.1231855774712 10.1358651643063
2014-09-15 43.6305122624848 88.0769012850346 10.0623007505671
2014-09-16 43.5099131091561 88.7215419965125 10.0636957366307
2014-09-17 43.6389591868172 88.82979640559 10.0572063235563
2014-09-18 44.25608757143 89.3879696997386 10.1448486589589
2014-09-19 44.2611910148003 89.9314182135077 10.2379714067876
2014-09-22 44.0366174871563 89.7294955143649 10.1722056146784
2014-09-23 43.3387294394993 89.015074516438 10.1722056146784
2014-09-24 43.6410808446738 89.7010870333583 10.1524257637482
2014-09-25 42.9547097287902 88.5578283821776 10.3058038183188
2014-09-26 42.8668131864463 89.9795040815317 10.2480533681471
2014-09-29 42.5612991480338 90.2189812161268 10.3302625204464
2014-09-30 42.7934153613895 90.062212483697 10.2286613970923
2014-10-01 43.4222900150305 88.2452801880433 11.416719039105
2014-10-02 42.5598147393296 88.4918431669394 11.1416958643289
2014-10-03 42.5598147393296 89.3711145809404 11.2464605157235
2014-10-06 42.6238236628111 90.2122834093117 11.3811179463793
2014-10-07 42.0531625440857 88.4967123865712 11.3085150659152
2014-10-08 41.6325486128436 89.3746555681046 11.1845178088331
2014-10-09 41.6773937290936 87.3847373094342 11.1062435789435
2014-10-10 40.6767220879352 86.3512190237709 10.9566770267117
2014-10-13 40.7860416684674 85.8480675858441 11.0678632484696
2014-10-14 40.845191842207 85.5192340285947 10.8045298767954
2014-10-15 39.6730448027715 84.5167094061217 10.9148745021178
2014-10-16 39.7237249405026 84.3485453436155 10.6942386533496
2014-10-17 40.961173552405 85.02260860369 10.5347563880945
2014-10-20 40.3478865262255 85.39611094243 10.9004571023857
2014-10-21 41.1309856768468 86.44863289941 10.6532594826015
2014-10-22 41.3771140440157 85.6097798126183 10.9638511272313
2014-10-23 41.8731221892212 87.2896002998124 10.9598402397345
2014-10-24 41.5976967003488 88.2768611569655 11.0524778023236
2014-10-27 41.2034194461991 88.1823192516154 11.0463515714789
2014-10-28 41.9697638256581 88.9985043438913 11.0089568394646
2014-10-29 42.0374247176376 88.6802880780117 11.1462216153747
2014-10-30 42.1856685205692 89.7648614822422 11.18510549039
2014-10-31 43.1669955615476 91.6329218511073 11.7418766036743
2014-11-03 42.7928452232175 90.0405954360125 13.7083533570992
2014-11-04 42.3986199296442 90.3699464662862 13.6956704910318
2014-11-05 43.0878547172618 90.697349171968 13.6819575090172
2014-11-06 43.3743044999672 91.0819821281138 13.4890521785533
2014-11-07 42.9784621191231 91.5046302913592 13.5501831026295
2014-11-10 43.2561715176087 91.837096264119 13.5011717772932
2014-11-11 43.3355441609323 91.7768271998502 13.7950032249464
2014-11-12 42.6044052077421 91.9989511675852 13.7687716403981
2014-11-13 42.7780882021819 91.988994800657 13.8819385386751
2014-11-14 42.7985818103612 91.9392074263123 13.9466197421403
2014-11-17 43.0456208066833 91.500169103666 13.3856588121053
2014-11-18 43.7402669554577 91.8472550876139 13.7068257476952
2014-11-19 43.8155201035338 91.9098958342665 13.6190670590973
2014-11-20 43.8671854983506 91.7962961115941 13.5008118897975
2014-11-21 45.0169686278535 92.2312612842076 13.4454370100171
2014-11-24 45.2620698345624 93.3814166438156 13.6526298959328
2014-11-25 45.6120737464865 93.2680466948962 13.649042769376
2014-11-26 45.8634626108962 93.0575326985258 13.5949236091556
2014-11-27 46.1377978146295 93.0575326985258 13.4764356867709
2014-11-28 46.1654553770533 92.6875830559611 13.6536408439965
2014-12-01 43.4328401055712 95.0767191734849 13.9971199979548
2014-12-02 43.3045504804009 95.5495226589521 14.0514995958378
2014-12-03 43.4689353954525 95.9032564767368 14.0970106633335
2014-12-04 42.9439125810737 96.5191091572236 14.252843957785
2014-12-05 43.9716812104093 96.9454661923791 14.2445600630046
2014-12-08 43.6572532880457 96.7559147225572 14.1210125222884
2014-12-09 42.6926503578089 96.4779833583144 14.0586612770221
2014-12-10 42.7188949008926 94.5481383664103 13.8137713750792
2014-12-11 42.9926512287181 94.536740576528 13.7435452164022
2014-12-12 41.8252607869355 92.5578975121087 13.8579531899503
2014-12-15 40.688729497103 91.8155643887094 13.5735656405407
2014-12-16 41.6908197637743 91.3417990575813 13.3627117231741
2014-12-17 41.605990085178 92.615061313055 13.5195872385836
2014-12-18 42.7682806137417 94.9847644599287 13.8532213506763
2014-12-19 42.6632258199103 96.285919949846 14.1639641783332
2014-12-22 43.0067292048916 97.8052487783389 14.1779175732683
2014-12-23 43.2523721609456 98.0134852857691 14.1779175732683
2014-12-24 43.2523721609456 98.3112606812454 14.2827309515674
2014-12-25 43.2523721609456 98.3112606812454 14.2541103321047
2014-12-26 43.2523721609456 98.592779123471 14.2574280792783
2014-12-29 43.2742532543001 98.6133705523037 14.2112760299707
2014-12-30 42.7442624968447 98.2876081919661 13.9704374401108
2014-12-31 42.7442624968447 97.645531105867 14.0662566269428
2015-01-02 42.6846714172007 96.547641070539 15.2237377419147
2015-01-05 41.4101269692074 95.5353586231627 15.2353561132238
2015-01-06 41.3948273815296 95.3100932404037 14.8949230267875
2015-01-07 41.6069213340776 96.5751128374848 15.0521069107351
2015-01-08 43.0032520343161 98.9565345580409 15.3910978520016
2015-01-09 42.1765919168312 98.4211414734241 15.4087356179021
2015-01-12 42.7597264820748 97.5962108973384 15.4087356179021
2015-01-13 43.4552003156158 97.4871115971139 15.4149278176658
2015-01-14 42.9135078265699 96.6748994351853 15.2189974656886
2015-01-15 43.8556576335058 96.3294720051553 15.68656397962
2015-01-16 44.4464804076673 97.9145920323594 15.5445624742048
2015-01-19 44.7724931054888 97.9145920323594 15.8410079507913
2015-01-20 44.8371022763358 99.0252907258216 16.1616116490281
2015-01-21 45.0211370211336 99.2974737680094 15.9608557376989
2015-01-22 45.6173385576809 100.818727154827 16.061955361713
2015-01-23 46.5526240384953 100.243728218277 16.2658723417879
2015-01-26 47.2028565148003 103.347432411897 16.750674430997
2015-01-27 46.4608265124287 101.525660228891 16.9789585132007
2015-01-28 46.8209772720332 99.7332321967422 16.8916573143999
2015-01-29 46.9385672364249 100.551610539829 16.6580516179125
2015-01-30 46.7481975050115 99.5358911254184 16.7903342477817
2015-02-02 30.4562359602217 101.607179447879 31.0110074701105
2015-02-03 30.6332702073721 103.065578671014 30.5357178124833
2015-02-04 30.6905657864579 102.587722288624 31.0138000327162
2015-02-05 30.6739421308104 103.173768134461 30.4688227003778
2015-02-06 30.5079335514882 103.35680891697 30.9399021843022
2015-02-09 29.9935423605919 103.47771231637 30.78165305321
2015-02-10 30.2475887452665 104.209324381884 30.7562400010541
2015-02-11 30.2427516254287 104.235144241906 30.7379558426229
2015-02-12 30.713996024985 104.952632994993 31.0925427249879
2015-02-13 30.8370528333972 104.920806713996 30.9047977987287
2015-02-16 30.7240658072146 104.920806713996 31.1634585931176
2015-02-17 30.6464054233002 104.578149147461 31.1904557775329
2015-02-18 30.8303011887023 104.677435331246 31.5722311637428
2015-02-19 30.9454554435782 104.320652088147 31.5412871597877
2015-02-20 31.0824330513325 105.125452577823 31.723334454998
2015-02-23 31.3082395495472 105.163994834254 31.9562876497445
2015-02-24 31.5186886649557 105.960797488472 32.2664694033695
2015-02-25 31.5314283411424 106.24686277455 32.2634191879151
2015-02-26 31.8602949164023 105.972562091241 32.6309776436751
2015-02-27 32.0697579290855 105.851404975901 32.710277624831
2015-03-02 31.2564768734731 106.196591949855 33.1783717064901
2015-03-03 30.9003669989205 105.75817408046 33.1033433424497
2015-03-04 31.2017442403263 105.186606603942 32.9488148926888
2015-03-05 31.5130113432537 105.885541104642 33.2147558816849
2015-03-06 31.6416490803361 105.068351093061 33.7803945135374
2015-03-09 31.7269528038918 107.897355129927 33.8575246370542
2015-03-10 31.5030679803324 105.794774240591 33.5546568447265
2015-03-11 32.3402284707678 106.423901537824 33.7754193414603
2015-03-12 32.3221474411337 109.434221997916 34.7440375810085
2015-03-13 32.6021613032731 109.065108902394 35.4093310446203
2015-03-16 33.3311165044158 111.361380127251 35.6526023774644
2015-03-17 32.8192219330417 110.104809742686 35.8824033076311
2015-03-18 32.6601227846526 110.9897823768 35.9039135931831
2015-03-19 32.5961075422387 109.803773853613 35.6957992713515
2015-03-20 32.9795275542928 109.853357560579 35.6966846625193
2015-03-23 32.5863541118886 108.839561291637 35.5318546579209
2015-03-24 32.8872685611194 107.820779453853 35.7359447685906
2015-03-25 32.5027517525661 105.312846567047 35.6093490941235
2015-03-26 32.4434714456593 104.986888914847 35.0998747105232
2015-03-27 32.5109964248176 105.057014789662 34.8773735911592
2015-03-30 33.1072878585587 107.325704030682 35.3185965926712
2015-03-31 32.7790097676876 106.511929615415 34.925139888257
2015-04-01 38.6372535955944 97.839128757744 37.7396969180214
2015-04-02 38.5278254013141 98.2991671067616 38.4065935846227
2015-04-03 38.5278254013141 98.2991671067616 38.4885989414551
2015-04-06 38.5278254013141 97.0384455584166 38.0973558861205
2015-04-07 39.0304700923522 96.8941963007417 38.4941310605113
2015-04-08 38.7482600496719 97.9143979574776 38.8669045487923
2015-04-09 39.1686496746487 98.7296337013348 39.3291013148282
2015-04-10 39.8392188205915 100.170392185003 39.5343424967634
2015-04-13 39.7233203869946 100.983634803526 40.044860320438
2015-04-14 39.365545592598 101.51985412844 40.0922268262445
2015-04-15 39.3775869086475 101.764380276811 40.1589301992022
2015-04-16 38.6291422151417 101.419778194762 40.1659603451986
2015-04-17 37.6306123162395 99.136355224395 39.4964481948921
2015-04-20 38.2848266543282 99.3962790607193 39.1800477700138
2015-04-21 38.4382952457029 99.2750509794804 39.8396161476108
2015-04-22 38.2058224298697 100.202881912377 40.3052063187854
2015-04-23 37.7429046441213 100.129523524685 40.2713267721324
2015-04-24 38.0238602536668 100.18317303767 39.853255076995
2015-04-27 38.758883441749 98.7822804765429 39.6018427939706
2015-04-28 38.0264697294351 99.2687900334036 39.754792471473
2015-04-29 36.8065085586671 98.3889256610864 39.754792471473
2015-04-30 36.8762412851078 96.336751332705 38.1500098260321
2015-05-01 39.1254032496488 96.0129219883197 36.2246772058763
2015-05-04 39.6906079854344 95.9159248292904 36.2246772058763
2015-05-05 38.692625895325 95.4167611194582 35.884514042369
2015-05-06 38.769380405404 95.1367836492926 35.9622383613793
2015-05-07 38.9668773331935 94.6405253831666 35.2916838628587
2015-05-08 39.9976193581883 95.5244468524088 35.3227643343805
2015-05-11 39.8733511016255 96.0490140935552 36.0351146453633
2015-05-12 39.186990320187 96.2137207173068 36.1419557364366
2015-05-13 38.7738535811548 95.8119856646095 36.2290576023388
2015-05-14 39.4855623630691 96.2365566737477 35.7874205857149
2015-05-15 39.1002987518135 95.4126767964926 35.8588113870716
2015-05-18 39.6032692912367 95.0075929301883 35.8907667444567
2015-05-19 40.4881210410385 95.5367256992674 36.2052731075028
2015-05-20 40.4715192524867 96.823667995477 36.8999047090143
2015-05-21 40.5265816901305 97.7485270978618 37.0294375612253
2015-05-22 40.3572280835003 97.426308316135 37.0870867808042
2015-05-25 40.3572280835003 97.426308316135 37.600500730289
2015-05-26 39.7086441298288 97.6373549714402 37.7343940576147
2015-05-27 40.2073449702756 98.8798196946633 37.759607464206
2015-05-28 39.8877680066486 98.9691651059242 37.7216516334338
2015-05-29 38.9868615226223 98.0596183456257 37.4614006993995
2015-06-01 36.2181811871285 99.9273414560239 38.3623579244951
2015-06-02 35.878518454056 100.2533008456 38.4535078418228
2015-06-03 36.1661480614446 99.8717699539234 37.9739253913482
2015-06-04 35.9158886515046 97.4866234903709 37.5468687584873
2015-06-05 35.4615823256958 96.3538640718536 37.1358232428111
2015-06-08 35.0428059854068 97.3302700865033 37.2886571963632
2015-06-09 34.8412889694174 96.8893009763795 36.5836742624398
2015-06-10 35.6776973143714 97.1342052973382 36.354923902704
2015-06-11 35.8911246698116 97.1636317558198 37.220023822642
2015-06-12 35.4594915962704 96.6546990444674 37.3471253789234
2015-06-15 34.7896022395478 96.1159029083919 37.3225572116249
2015-06-16 34.9765831347221 97.0294177893581 37.173096573295
2015-06-17 34.7675599143698 96.9743854718984 37.0087352007613
2015-06-18 35.1548547290484 97.8959774519601 36.5065629565073
2015-06-19 34.9641995952036 96.4317496073311 36.6914348703435
2015-06-22 36.2956154067822 97.2011557571935 37.3320618967402
2015-06-23 36.5554377272308 97.2029882711107 37.8737214271786
2015-06-24 36.3296917846543 97.293905163172 38.1852191382501
2015-06-25 36.3356144797721 97.3341183483535 38.1097956828144
2015-06-26 36.3967373190641 97.5359379252765 38.0312095565801
2015-06-29 35.1006999480035 95.8716134657932 36.9895556837714
2015-06-30 34.6629214999403 96.6726211267138 37.8140209516607
2015-07-01 33.2312185212584 98.8419145470767 37.0764305099797
2015-07-02 32.9900194356713 99.3535582109591 37.5494966329112
2015-07-03 32.8682762743983 99.3535582109591 37.5508448305202
2015-07-06 32.3696526520388 99.0304114583517 36.7851479253649
2015-07-07 31.7340385810584 100.19314011438 37.580105432544
2015-07-08 31.9436401174753 99.1142580373922 36.5421375863456
2015-07-09 32.6840578546059 99.0409901823204 36.955000385783
2015-07-10 33.6328580428115 100.009580039651 36.8443910906833
2015-07-13 34.1344248891478 100.298379248362 36.6101084638494
2015-07-14 34.2310839033037 101.39440087083 37.3067262063463
2015-07-15 34.2987315688113 102.038192800434 37.5845295663235
2015-07-16 34.8251155265895 102.630109995288 37.8524825074637
2015-07-17 34.6962987628812 103.170976263503 38.1057597568001
2015-07-20 34.8814692323402 104.022848488128 38.1057597568001
2015-07-21 34.492342758858 102.905932186671 38.6354148069035
2015-07-22 34.2422878841976 102.231010386292 38.0676759344141
2015-07-23 34.21684671957 101.019007715007 38.146961702735
2015-07-24 33.7274359008221 99.7139563699819 37.725336584031
2015-07-27 32.8623637093017 98.8345906121656 37.3490729281612
2015-07-28 33.2116318707522 99.3126935130782 37.2061661795629
2015-07-29 33.3243973332288 99.8594101233545 37.077038787448
2015-07-30 33.4590424909432 99.9826003545538 37.4923734736604
2015-07-31 33.6131233594948 100.521758027223 37.7611925041757
2015-08-03 32.5206347250477 101.746054245818 37.6293849200271
2015-08-04 32.5557324793625 101.61938280326 37.5785668417079
2015-08-05 33.0679066367481 101.74573077498 37.8196559974011
2015-08-06 32.9224064924167 101.714342707062 38.0156611078113
2015-08-07 32.654512393602 101.146021818123 37.9302131029415
2015-08-10 32.9783347832486 102.020630434245 38.0562305235418
2015-08-11 32.0941693644909 100.717416035871 37.787223886895
2015-08-12 31.0454355092811 100.276897112298 36.9269244020816
2015-08-13 31.301252005631 99.4706728166157 37.0544313372643
2015-08-14 31.2174469856489 99.6864250972322 36.9068528526665
2015-08-17 31.0901076508067 100.298206923139 37.200968824255
2015-08-18 31.0207391425074 100.267208287397 37.1145290429757
2015-08-19 30.3564155039653 99.6415608110275 36.6321518891326
2015-08-20 29.6460820825351 97.611651973719 36.339787791467
2015-08-21 28.7717463629789 93.6884998665791 35.0514510212511
2015-08-24 27.4187995720873 88.5225559833389 33.2421911503267
2015-08-25 28.7819784680021 86.5662384226545 32.1087546917272
2015-08-26 28.4105838686096 89.8228483172484 33.2789098618885
2015-08-27 29.3148138708615 92.3809764165043 33.8557757721433
2015-08-28 29.2662481433279 93.5908716795365 35.0671985835179
2015-08-31 29.155218567678 93.8500467146247 34.5760088386646
2015-09-01 34.7321697194588 89.9740169670073 32.8750874345012
2015-09-02 34.8448026727642 91.2336418050247 32.8590236609257
2015-09-03 35.7803852837654 91.3803137778014 33.095122393955
2015-09-04 34.8100906313393 90.4707019764201 32.5388421142831
2015-09-07 35.0548155957614 90.4707019764201 33.1265277756816
2015-09-08 35.6192028893206 92.9210569110936 32.2279841298713
2015-09-09 35.7293399572925 91.3773326136712 34.5333583282834
2015-09-10 35.4079437194194 91.8503444825328 33.4321199503101
2015-09-11 35.1066567551337 92.0244498081851 33.1925186078254
2015-09-14 35.135025804685 90.7628330274898 32.344301789187
2015-09-15 35.3305748147241 92.1049404823086 32.5537399743588
2015-09-16 35.4660973920176 93.1124193033895 32.9560571972807
2015-09-17 35.4743165251607 92.9635877391955 33.4091143854241
2015-09-18 34.3874334435931 90.9747507712591 32.5538891701947
2015-09-21 34.4996159863618 91.8344293052742 32.5538891701947
2015-09-22 33.1893025070357 91.116972160246 32.5538891701947
2015-09-23 33.3348119929137 91.6318386527077 32.5538891701947
2015-09-24 32.6933334905467 91.369599085669 32.3063334187951
2015-09-25 33.5980545581887 91.4509222243981 32.7296023344349
2015-09-28 32.8872197098506 89.8258131910787 32.1623687137729
2015-09-29 32.7722635927966 90.0990398991226 30.9705372247466
2015-09-30 33.500644109849 90.0990398991226 30.9705372247466
2015-10-01 34.5827167385065 91.4349217148844 28.5525827803274
2015-10-02 34.742080036063 91.4349217148844 28.5525827803274
2015-10-05 35.6938879266664 91.4349217148844 28.5525827803274
2015-10-06 36.0140670922561 91.4349217148844 28.5525827803274
2015-10-07 36.2598030855691 91.4349217148844 28.5525827803274
2015-10-08 36.3422478058601 91.4349217148844 28.5525827803274
2015-10-09 36.7187574519718 91.4349217148844 28.5525827803274
2015-10-12 36.8032407423606 91.4349217148844 28.5525827803274
2015-10-13 36.4868084168815 91.4349217148844 28.5525827803274
2015-10-14 36.061415805629 91.4349217148844 28.5525827803274
2015-10-15 36.6031096759566 91.4349217148844 28.5525827803274
2015-10-16 36.7472334520872 91.4349217148844 28.5525827803274
2015-10-19 36.9650013094409 91.4349217148844 28.5525827803274
2015-10-20 36.9045226703684 91.4349217148844 28.5525827803274
2015-10-21 37.2333568597588 91.4349217148844 28.5525827803274
2015-10-22 38.1566177246183 91.4349217148844 28.5525827803274
2015-10-23 39.2569887731634 91.4349217148844 28.5525827803274
2015-10-26 39.2817179295314 91.4349217148844 28.5525827803274
2015-10-27 38.8847693514063 91.4349217148844 28.5525827803274
2015-10-28 39.3930754848287 91.4349217148844 28.5525827803274
2015-10-29 39.2798995570657 91.4349217148844 28.5525827803274
2015-10-30 39.4591903693796 91.4349217148844 28.5525827803274
2015-11-02 33.4639250312739 95.6478440350419 30.3349257982756
2015-11-03 33.4653932865232 95.6478440350419 30.3349257982756
2015-11-04 33.1417446349664 95.6478440350419 30.3349257982756
2015-11-05 33.2716195032584 95.6478440350419 30.3349257982756
2015-11-06 33.5780937528144 95.6478440350419 30.3349257982756
