time value.DAX value.Dow.Jones value.Nikkei value.mixed
2013-02-01 0.0610027230133758 0.191592054385736 0.132018409426634 0.615386813174254
2013-02-04 0.0598862276813634 0.190068530746633 0.130480116754572 0.619565124817432
2013-02-05 0.0600689246448644 0.192038911273456 0.128574159121142 0.619318004960537
2013-02-06 0.0590725019685537 0.191963671786209 0.133206886916377 0.615756939328861
2013-02-07 0.0593577670258125 0.191719813539556 0.130974455426978 0.617947964007654
2013-02-08 0.0598225559931181 0.193129796914063 0.129243629706377 0.617804017386442
2013-02-11 0.0595939150648351 0.194414329536003 0.129059992809259 0.616931762589902
2013-02-12 0.059502813967473 0.193842951687441 0.132787002974077 0.613867231371009
2013-02-13 0.0601218332763076 0.193572543427919 0.130204840309848 0.616100782985926
2013-02-14 0.0595069707147702 0.19289770152559 0.131341182199727 0.616254145559912
2013-02-15 0.0592152975588207 0.194000499035077 0.130502162094788 0.616282041311314
2013-02-18 0.0593099529944778 0.19341351761915 0.132853716817811 0.614422812568561
2013-02-19 0.0601852220850328 0.194504922377648 0.131764480516731 0.613545375020588
2013-02-20 0.0600238910719403 0.192931073317916 0.133274444458583 0.613770591151561
2013-02-21 0.0591434458938125 0.192673155776576 0.131820712726506 0.616362685603105
2013-02-22 0.0593199800490391 0.195185354081943 0.133607840594179 0.611886825274839
2013-02-25 0.0600640608309346 0.192374957432869 0.136863340206212 0.610697641529985
2013-02-26 0.0589283289471039 0.19448573171271 0.133544023090439 0.613041916249747
2013-02-27 0.0590991899826925 0.197547091783453 0.134834572950622 0.608519145283232
2013-02-28 0.059379496493251 0.196308066996583 0.138104198404183 0.606208238105983
2013-03-01 0.0654642754867776 0.198553814832598 0.129771720144594 0.606210189536031
2013-03-04 0.0652112813783641 0.200288821686486 0.129333794911503 0.605166102023646
2013-03-05 0.0664533513309708 0.201419670593543 0.129426453426386 0.6027005246491
2013-03-06 0.0666410750873974 0.200934897113494 0.131757376873169 0.600666650925939
2013-03-07 0.066761368609086 0.201230920628548 0.131801167751343 0.600206543011023
2013-03-08 0.0668986566180769 0.201519268966342 0.133653371327362 0.597928703088219
2013-03-11 0.0669085579473166 0.202680710016926 0.132225467855717 0.598185264180041
2013-03-12 0.0668042136575305 0.202833890065644 0.131742457996252 0.598619438280574
2013-03-13 0.0669352386475803 0.202855452640899 0.130771392403079 0.599437916308443
2013-03-14 0.0673672582877318 0.203479672855634 0.132389248042085 0.596763820814548
2013-03-15 0.0670904375054645 0.203310386570478 0.13413589118937 0.595463284734687
2013-03-18 0.0672563128549506 0.202026539243526 0.131381008967321 0.599336138934202
2013-03-19 0.0662986669131924 0.203029926258204 0.135187721848585 0.595483684980019
2013-03-20 0.0666688622773402 0.203549780236918 0.135022129256863 0.594759228228878
2013-03-21 0.0660919953999253 0.202665791394213 0.136461385729603 0.594780827476259
2013-03-22 0.0660995536819047 0.20425381020336 0.133201720270661 0.596444915844075
2013-03-25 0.0657061340061163 0.202176410130401 0.136170464823457 0.595946991040026
2013-03-26 0.0656965981747031 0.203846988210415 0.135254069381458 0.595202344233424
2013-03-27 0.0648011092682196 0.204548030549144 0.136729209995331 0.593921650187306
2013-03-28 0.0648544198653933 0.206043413903757 0.135161241006075 0.593940925224774
2013-04-02 0.0763085926882767 0.206304534760625 0.12543719152028 0.591949681030818
2013-04-03 0.0755232741497112 0.203975233778881 0.129496519345367 0.591004972726041
2013-04-04 0.0747188372784009 0.204364682959656 0.131911402785849 0.589005076976095
2013-04-05 0.0734020433671977 0.203966635056655 0.132016154623684 0.590615166952464
2013-04-08 0.0736732077385016 0.203033961854729 0.130791803691278 0.592501026715491
2013-04-09 0.0735208579837133 0.203926758482778 0.12932610331487 0.593226280218639
2013-04-10 0.0749972374118751 0.20441030059336 0.128861303972302 0.591731158022463
2013-04-11 0.0753599390412765 0.204219486823923 0.130430453273197 0.589990120861603
2013-04-12 0.0743204051266994 0.204590841091661 0.129701406713827 0.591387347067812
2013-04-15 0.0743827117653621 0.201584018832407 0.129678678370411 0.594354591031819
2013-04-16 0.0738865591528624 0.203705087975672 0.12970406283199 0.592704290039476
2013-04-17 0.0722964644363468 0.201871117398598 0.132000233287548 0.593832184877507
2013-04-18 0.0723331124139651 0.201174774350882 0.130024760807662 0.596467352427491
2013-04-19 0.072004812822182 0.201974413701864 0.131159711857326 0.594861061618629
2013-04-22 0.0721038382927194 0.202018491139215 0.131639369921967 0.594238300646098
2013-04-23 0.073601958547207 0.203424642585026 0.130648803104599 0.592324595763168
2013-04-24 0.0741976830162094 0.202324403044731 0.134113187783331 0.589364726155729
2013-04-25 0.0747678845750057 0.202605857680665 0.134325372996551 0.588300884747779
2013-04-26 0.0746729899826137 0.202481149602985 0.133925944002875 0.588919916411527
2013-04-29 0.0750785133539867 0.203567347759009 0.133648669472154 0.587705469414851
2013-04-30 0.0753556723737812 0.202899903602269 0.134861751662652 0.586882672361299
2013-05-02 0.0706548028331536 0.21412013893867 0.128249478682915 0.586975579545261
2013-05-03 0.0717753628080266 0.21601617235241 0.127707726921321 0.584500737918242
2013-05-06 0.0716693703728114 0.216274145844238 0.12767963490673 0.584376848876221
2013-05-07 0.0719322378228318 0.216671793736681 0.12986759567763 0.581528372762858
2013-05-08 0.0723199509621764 0.217029446958471 0.130797393267497 0.579853208811856
2013-05-09 0.072560922067117 0.216478275726666 0.130074918121087 0.58088588408513
2013-05-10 0.0724164238767591 0.216009715062387 0.132963339227648 0.578610521833205
2013-05-13 0.072298700812438 0.217594431860616 0.132481159697362 0.577625707629584
2013-05-14 0.0726569507243506 0.219134686184932 0.131879908343944 0.576328454746774
2013-05-15 0.0725729422452116 0.219020091464359 0.134344869638113 0.574062096652316
2013-05-16 0.0726033959913752 0.219730074997828 0.133870138539766 0.573796390471031
2013-05-17 0.0725974767562474 0.221009473934414 0.134560728940004 0.571832320369335
2013-05-20 0.0729414944707608 0.220984026527013 0.135457248127736 0.57061723087449
2013-05-21 0.0729769247261483 0.221141141673776 0.13608614792735 0.569795785672725
2013-05-22 0.0734274724562523 0.219309118319645 0.137889491804509 0.569373917419594
2013-05-23 0.072819068438013 0.221571516149234 0.128853055878862 0.576756359533891
2013-05-24 0.0722362848351 0.221620940594102 0.130783384688344 0.575359389882454
2013-05-27 0.0731268459915956 0.222266301651 0.127567411112705 0.5770394412447
2013-05-28 0.0737319950385207 0.222151938458001 0.128990523142256 0.575125543361222
2013-05-29 0.0726932950042726 0.221786406652695 0.128678185553518 0.576842112789515
2013-05-30 0.0736345124823062 0.2234116829244 0.123063621770989 0.579890182822304
2013-05-31 0.0734375834614327 0.219561636422705 0.125099019395083 0.58190176072078
2013-06-03 0.0758398225938278 0.2188455700524 0.123410915752215 0.581903691601558
2013-06-04 0.075839035105134 0.217011765955663 0.125959593633584 0.581189605305619
2013-06-05 0.0756716295323288 0.215275748937759 0.122081481255131 0.586971140274782
2013-06-06 0.0748215092714013 0.216419736357551 0.12139947944745 0.587359274923597
2013-06-07 0.0759735181375589 0.217545760857106 0.121334922605176 0.585145798400159
2013-06-10 0.0760192487117311 0.214909820626789 0.127304225606443 0.581766705055037
2013-06-11 0.0756457602073271 0.214482699793025 0.124957627121203 0.584913912878444
2013-06-12 0.0751507232930844 0.212399004581032 0.125708455442299 0.586741816683585
2013-06-13 0.0750991856843803 0.215483086093796 0.11960551878964 0.589812209432184
2013-06-14 0.0752247592890453 0.212998288492434 0.123341043986873 0.588435908231647
2013-06-17 0.0755487469674651 0.213090577870798 0.126699012294594 0.584661662867144
2013-06-18 0.0755901023179666 0.214887203557785 0.125515600605761 0.584007093518487
2013-06-19 0.0754597707517673 0.21192842888731 0.127300227353212 0.585311573007711
2013-06-20 0.0737434711022925 0.208969985335766 0.125904494601583 0.591382048960358
2013-06-21 0.0722708376047941 0.211343724624974 0.126447660218258 0.589937777551973
2013-06-24 0.0715334874136816 0.211656890074836 0.125538413775255 0.591271208736228
2013-06-25 0.0724980118948073 0.212990968435592 0.124379658620891 0.590131361048709
2013-06-26 0.0735242763679138 0.21450414245032 0.123255597357578 0.588715983824189
2013-06-27 0.0734427069700534 0.215666957115551 0.126484375292205 0.58440596062219
2013-06-28 0.0729706547653946 0.213763114961394 0.130311294463437 0.582954935809774
2013-07-01 0.0757389106056042 0.218894823804212 0.122409188033383 0.582957077556801
2013-07-02 0.0750674993057938 0.21790288742507 0.123892482166008 0.583137131103128
2013-07-03 0.0743588074822892 0.218925319550564 0.12306960311921 0.583646269847937
2013-07-04 0.0758087433618085 0.218587800213715 0.12285186610164 0.582751590322837
2013-07-05 0.0736954427132532 0.220845923109355 0.12528099964177 0.580177634535621
2013-07-08 0.0749845098650256 0.223850902207576 0.122874916721548 0.578289671205851
2013-07-09 0.0754611744833395 0.223660145487515 0.125351088916205 0.57552759111294
2013-07-10 0.0755762775898131 0.223631938901699 0.125005182535935 0.575786600972552
2013-07-11 0.0760424816687859 0.22538405500947 0.125785505428006 0.572787957893738
2013-07-12 0.0768644210381581 0.222007611403244 0.125948479303178 0.575179488255419
2013-07-15 0.0770310386391012 0.222196775727467 0.125883670260327 0.574888515373105
2013-07-16 0.0767357976485975 0.222028979874671 0.126187647463779 0.575047575012953
2013-07-17 0.077257665674007 0.221573128261283 0.12597003038911 0.5751991756756
2013-07-18 0.0778175738560321 0.221445979887028 0.127087762216781 0.573648684040159
2013-07-19 0.0779158283276227 0.22237948004771 0.124946173389885 0.574758518234783
2013-07-22 0.0779919743756233 0.22197572867996 0.124671759033857 0.575360537910559
2013-07-23 0.0777248755650747 0.22154144904491 0.126177848024382 0.574555827365633
2013-07-24 0.0783765385339282 0.22083647522119 0.125894934950258 0.574892051294625
2013-07-25 0.0778515053369542 0.22133019923348 0.12425859355898 0.576559701870585
2013-07-26 0.0776581975042792 0.222291329443776 0.121145492658111 0.578904980393834
2013-07-29 0.0781104082646737 0.221618263599304 0.118985611023143 0.58128571711288
2013-07-30 0.0780321906570052 0.221139029203276 0.120961682213774 0.579867097925945
2013-07-31 0.0782300408093619 0.221450130728989 0.119324946052415 0.580994882409233
2013-08-01 0.0805709422576572 0.22449013618801 0.113941836605843 0.58099708494849
2013-08-02 0.0802317857980337 0.224333756259902 0.116616969360191 0.578817488581873
2013-08-05 0.0804274034324918 0.223972122571494 0.114775073347133 0.580825400648882
2013-08-06 0.079521150881316 0.222941537231662 0.116425551037408 0.581111760849614
2013-08-07 0.079566360630256 0.223282504645496 0.112940989591875 0.584210145132373
2013-08-08 0.0801559774484823 0.223267839102087 0.112123851025997 0.584452332423434
2013-08-09 0.0804516550509028 0.22167111614074 0.112669973927936 0.585207254880421
2013-08-12 0.0806595093777718 0.22186905425822 0.112216762778823 0.585254673585185
2013-08-13 0.0808608813189036 0.221877238968804 0.114480527677544 0.582781352034749
2013-08-14 0.081123092897333 0.22084272368713 0.114907120239591 0.583127063175946
2013-08-15 0.0810283842612699 0.219359361374563 0.112861349933565 0.586750904430601
2013-08-16 0.0812920743428683 0.21880370272441 0.11233640093167 0.587567822001053
2013-08-19 0.0811314706721054 0.217310243193784 0.113348131980113 0.588210154153998
2013-08-20 0.0808288320698502 0.217935407408506 0.110536278465507 0.590699482056137
2013-08-21 0.0808502315631702 0.216194660766166 0.111051374560131 0.591903733110533
2013-08-22 0.0818677940993978 0.216651649873013 0.11014960820024 0.59133094782735
2013-08-23 0.0817540745390704 0.217394520234574 0.111676630177761 0.589174775048595
2013-08-26 0.0821255902510265 0.216333906652427 0.110957270334963 0.590583232761583
2013-08-27 0.0806377965691559 0.214997091381434 0.110926399041812 0.593438713007598
2013-08-28 0.0798693323790074 0.215959437597069 0.110282784144919 0.593888445879005
2013-08-29 0.0800461036904741 0.215837494662288 0.111570266616615 0.592546135030623
2013-08-30 0.0792054097765258 0.216848132638223 0.111004880457942 0.59294157712731
2013-09-02 0.078886710838127 0.223468081635637 0.104701475393699 0.592943732132537
2013-09-03 0.0780126506518421 0.224354543074508 0.106726409777143 0.590906396496507
2013-09-04 0.077976797390394 0.225776320912582 0.106702889945863 0.589543991751161
2013-09-05 0.0783187855064424 0.225739440039482 0.106615534903227 0.589326239550849
2013-09-06 0.0788200622384257 0.225994871290189 0.104997714194426 0.590187352276959
2013-09-09 0.0784079613481215 0.226741796542518 0.107789506471479 0.587060735637881
2013-09-10 0.0796957014361302 0.227342554686524 0.108279247250879 0.584682496626467
2013-09-11 0.0801008886303651 0.228286009533978 0.107355315110601 0.584257786725056
2013-09-12 0.0801994814343647 0.227882548535465 0.106816667782731 0.58510130224744
2013-09-13 0.0802251401693457 0.228182763402766 0.107359030446002 0.584233065981886
2013-09-16 0.0809669349235174 0.229435068769614 0.107048676845576 0.582549319461292
2013-09-17 0.0809119708738039 0.229156922321095 0.106685276545594 0.583245830259507
2013-09-18 0.0809595041465978 0.230606736793162 0.107483018669927 0.580950740390313
2013-09-19 0.0813836975004917 0.229225551262416 0.109294961471908 0.580095789765184
2013-09-20 0.0817711538679059 0.22537266666149 0.108754047331672 0.584102132138932
2013-09-23 0.0815131216227963 0.225120522411964 0.108375441006466 0.584990914958774
2013-09-24 0.081803209117472 0.22433030986377 0.10877445880653 0.585092022212227
2013-09-25 0.0818831691562453 0.224072532727178 0.108444862218086 0.585599435898491
2013-09-26 0.0816893165654312 0.224287492584288 0.109701810578757 0.584321380271524
2013-09-27 0.0818083405055256 0.223488909280046 0.109349821822782 0.585352928391647
2013-09-30 0.0815517216993277 0.222339225993417 0.108030634811382 0.588078417495873
2013-10-01 0.0778930811550155 0.229335921269455 0.104690417214296 0.588080580361234
2013-10-02 0.0777108040095677 0.229019893753941 0.102499335085754 0.590769967150737
2013-10-03 0.0775895923841957 0.227310641480713 0.10308432013396 0.592015446001131
2013-10-04 0.0778906310005401 0.22765867990026 0.101860156893125 0.592590532206075
2013-10-07 0.0777945024818048 0.226928124992987 0.101250501631228 0.594026870893981
2013-10-08 0.0776507525505611 0.224806006440263 0.102135287057384 0.595407953951792
2013-10-09 0.077209360495546 0.224892628501204 0.10314429991562 0.59475371108763
2013-10-10 0.0781090971022426 0.228525933451502 0.103387679085719 0.589977290360536
2013-10-11 0.0781852057383074 0.229786534427124 0.104114673317622 0.587913586516947
2013-10-14 0.0782126815713706 0.230435883143322 0.103157147815197 0.58819428747011
2013-10-15 0.0790353727992572 0.2283301870169 0.103691218982248 0.588943221201595
2013-10-16 0.0790686047412897 0.231034119283341 0.103469275721386 0.586428000253983
2013-10-17 0.0787128980218685 0.230952357555691 0.104285925407862 0.586048819014579
2013-10-18 0.0792613591544819 0.230244323829406 0.103892809817753 0.58660150719836
2013-10-21 0.0793268636353241 0.228888398209753 0.104833618116656 0.586951120038268
2013-10-22 0.079896385767351 0.229752210376047 0.104482651272104 0.585868752584498
2013-10-23 0.0799730750387234 0.229337419827916 0.102438698475347 0.588250806658013
2013-10-24 0.0803956965269739 0.229293039092465 0.10294814621262 0.587363118167941
2013-10-25 0.0806165831647233 0.230362642508357 0.100373515799606 0.588647258527313
2013-10-28 0.0804016277973797 0.229776626051543 0.102275136264916 0.587546609886161
2013-10-29 0.0806814559606102 0.231143114619524 0.101414144878688 0.586761284541177
2013-10-30 0.0805109122788 0.230549842914405 0.102648054498787 0.586291190308008
2013-10-31 0.0808861911802971 0.230322891217155 0.101303572460502 0.587487345142046
2013-11-01 0.0842156631822083 0.231966442099284 0.0963283761677562 0.587489518550752
2013-11-04 0.0841692614661805 0.234607752891546 0.0959620926623112 0.585260892979963
2013-11-05 0.0838855671927414 0.234007804554686 0.0969924824467853 0.585114145805787
2013-11-06 0.0838965415980243 0.235259443950655 0.0977037669417126 0.583140247509609
2013-11-07 0.0845302725600712 0.233489194348979 0.0970284882121447 0.584952044878806
2013-11-08 0.0843143819439539 0.236011977378273 0.0960337980614496 0.583639842616324
2013-11-11 0.0842492850435524 0.237230475009824 0.09722003598114 0.581300203965484
2013-11-12 0.0838734887088033 0.236272120223096 0.0991413197383745 0.580713071329726
2013-11-13 0.0837050389542484 0.236948176839408 0.098409264238238 0.580937519968105
2013-11-14 0.0843152193119426 0.236540417846907 0.100031943591827 0.579112419249324
2013-11-15 0.084281298791956 0.236749165512468 0.101286605240791 0.577682930454786
2013-11-18 0.084851252752599 0.236517027397871 0.100614153018479 0.578017566831051
2013-11-19 0.084619287523903 0.236439224848961 0.10048387418922 0.578457613437916
2013-11-20 0.084813125577705 0.235581064378255 0.100371292579384 0.579234517464656
2013-11-21 0.0844822274430885 0.236339522538183 0.101822807047685 0.577355442971043
2013-11-22 0.084487874455951 0.237928537382606 0.101622452687723 0.57596113547372
2013-11-25 0.085324036015776 0.23626908409211 0.101800855231694 0.57660602466042
2013-11-26 0.0852680651315919 0.236875688298495 0.101010387646581 0.576845858923332
2013-11-27 0.0857963363546227 0.236920661896659 0.10064801438054 0.576634987368179
2013-11-28 0.0859909078038436 0.236541243703195 0.101750994071113 0.575716854421848
2013-11-29 0.0863085953255477 0.235982765972639 0.100961048374365 0.576747590327449
2013-12-02 0.0938617887682054 0.232937268840247 0.0964510659687259 0.576749876422821
2013-12-03 0.0922924234022692 0.232462753287603 0.0971538504188498 0.578090972891278
2013-12-04 0.0917594874352655 0.232986444953524 0.0952912199319151 0.579962847679295
2013-12-05 0.0914877192563874 0.232373412922366 0.0943442422052186 0.581794625616028
2013-12-06 0.0919880480696063 0.233771839199071 0.0948358769132618 0.579404235818061
2013-12-09 0.0922620662609894 0.232395319534315 0.095644962660079 0.579697651544617
2013-12-10 0.0916527502245674 0.231991461374993 0.0953799185635713 0.580975869836868
2013-12-11 0.0916196648905726 0.230333965797887 0.094885614491997 0.583160754819543
2013-12-12 0.0912990443714741 0.229273139086587 0.0944274453997409 0.585000371142198
2013-12-13 0.0911693756683259 0.229364158865421 0.0946067649867827 0.58485970047947
2013-12-16 0.0925501744015504 0.231260213571531 0.0926439146177354 0.583545697409183
2013-12-17 0.0917844918698569 0.230922668514539 0.0935714505921003 0.583721389023503
2013-12-18 0.0921033731914931 0.233462950439684 0.0948419450780369 0.579591731290786
2013-12-19 0.0933417597598526 0.232859231491516 0.0960963272328177 0.577702681515814
2013-12-20 0.0937523133878323 0.234434152876932 0.0955408577574847 0.576272675977751
2013-12-23 0.0944561776752191 0.234996022894565 0.0953656469758825 0.575182152454333
2013-12-24 0.0943834610043616 0.235498217164719 0.0953722655217397 0.57474605630918
2013-12-27 0.0950135852140422 0.236351961203782 0.0961125408946954 0.57252191268748
2013-12-30 0.0947678682807653 0.235910680281507 0.0960479695636879 0.57327348187404
2013-12-31 0.0946969965170485 0.236475577297046 0.0959761404814484 0.572851285704458
2014-01-02 0.0930689663815893 0.240171404582805 0.0939055857011728 0.572854043334433
2014-01-03 0.0932268459416678 0.241361474761224 0.0937148475350243 0.571696831762084
2014-01-06 0.0930938207074659 0.242790514492942 0.0927952703131764 0.571320394486415
2014-01-07 0.0937061667862131 0.243652082074401 0.0922877552027713 0.570353995936615
2014-01-08 0.0935996569582344 0.24221056181862 0.0939762359601186 0.570213545263027
2014-01-09 0.0930572816892852 0.242882404826165 0.0925577306081919 0.571502582876358
2014-01-10 0.093478296800768 0.242823391096211 0.0927325395604262 0.570965772542594
2014-01-13 0.0941877910118624 0.23961459598381 0.093125824564147 0.573071788440181
2014-01-14 0.0944975466579302 0.241435051043614 0.0909329606860204 0.573134441612435
2014-01-15 0.0958794183732007 0.241562063675066 0.0925844494530637 0.569974068498669
2014-01-16 0.0958301535053882 0.241662967361068 0.0918750749797009 0.570631804153843
2014-01-17 0.0959807914442237 0.242328863544978 0.0916359007218167 0.570054444288982
2014-01-20 0.0957229032468778 0.242350848802383 0.0918132533152619 0.570112994635477
2014-01-21 0.0956996144500507 0.242447043617884 0.0927051995908555 0.569148142341209
2014-01-22 0.0956822354259078 0.242045071339176 0.0926351020712574 0.569637591163659
2014-01-23 0.0952207176817438 0.240314833921941 0.0923249172015941 0.572139531194721
2014-01-24 0.093785248568773 0.237055070985406 0.0912973155349762 0.577862364910845
2014-01-27 0.0936854555444303 0.236037590559623 0.0903799831560517 0.579896970739895
2014-01-28 0.0941065321562448 0.23697626452317 0.0899792851837222 0.578937918136863
2014-01-29 0.0935039348588971 0.23464250822495 0.0922921513744249 0.579561405541728
2014-01-30 0.0938825653780254 0.23641023452425 0.0900735411705918 0.579633658927133
2014-01-31 0.0933975767273509 0.235471231013107 0.0903336547065509 0.580797537552991
2014-02-03 0.115734367033202 0.229123612169951 0.0743416814050505 0.580800339391796
2014-02-04 0.115333604606961 0.230656805142943 0.0714974305038146 0.582512159746282
2014-02-05 0.115108356449356 0.230134412949518 0.0726369773256151 0.582120253275511
2014-02-06 0.116377564132852 0.231872284121365 0.072122545024738 0.579627606721045
2014-02-07 0.116504437759192 0.232958044809571 0.0730996661616226 0.577437851269615
2014-02-10 0.116499974167621 0.231876363785834 0.0734516891474634 0.578171972899081
2014-02-11 0.118247120603822 0.233531631140582 0.073067416920985 0.575153831334611
2014-02-12 0.118992530112382 0.232584736686619 0.0733513640407597 0.575071369160239
2014-02-13 0.119556483940436 0.233984633335762 0.0720734007122833 0.574385482011518
2014-02-14 0.120222910247598 0.23512506285002 0.0709814996713992 0.573670527230983
2014-02-17 0.120115131120063 0.235051490765828 0.0713358245082958 0.573497553605813
2014-02-18 0.120065536333476 0.233385693677576 0.0734607127659202 0.573088057223027
2014-02-19 0.120369444938326 0.23232776009054 0.0727736308126967 0.574529164158438
2014-02-20 0.120014398874047 0.233468387348373 0.0712225637248818 0.575294650052698
2014-02-21 0.120142461955082 0.23290531421 0.0733093570786254 0.573642866756292
2014-02-24 0.120621505460878 0.233809009846931 0.0727168257360129 0.572852658956178
2014-02-25 0.12042825372023 0.233303015218879 0.0737617575524892 0.572506973508401
2014-02-26 0.120037873670293 0.233637695537647 0.0734448473006796 0.57287958349138
2014-02-27 0.119077955614095 0.234955879615572 0.0733108554226181 0.572655309347716
2014-02-28 0.120054667186878 0.235740975718846 0.0730258181000661 0.57117853899421
2014-03-03 0.120013670909509 0.234436881989536 0.0743681088836973 0.571181338217258
2014-03-04 0.12203627708615 0.236490670973267 0.074605781358704 0.566867270581879
2014-03-05 0.121425359058717 0.236417671476655 0.0753351153056959 0.566821854158933
2014-03-06 0.121193968042484 0.23702581298703 0.0760824975910009 0.565697721379485
2014-03-07 0.119043314088854 0.237426836409169 0.0764474698851622 0.567082379616815
2014-03-10 0.118574618883148 0.23628646721468 0.0750852281486415 0.57005368575353
2014-03-11 0.119102247290963 0.235272294537422 0.0756298649905406 0.569995593181074
2014-03-12 0.117969629887095 0.236149386031495 0.0739811694959925 0.571899814585418
2014-03-13 0.116417928973804 0.233948132878848 0.074553827178453 0.575080110968895
2014-03-14 0.117302041906411 0.233349789926115 0.0723647808143091 0.576983387353165
2014-03-17 0.118329093420377 0.234943476426438 0.0725767994853494 0.574150630667836
2014-03-18 0.118813919422266 0.23563244947385 0.0728895754519428 0.572664055651942
2014-03-19 0.119395606232892 0.234090659556261 0.0731790237033707 0.573334710507476
2014-03-20 0.119544352487862 0.235623719565294 0.0719534458246642 0.57287848212218
2014-03-21 0.119903701363283 0.23656002960762 0.0718080725329154 0.571728196496181
2014-03-24 0.118008418344116 0.236554058417 0.0732982672205646 0.57213925601832
2014-03-25 0.119591845925107 0.237139685607904 0.0727355921761875 0.570532876290802
2014-03-26 0.121034096880815 0.235324320411983 0.0729542786570876 0.570687304050114
2014-03-27 0.120937232528342 0.235291176478602 0.0736926026595756 0.570078988333481
2014-03-28 0.122200630264081 0.235839841955966 0.0740883145064938 0.567871213273459
2014-03-31 0.121551442387416 0.237571655182476 0.0741664604226996 0.566710442007408
2014-04-01 0.120324963472006 0.236869503289252 0.0760920413694126 0.566713491869329
2014-04-02 0.120458905878949 0.236900195779758 0.0764478765901285 0.566193021751165
2014-04-03 0.120478031651735 0.236779862576686 0.0767731298384349 0.565968975933145
2014-04-04 0.121400829921536 0.235343424374778 0.0768823861988266 0.56637335950486
2014-04-07 0.119631657010824 0.234753804786978 0.076636000853169 0.568978537349029
2014-04-08 0.119545122734287 0.234988365762267 0.075690431913064 0.569776079590382
2014-04-09 0.119668898167949 0.236616951632102 0.0742742926705921 0.569439857529357
2014-04-10 0.119599896585136 0.233304582204905 0.0748579274066527 0.572237593803306
2014-04-11 0.11864440943943 0.231775252656437 0.0734210898741735 0.57615924802996
2014-04-14 0.11873225161502 0.23314895814582 0.0729997855771568 0.575119004662003
2014-04-15 0.116547603882319 0.235103227003111 0.0736226035680964 0.574726565546474
2014-04-16 0.117573123459482 0.236260925224685 0.0753418676727656 0.570824083643068
2014-04-17 0.118685607385378 0.235728083796582 0.0749807009545412 0.570605607863499
2014-04-18 0.118629511694091 0.235616669025173 0.0754104796367469 0.57034333964399
2014-04-22 0.12062862244418 0.236573055678898 0.0743374072286021 0.56846091464832
2014-04-23 0.119911525321747 0.236516016872258 0.0751737371775443 0.56839872062845
2014-04-24 0.120091707849739 0.236400335347871 0.0745151657652849 0.568992791037106
2014-04-25 0.118680430656811 0.235245490780256 0.0749602723342441 0.571113806228689
2014-04-28 0.119125139950175 0.236106789682059 0.0742257587559136 0.570542311611852
2014-04-29 0.120546845957917 0.236491246472382 0.0739012963114736 0.569060611258228
2014-04-30 0.120688009816037 0.236981043244224 0.0737300524225297 0.568600894517209
2014-05-02 0.109837334615966 0.239480536488192 0.080839290581653 0.569842838314189
2014-05-05 0.109538912848753 0.239733370400783 0.0808440103128701 0.569883706437594
2014-05-06 0.109097826746582 0.23839612560301 0.0811943280822279 0.57131171956818
2014-05-07 0.109789250614678 0.239708687771606 0.0788087103067547 0.571693351306961
2014-05-08 0.110560317570004 0.239423118833128 0.0794599114635245 0.570556652133344
2014-05-09 0.110174522943567 0.240063786433336 0.079648474293245 0.570113216329851
2014-05-12 0.110898609458909 0.242737970627416 0.0796530085320603 0.566710411381615
2014-05-13 0.111237398836436 0.242454354002715 0.0808875971368548 0.565420650023994
2014-05-14 0.11136797569876 0.241723149267314 0.080814809915311 0.566094065118615
2014-05-15 0.110622564506927 0.240512887184948 0.0808255758037857 0.568038972504339
2014-05-16 0.110353832825618 0.241444817251522 0.0799491433394017 0.568252206583458
2014-05-19 0.110644190774092 0.241745183841659 0.0796427136677575 0.567967911716492
2014-05-20 0.11064507330043 0.239958023503619 0.0802205592481568 0.569176343947794
2014-05-21 0.110989994506933 0.241689791181646 0.0798235498647419 0.567496664446679
2014-05-22 0.110975819808645 0.241443698804545 0.0814940312361263 0.566086450150683
2014-05-23 0.11124736255778 0.242176622967762 0.0818335710086127 0.564742443465846
2014-05-26 0.112424282499465 0.241650993034529 0.0824009321485873 0.56352379231742
2014-05-27 0.1127021241725 0.242704983795273 0.0823971176156899 0.562195774416537
2014-05-28 0.112759042927709 0.242091703894067 0.0825691399562548 0.562580113221969
2014-05-29 0.112564943918824 0.243097411268773 0.082703795871242 0.561633848941161
2014-05-30 0.112556158466499 0.243454329619673 0.0826393360582266 0.561350175855601
2014-06-02 0.11815006345928 0.234956256998039 0.085540484383569 0.561353195159112
2014-06-03 0.117784645933781 0.234975622637588 0.085901999866617 0.561337731562014
2014-06-04 0.117834359736846 0.235158617988037 0.0858176902609841 0.561189332014133
2014-06-05 0.11791219407511 0.236161709224354 0.0855540848843793 0.560372011816157
2014-06-06 0.118152084124245 0.237048413920951 0.0854944643674933 0.55930503758731
2014-06-09 0.11840214210338 0.236730806313032 0.085573058416211 0.559293993167378
2014-06-10 0.118640933623415 0.237100797681771 0.084957584040229 0.559300684654585
2014-06-11 0.117763848280595 0.236761228295336 0.0858959027217621 0.559579020702307
2014-06-12 0.117783388660844 0.236078210458485 0.0858355540727419 0.560302846807929
2014-06-13 0.117356291523417 0.236315900551924 0.0865967977140689 0.559731010210589
2014-06-16 0.117168459682042 0.236666660142852 0.0856913687519148 0.56047351142319
2014-06-17 0.117471618559885 0.236709563180954 0.0859487532158769 0.559870065043284
2014-06-18 0.117365521722679 0.237443883155777 0.0863852371281854 0.558805357993358
2014-06-19 0.117959981898653 0.237079612459334 0.0874559019422952 0.557504503699718
2014-06-20 0.117860349072503 0.236780493962841 0.0873860775786695 0.557973079385986
2014-06-23 0.11716588414148 0.236978255505062 0.0874578196868696 0.558398040666589
2014-06-24 0.117510937979125 0.235666255132864 0.087742630919632 0.559080175968379
2014-06-25 0.116793036030042 0.236432003491484 0.0871453481083903 0.559629612370084
2014-06-26 0.116168444323682 0.236166747361035 0.0874553122735698 0.560209496041713
2014-06-27 0.116401811880528 0.236421605168801 0.0864244115340984 0.560752171416573
2014-06-30 0.11663227375362 0.235619903010288 0.0869036513540657 0.560844171882027
2014-07-01 0.12166708050782 0.235184027697759 0.0823027065333208 0.5608461852611
2014-07-02 0.121788554416949 0.235023686849076 0.0822788782896455 0.56090888044433
2014-07-03 0.122871063543825 0.235968557096232 0.0819283250330181 0.559232054326925
2014-07-04 0.122608881477573 0.235943775291553 0.0822694937298359 0.559177849501039
2014-07-07 0.121436687252712 0.236756091248803 0.0822117434088438 0.559595478089641
2014-07-08 0.120227315332578 0.235956721256887 0.0822262958419083 0.561589667568627
2014-07-09 0.120489050104004 0.236523215787427 0.0822097601891399 0.560777973919429
2014-07-10 0.119081834972619 0.23612237462553 0.0820092765467676 0.562786513855084
2014-07-11 0.119138889138412 0.236373612488255 0.0818467855789183 0.562640712794414
2014-07-14 0.120072010644835 0.237247834986433 0.0823906817764774 0.560289472592255
2014-07-15 0.119346650028864 0.237291366423737 0.0828086091250529 0.560553374422346
2014-07-16 0.120713144866622 0.237905877488377 0.0824477393621296 0.558933238282872
2014-07-17 0.11970682499007 0.2371851040018 0.0828410172698071 0.560267053738322
2014-07-18 0.119155731326466 0.238990101074983 0.0822191829514769 0.559634984647074
2014-07-21 0.118045972932332 0.238798387994783 0.0825005918813682 0.560655047191517
2014-07-22 0.119188169158371 0.238890209141786 0.0829481425978962 0.558973479101947
2014-07-23 0.119383068347542 0.23894587594606 0.0828827566569954 0.558788299049402
2014-07-24 0.119753812343883 0.239242139447123 0.0827936577472888 0.558210390461705
2014-07-28 0.11759122107027 0.238917138239822 0.0841703166354581 0.55932132405445
2014-07-29 0.118260048621067 0.237833361343824 0.0846309259321223 0.559275664102986
2014-07-30 0.117640975738036 0.237743708681839 0.0847861520733009 0.559829163506824
2014-07-31 0.116117453828399 0.235305246373245 0.0850565713356485 0.563520728462708
2014-08-01 0.106960368089774 0.242681310246976 0.0868355630217182 0.563522758641532
2014-08-04 0.106374014288556 0.243216962783054 0.0865460488074711 0.563862974120919
2014-08-05 0.107026981981741 0.241885197273307 0.0859567654531018 0.56513105529185
2014-08-06 0.106423236845117 0.242713725958874 0.0852408177162861 0.565622219479723
2014-08-07 0.10544056223835 0.242401607688102 0.0861075703004477 0.5660502597731
2014-08-08 0.105113897851721 0.245049197584204 0.0836786750546616 0.566158229509413
2014-08-11 0.106751136855958 0.243727083345676 0.085276412504942 0.564245367293425
2014-08-12 0.105549974721215 0.244148085406178 0.0855562894976965 0.56474565037491
2014-08-13 0.106654427477567 0.245103263662567 0.0856108301332786 0.562631478726587
2014-08-14 0.10678309854955 0.245572596963426 0.0859306864236292 0.561713618063395
2014-08-15 0.10550215276144 0.245379396174494 0.0860513572198161 0.56306709384425
2014-08-18 0.106877138771731 0.246460711429465 0.0856753154795884 0.560986834319215
2014-08-19 0.107550757248607 0.247180582257686 0.0861214037154507 0.559147256778256
2014-08-20 0.107168456527078 0.248415694275189 0.0860730284950283 0.558342820702705
2014-08-21 0.107809732151457 0.249330413589703 0.0863672340183368 0.556492620240503
2014-08-22 0.107221983040209 0.249685924066691 0.0859336668486063 0.557158426044494
2014-08-25 0.108758926923635 0.250214688727574 0.0860376332206229 0.554988751128169
2014-08-26 0.109450142597902 0.251026513896363 0.0855477872097444 0.553975556295991
2014-08-27 0.10920546934299 0.25126776977426 0.0857207667906371 0.553805994092113
2014-08-28 0.108185763063382 0.251402086978911 0.0855611132966212 0.554851036661085
2014-08-29 0.108272086383771 0.25143036413293 0.085446439846514 0.554851109636785
2014-09-01 0.0968072035182296 0.258580013000404 0.0897601154521971 0.554852668029169
2014-09-02 0.0968965037902013 0.258787014321596 0.0905836750664096 0.553732806821793
2014-09-03 0.0979791481696777 0.258731128620382 0.0903156064590056 0.552974116750934
2014-09-04 0.0989731798907033 0.258301307781936 0.0897541265096259 0.552971385817735
2014-09-05 0.0989221924757478 0.259774411441996 0.0899051555011202 0.551398240581136
2014-09-08 0.0987100653414379 0.261088132757259 0.0906047718024368 0.549597030098866
2014-09-09 0.0983904002350776 0.260241228953584 0.0908791569813513 0.550489213829987
2014-09-10 0.0981475216264747 0.261587584351953 0.0905365528401538 0.549728341181419
2014-09-11 0.0981363646456646 0.260888588152709 0.0908031635584908 0.550171883643136
2014-09-12 0.0978595023242065 0.260373227042477 0.0908633851804271 0.550903885452889
2014-09-15 0.0980151105906013 0.260420920673118 0.0902678476692458 0.551296121067035
2014-09-16 0.0975832330497747 0.261894988976186 0.0901316986577903 0.550390079316249
2014-09-17 0.0978185960926328 0.262069710597984 0.0900238273012239 0.550087866008159
2014-09-18 0.0988247649242091 0.262713848261733 0.0904630895887742 0.547998297225284
2014-09-19 0.098595508992179 0.263667499359259 0.0910711919962742 0.546665799652288
2014-09-22 0.0982598875332682 0.263517011566174 0.0906380412179577 0.5475850596826
2014-09-23 0.0970572768425766 0.262377510834526 0.0909704050857779 0.549594807237119
2014-09-24 0.097488323834045 0.263733884904804 0.0905649182084087 0.548212873052742
2014-09-25 0.0962944629494651 0.261293499729211 0.092258304524822 0.550153732796501
2014-09-26 0.0957639241010404 0.264566865211307 0.0914229404011283 0.548246270286524
2014-09-29 0.0950095049964153 0.265070391070496 0.0920866362029283 0.547833467730161
2014-09-30 0.0956085749786641 0.264833932020188 0.0912581729599412 0.548299320041206
2014-10-01 0.0967010050217385 0.261674116515848 0.0933247525215177 0.548300125940896
2014-10-02 0.0951070666989972 0.263309977230696 0.0913906207674365 0.550192335302871
2014-10-03 0.0947774869416988 0.265004745175933 0.0919302820399399 0.548287485842428
2014-10-06 0.0945664252731769 0.266502481765373 0.092684424914173 0.546246668047277
2014-10-07 0.0939508293897624 0.263257110235724 0.0927352414299288 0.550056818944584
2014-10-08 0.0929500789016562 0.265694253881459 0.0916581948303185 0.549697472386566
2014-10-09 0.0936547688795442 0.261466434549147 0.0916080855354968 0.553270711035812
2014-10-10 0.0920109120546051 0.260083545159305 0.0909723716330516 0.556933171153038
2014-10-13 0.0922898665190873 0.258656858804492 0.0919270901429203 0.5571261845335
2014-10-14 0.092705748290855 0.258452383668842 0.0900137526573379 0.558828115382965
2014-10-15 0.0904768360293698 0.256646572132872 0.0913687930899333 0.561507798747825
2014-10-16 0.0907958177867401 0.25671100792138 0.089722841608071 0.562770332683809
2014-10-17 0.0932936299058865 0.2578487568261 0.0880727114382051 0.560784901829808
2014-10-20 0.0916406621450525 0.25825963717817 0.0908760427820126 0.559223657894765
2014-10-22 0.0936492056109101 0.2579991632852 0.091084462676528 0.557267168427362
2014-10-23 0.0941922048768519 0.261452705093603 0.0904942763831122 0.553860813646433
2014-10-24 0.0932830673045218 0.263591518890395 0.0909767576354335 0.55214865616965
2014-10-27 0.0925112964980281 0.263629521249892 0.0910369373579882 0.552822244894092
2014-10-28 0.0938701025315676 0.265047975395878 0.0903803888352553 0.550701533237299
2014-10-29 0.0939901844864058 0.264012512892698 0.0914768797682103 0.550520422852686
2014-10-30 0.0939569569916655 0.266208174944353 0.0914410829419677 0.548393785122014
2014-10-31 0.0949763586176989 0.268451752258321 0.0948284110566108 0.54174347806737
2014-11-03 0.10454650766179 0.257593264260014 0.096115912635929 0.541744315442267
2014-11-04 0.103594572425068 0.258563420250399 0.0960373607866987 0.541804646537834
2014-11-05 0.105013309529822 0.258846230707078 0.0956994292419958 0.540441030521104
2014-11-06 0.105664072463728 0.259827474182059 0.0943078604245978 0.540200592929615
2014-11-07 0.104629609880033 0.260858253764152 0.0946717783161083 0.539840358039706
2014-11-10 0.105170735176636 0.26147053290936 0.0942084656132938 0.539150266300711
2014-11-11 0.105145710905152 0.260758289968378 0.0960595947352966 0.538036404391174
2014-11-12 0.103508766431405 0.261735890796693 0.0960040290711705 0.538751313700731
2014-11-13 0.103807787287405 0.26139797135033 0.0966785918124542 0.538115649549811
2014-11-14 0.103820101172613 0.261162370699566 0.0970940609414974 0.537923467186324
2014-11-17 0.104896799811887 0.261103646615497 0.0936148295215723 0.540384724051043
2014-11-18 0.106066543390691 0.260808022041052 0.095390585535309 0.537734849032948
2014-11-19 0.106275452374656 0.261050808237367 0.0948034158644737 0.537870323523504
2014-11-20 0.106509279041669 0.260994051600448 0.0940760764550355 0.538420592902848
2014-11-21 0.108904075271162 0.261278581607483 0.0933500260667249 0.53646731705463
2014-11-24 0.108920674201079 0.263144408308546 0.0942896153731232 0.533645302117252
2014-11-25 0.109708114283697 0.262693659853303 0.0942177575360695 0.533380468326931
2014-11-26 0.11035250498736 0.262195157723388 0.0938779859933989 0.533574351295854
2014-11-27 0.111029949040802 0.262236167865298 0.0930743385267012 0.533659544567198
2014-11-28 0.111068779972918 0.261128462946732 0.0942746630018328 0.533528094078517
2014-12-01 0.105229621934183 0.265889439820273 0.0953520343342617 0.533528903911281
2014-12-02 0.10477383799555 0.266842475507145 0.0955902262947626 0.532793460202542
2014-12-03 0.104993396303112 0.26737663652822 0.0957373727015589 0.531892594467109
2014-12-04 0.103568997700594 0.268688197054748 0.0966498512708116 0.531092953973846
2014-12-05 0.105666120321905 0.268904032969783 0.096246119495068 0.529183727213244
2014-12-08 0.105132828207073 0.268946925111037 0.0956135126740772 0.530306734007812
2014-12-09 0.103172673549338 0.269120577545553 0.0955271963674238 0.532179552537685
2014-12-10 0.103961963008632 0.265591740513244 0.0945231578430596 0.535923138635064
2014-12-11 0.104611926389189 0.265518458267932 0.0940280097996966 0.535841605543182
2014-12-12 0.102552195019478 0.261955128150567 0.09553816361483 0.539954513215125
2014-12-15 0.100453260136517 0.261645539884604 0.0942226578220413 0.543678542156838
2014-12-16 0.10296204451592 0.26038346696281 0.0927903512632879 0.543864137257982
2014-12-17 0.102291087452939 0.262827421258521 0.0934580818481914 0.541423409440349
2014-12-18 0.103913081011352 0.266384837899226 0.0946391216129575 0.535062959476464
2014-12-19 0.103088943706189 0.268551946768985 0.0962309372908573 0.532128172233969
2014-12-22 0.103385073833649 0.271388044067875 0.0958308568635056 0.52939602523497
2014-12-23 0.10385407478825 0.271648032321737 0.0957188678897117 0.528779025000301
2014-12-24 0.103694944826872 0.272055831853266 0.0962787416248768 0.527970481694986
2014-12-29 0.103705043265859 0.272780435681726 0.0957579557105155 0.5277565653419
2014-12-30 0.102824893412441 0.272914322229285 0.0944935012243473 0.529767283133927
2014-12-31 0.102941537123804 0.27143904183649 0.0952495326513777 0.530369888388328
2015-01-02 0.105495674013005 0.267847286904967 0.0962863995082784 0.53037063957375
2015-01-05 0.102951317197878 0.266607498145041 0.096930153426057 0.533511031231024
2015-01-06 0.103205458115132 0.266733989273978 0.0950332973418568 0.535027255269033
2015-01-07 0.103210618984731 0.268909967979607 0.0955513967892608 0.532328016246401
2015-01-08 0.105383619438271 0.272206922052509 0.0965211205494472 0.525888337959773
2015-01-09 0.103709017939038 0.271654129723647 0.096960084791931 0.527676767545384
2015-01-12 0.105231457464277 0.269604104448746 0.097041749019798 0.52812268906718
2015-01-13 0.106788101389025 0.268912622358084 0.0969401191481225 0.527359157104769
2015-01-14 0.105965811749402 0.267959006079673 0.096169806658643 0.529905375512282
2015-01-15 0.107825900447313 0.265851748806759 0.0986975189994399 0.527624831746488
2015-01-16 0.108741880091844 0.26889935218546 0.0973237666673607 0.525035001055336
2015-01-19 0.109249459317705 0.268187364615142 0.0989171909599007 0.523645985107252
2015-01-20 0.108840817739755 0.269825667865027 0.100396799955081 0.520936714440137
2015-01-21 0.109293850285131 0.270582897115793 0.0991554029829466 0.520967849616129
2015-01-22 0.110056432916396 0.273029500691944 0.0991664686883853 0.517747597703275
2015-01-23 0.112093270815266 0.270941457103567 0.100229065280294 0.516736206800872
2015-01-26 0.11220667696146 0.27576108994252 0.101897531266996 0.510134701829023
2015-01-27 0.111024007423642 0.272325723471077 0.103829786209665 0.512820482895616
2015-01-28 0.112388137684386 0.268721719919588 0.103760775168191 0.515129367227835
2015-01-29 0.112551837175955 0.270641671084753 0.102218124371833 0.514588367367459
2015-01-30 0.112362504145949 0.268546269682932 0.103275385763026 0.515815840408093
2015-02-02 0.10885234805609 0.299360706788037 0.0759705596594159 0.515816385496457
2015-02-03 0.109074270992299 0.302518145838115 0.0745255119162515 0.513882071253335
2015-02-04 0.109281631499232 0.301124775601213 0.0756946411953505 0.513898951704205
2015-02-05 0.109186194468246 0.3027444947431 0.0743398509987411 0.513729459789913
2015-02-06 0.108476316005054 0.302949370667332 0.0754065287770523 0.513167784550562
2015-02-09 0.1068459636179 0.30386872586789 0.0751605890912878 0.514124721422922
2015-02-10 0.107429482772517 0.305104162034174 0.0748744841653012 0.512591871028008
2015-02-11 0.107410702450206 0.305175210207867 0.074828857340996 0.512585230000931
2015-02-12 0.10858073083281 0.305857124876506 0.0753425913858439 0.51021955290484
2015-02-13 0.109027940282308 0.305798527965069 0.0748960176745946 0.510277514078029
2015-02-16 0.108603662787801 0.305728716933694 0.0755056261951666 0.510161994083339
2015-02-17 0.108460018473687 0.30509838543443 0.0756623332063619 0.510779262885522
2015-02-18 0.108907447532819 0.304818774221788 0.0764456826290996 0.509828095616294
2015-02-19 0.10939147118341 0.303994484395885 0.0764247230593568 0.510189321361348
2015-02-20 0.109517396999549 0.305340780361499 0.0766151776733985 0.508526644965554
2015-02-23 0.110150974023199 0.305004042498738 0.0770644161510132 0.50778056732705
2015-02-24 0.110471570086765 0.306151527752005 0.0775178485466579 0.505859053614571
2015-02-25 0.110420742042609 0.306712841060798 0.0774435557342058 0.505422861162387
2015-02-26 0.111433908641116 0.305541237638149 0.0782285958870587 0.504796257833676
2015-02-27 0.112102154790285 0.305016780135974 0.0783737064602938 0.504507358613448
2015-03-02 0.104752197348065 0.310997005771923 0.0797430513935473 0.504507745486465
2015-03-03 0.103834621013296 0.310538177042324 0.0797746793466305 0.505852522597749
2015-03-04 0.104956201440088 0.309180565352168 0.079484728356983 0.506378504850761
2015-03-05 0.105607872670652 0.31007414832224 0.0798274244887982 0.504490554518309
2015-03-06 0.106102821415162 0.307866369259428 0.0812357518409495 0.50479505748446
2015-03-09 0.1054648218908 0.313409798757328 0.0807140479173656 0.500411331434507
2015-03-10 0.105519695897051 0.309647378250646 0.0806024321067901 0.504230493745514
2015-03-11 0.107765937905464 0.309884687053579 0.080714924189801 0.501634450851157
2015-03-12 0.106531656796864 0.315176725780562 0.0821246297349112 0.496166987687662
2015-03-16 0.108659303788017 0.317229941830213 0.0833533302806408 0.490757424101129
2015-03-17 0.107496900358999 0.315134870958715 0.0842876311268231 0.493080597555463
2015-03-18 0.106755566482971 0.317013842830573 0.0841645431700666 0.49206604751639
2015-03-19 0.106983257667099 0.314912466419529 0.0840198401751822 0.49408443573819
2015-03-20 0.108090012482198 0.314613231021892 0.0839041967414378 0.493392559754472
2015-03-23 0.107292691848427 0.313143687812053 0.0839009560924021 0.495662664247118
2015-03-24 0.1084415845482 0.310665500689707 0.0845060850499775 0.496386829712115
2015-03-25 0.108124426137375 0.30613116690763 0.0849537167327215 0.500790690222273
2015-03-26 0.10818250803003 0.305905513878356 0.0839363265557558 0.501975651535858
2015-03-27 0.108418746754857 0.30614112171336 0.0834127692990685 0.502027362232714
2015-03-30 0.109351470107576 0.309761385162628 0.0836602433515799 0.497226901378216
2015-03-31 0.108741801094483 0.30876030085449 0.0830909091187568 0.49940698893227
2015-04-01 0.109485820823003 0.309149245583466 0.0819577660901471 0.499407167503383
2015-04-02 0.108893466472582 0.309799810793643 0.0831903956723994 0.498116327061376
2015-04-07 0.110625789906771 0.306234665928261 0.0836155782215817 0.499523965943387
2015-04-08 0.109471825538223 0.308461308574877 0.0841531123074328 0.497913753579467
2015-04-09 0.110135608265323 0.30955702544446 0.0847506917805955 0.495556674509622
2015-04-10 0.111259519727792 0.311939035518918 0.0846137535612041 0.492187691192086
2015-04-13 0.110570778147783 0.313436670671371 0.0854243494504459 0.490568201730401
2015-04-14 0.109490633050201 0.31485867312098 0.0854596174888155 0.490191076340003
2015-04-15 0.109421909386366 0.315322503810333 0.0855219115089496 0.489733675294351
2015-04-16 0.107679450038566 0.315242240001456 0.08580567133476 0.491272638625218
2015-04-17 0.106096104728909 0.311670061102318 0.085340713739113 0.49689312042966
2015-04-20 0.10772751482457 0.311870335109362 0.084489937993306 0.495912212072762
2015-04-21 0.108000183528636 0.311031573921301 0.0857858373330816 0.495182405216981
2015-04-22 0.106998590085187 0.312919551134611 0.0865066959564829 0.493575162823719
2015-04-23 0.105871362571673 0.313191030867456 0.0865723476491383 0.494365258911732
2015-04-24 0.106653366772755 0.313340932233611 0.0856687119720739 0.494336989021559
2015-04-27 0.109026892922882 0.309845654894502 0.0853724701989675 0.495754981983648
2015-04-28 0.106988538709822 0.311435388214682 0.0857197334592823 0.495856339616214
2015-04-29 0.104201451529157 0.310598496196384 0.0862538940470351 0.498946158227424
2015-04-30 0.105428152418851 0.307118465256434 0.0835881428113503 0.503865239513364
2015-05-04 0.108796686644616 0.307012178651009 0.0809501631311285 0.503240971573247
2015-05-05 0.106604102384604 0.306978069788093 0.0806005618029789 0.505817266024324
2015-05-06 0.106870596825573 0.306234986640243 0.0808167489526532 0.50607766758153
2015-05-07 0.107690708486245 0.305419484242913 0.0795133948687677 0.507376412402074
2015-05-08 0.109905053724602 0.306503203802063 0.0791267794710221 0.504464963002313
2015-05-11 0.109242718222122 0.307283782035523 0.0804861132482639 0.502987386494091
2015-05-12 0.107482115474955 0.308154328823526 0.0808148613222704 0.503548694379248
2015-05-13 0.106586144411333 0.307552027587625 0.0811902932631425 0.504671534737899
2015-05-14 0.108290324006721 0.308196972453725 0.0800141892377988 0.503498514301755
2015-05-15 0.107614213330682 0.306642683468911 0.0804582784433042 0.505284824757103
2015-05-18 0.108981746645068 0.305293816037389 0.0805175863764879 0.505206850941056
2015-05-19 0.110879990157621 0.305515237841129 0.0808318782140734 0.502772893787176
2015-05-20 0.110215047924201 0.307900138631645 0.0819222585701294 0.499962554874025
2015-05-21 0.109993401730181 0.309794604030041 0.0819330386337219 0.498278955606056
2015-05-22 0.109682216642746 0.309191896545832 0.0821718181433405 0.498954068668081
2015-05-25 0.109557616168842 0.308840650391112 0.0832147206347685 0.498387012805277
2015-05-26 0.107882742069961 0.30975611674885 0.0835775401849947 0.498783600996195
2015-05-27 0.108656089345749 0.312027812950038 0.0831881433094209 0.496127954394791
2015-05-28 0.107864256435564 0.312517752569819 0.0831598706243095 0.496458120370307
2015-05-29 0.106051859980174 0.311477858379961 0.0830748015221011 0.499395480117764
2015-06-01 0.0989980861938465 0.316740010652084 0.0848665520044035 0.499395351149666
2015-06-02 0.0980396432959538 0.317675947309352 0.0850421610225384 0.499242248372156
2015-06-03 0.0989724702575834 0.316937284367467 0.0841063429364654 0.499983902438484
2015-06-04 0.0992002621239596 0.312240809065281 0.0839326684417595 0.504626260369
2015-06-05 0.0985170609527245 0.310413717118259 0.0834982734982206 0.507570948430796
2015-06-08 0.0971277680792402 0.312831801168585 0.0836473875928659 0.506393043159309
2015-06-10 0.0989830402728696 0.312503291147774 0.0816316011812835 0.506882067398073
2015-06-11 0.0993140677501381 0.31177829231837 0.0833549609617379 0.505552678969754
2015-06-12 0.0983698599415277 0.310935961184748 0.0838528505582282 0.506841328315496
2015-06-15 0.0968647644603469 0.310334490177398 0.0841044274518053 0.508696317910449
2015-06-16 0.0970812163668297 0.312305537939414 0.08350599804202 0.507107247651736
2015-06-17 0.0966099104486733 0.312480510684155 0.083230559416489 0.507679019450683
2015-06-18 0.0974020573789043 0.314532916171866 0.0818624752628107 0.506202551186419
2015-06-19 0.09734285659663 0.31132856810907 0.0826753980633486 0.508653177230951
2015-06-22 0.100284046702833 0.311435092050046 0.0834816003748536 0.504799260872268
2015-06-23 0.100806896497396 0.310839573250704 0.0845293129630234 0.503824217288877
2015-06-24 0.100148000340462 0.311017363740485 0.0851935977186023 0.503641038200451
2015-06-25 0.10016670092972 0.311153286339573 0.0850273383474985 0.503652674383208
2015-06-26 0.100271222635269 0.311599643750871 0.0847978999680269 0.503331233645833
2015-06-29 0.097797052429988 0.309755093675798 0.0834104004183104 0.509037453475904
2015-06-30 0.0962666549828768 0.311338367282157 0.0849952549947335 0.507399722740233
