time value.DAX value.Dow.Jones value.Nikkei
2013-01-02 21.1283367013752 45.2827373916435 33.5889259069813
2013-01-03 21.0676583226404 45.0813894277016 33.5889259069813
2013-01-04 21.1217916804015 45.5802869737072 34.3030142816765
2013-01-07 21.0030688474203 45.6264094270866 33.7808409090881
2013-01-08 20.903032812177 45.4617639379161 33.5988708897553
2013-01-09 20.9699591329231 45.5222257903428 33.9010773288065
2013-01-10 20.9373653267704 45.9227486071626 34.2011300283843
2013-01-11 20.9565401814455 45.8201520488892 34.3132594335354
2013-01-14 20.9945397654139 45.1003287025593 34.3132594335354
2013-01-15 20.8489273058233 45.1078718106941 33.4175235360737
2013-01-16 20.8902663751179 45.0863543506316 32.7727204857113
2013-01-17 21.0106735392066 45.5775171741209 33.178282302079
2013-01-18 20.9204159092757 45.6338653306248 33.7854821273345
2013-01-21 21.0470696898943 45.6338653306248 32.8930120601928
2013-01-22 20.9040646315822 45.8807184203684 32.922727407989
2013-01-23 20.9348388287511 46.0810766301201 32.4492947114894
2013-01-24 21.045086954343 46.2557418626425 33.0837942526931
2013-01-25 21.3434298284223 46.4363266507347 33.6735063998317
2013-01-28 21.2756069661473 45.941432856857 32.4829958523676
2013-01-29 21.3178969515879 46.2156629468396 32.6396083373319
2013-01-30 21.2166938217792 46.056245314804 33.4506033972755
2013-01-31 21.1209216647984 45.6638774381325 33.2227029401824
2013-02-01 21.2766666369599 46.0091641275497 33.263644275779
2013-02-04 20.7465822764615 45.3359065435492 32.6546404338594
2013-02-05 20.8183706125552 45.8245907187912 32.1907825867256
2013-02-06 20.5916264220762 46.0719733854109 33.5438515770122
2013-02-07 20.6178913856745 45.8507212517577 32.8650470036246
2013-02-08 20.7843643565291 46.1991034128038 32.4385843095292
2013-02-11 20.7343874505616 46.5725529542505 32.4385843095292
2013-02-12 20.806228835791 46.6679110732671 33.5422660130747
2013-02-13 20.9466543496642 46.4342771314962 32.7710641707842
2013-02-14 20.7274604709221 46.2612951365672 33.0491381089347
2013-02-15 20.6251154442764 46.5240807046891 32.8368238199307
2013-02-18 20.7207788465907 46.5240807046891 33.5299702855191
2013-02-19 21.0568215719969 46.8539303329622 33.3029164349795
2013-02-20 20.9928554315902 46.4581627744741 33.6724885859666
2013-02-21 20.5981170657167 46.2013418947696 33.165421180029
2013-02-22 20.8109011986452 47.1465153573764 33.8612354632631
2013-02-25 21.1131538437285 46.5585492562342 34.7541379157497
2013-02-26 20.6348938495888 46.8897956098471 33.7818580393806
2013-02-27 20.8487098019226 47.9822686092959 34.3621147398534
2013-02-28 21.0276229539852 47.8634829424391 35.3298273926249
2013-03-01 20.9365231598586 47.8442911019255 35.1719959004014
2013-03-04 20.891761053732 48.3460191755286 35.1140637499427
2013-03-05 21.3769467020298 48.818267224796 35.2832509585243
2013-03-06 21.5100924517703 48.8660622100013 36.0405972012481
2013-03-07 21.5656104107136 48.9759569635359 36.0804992825852
2013-03-08 21.692455169307 49.2333721698434 36.7272140612086
2013-03-11 21.6865334831468 49.496281923846 36.3195397251233
2013-03-12 21.6371812401904 49.4981581379193 36.1609094974033
2013-03-13 21.6501917070762 49.436225926636 35.8456478999249
2013-03-14 21.8877461249889 49.8109578339569 36.4520235161708
2013-03-15 21.8455914174246 49.8786213734657 37.0139077464536
2013-03-18 21.7582674419072 49.2437789017377 36.0197426185476
2013-03-19 21.5873939894324 49.8089252814976 37.3034868058555
2013-03-20 21.7345555022542 49.99770262891 37.3034868058555
2013-03-21 21.545890468089 49.7791784831187 37.7000665901604
2013-03-22 21.4884176250018 50.0296849402014 36.6971636784666
2013-03-25 21.3785488043967 49.5626455178926 37.5467181759416
2013-03-26 21.4023694987162 50.0351224822161 37.3410110356758
2013-03-27 21.1563403734142 50.3158831718815 37.8299847558244
2013-03-28 21.1732354135757 50.6825055734989 37.3952614968287
2013-03-29 21.1732354135757 50.6825055734989 37.770146458772
2013-04-01 21.1732354135757 50.6508662350159 36.898840219248
2013-04-02 21.5767468912823 50.9726892882316 36.687073166914
2013-04-03 21.3890062500534 50.4781567040886 37.935176971154
2013-04-04 21.2332082287563 50.7466770890849 38.7741310389243
2013-04-05 20.8023177393056 50.5101847458513 38.6994573456689
2013-04-08 20.8128839369127 50.1196030039359 38.2188339863055
2013-04-09 20.7446260668361 50.2788702196534 37.7446547838669
2013-04-10 21.2148463613881 50.525852736252 37.704342151435
2013-04-11 21.3805315426641 50.6280721419559 38.2764088005449
2013-04-12 21.0359610607329 50.600723652304 37.9728503238534
2013-04-15 20.9486636111414 49.6085650456783 37.776969244921
2013-04-16 20.8670438178835 50.270547195306 37.8898849925394
2013-04-17 20.3793581974922 49.7237507348897 38.4877358716668
2013-04-18 20.2997755171188 49.3337189893674 37.744560028443
2013-04-19 20.2623740729518 49.6639673066029 38.1771476986776
2013-04-22 20.3116719385749 49.7272751883117 38.3572360804406
2013-04-23 20.8008509120988 50.2355940182209 38.1919107559267
2013-04-24 21.0746927287489 50.215226443161 39.4018500882083
2013-04-25 21.2752263329629 50.376424894486 39.5358765630661
2013-04-26 21.226063745216 50.2929106829015 39.3772026192853
2013-04-29 21.3856110619125 50.6676040633078 39.3772026192853
2013-04-30 21.4948273680992 50.5726956411865 39.7906496410536
2013-05-01 21.4948273680992 49.961935706026 39.5614899443504
2013-05-02 21.6252025927098 50.1229666867003 39.173937447796
2013-05-03 22.0613622539023 50.7813160185525 39.173937447796
2013-05-06 22.0336304630973 50.8531469315547 39.173937447796
2013-05-07 22.2229453580019 51.1966072095959 40.0407283018389
2013-05-08 22.4074539403736 51.4296784244082 40.4442325878171
2013-05-09 22.4423288892374 51.2082819588315 40.1496544647749
2013-05-10 22.4858960493914 51.2987950310813 41.2029355343986
2013-05-13 22.4877978843996 51.7636592316125 41.1238416578522
2013-05-14 22.6502788582257 52.2478312028059 41.0296812960125
2013-05-15 22.7135911587325 52.4270939605179 41.9619131988231
2013-05-16 22.7338270097017 52.6218213068265 41.8333312803431
2013-05-17 22.8102320058349 53.1104306236799 42.1938960327897
2013-05-20 22.9673072018453 53.2178175732166 42.565799185074
2013-05-21 23.0117709035282 53.3328493299509 42.825409633065
2013-05-22 23.1711802913855 52.9306249797276 43.425404194176
2013-05-23 22.6852360331141 52.7925778096851 40.0604688138697
2013-05-24 22.5585000237548 52.93298268993 40.7596560825917
2013-05-27 22.7703040636485 52.93298268993 39.6419355041749
2013-05-28 23.0353197166137 53.0822254319853 40.2178809672041
2013-05-29 22.6434062532033 52.8376001440553 40.0014241174534
2013-05-30 22.8162080666122 52.9454554489221 38.0552751349608
2013-05-31 22.67670562291 51.8535864182614 38.5512630470035
2013-06-03 22.5054793886582 52.2883109164729 37.292527235742
2013-06-04 22.5330759015869 51.9142823723274 38.109759878499
2013-06-05 22.2620576619185 50.9921377111704 36.5728906843387
2013-06-06 21.9975870941866 51.2296440442195 36.3448337633172
2013-06-07 22.4209524669127 51.6914051765184 36.4632116471096
2013-06-10 22.5649376209758 51.3620937158598 38.4796102274965
2013-06-11 22.3334388389019 50.9846178898868 37.5673930162662
2013-06-12 22.1183470400524 50.3324271161621 37.6756951510681
2013-06-13 21.9882980712929 50.7978659458765 35.6602913941306
2013-06-14 22.0767626154497 50.3299603262267 36.860352318726
2013-06-17 22.3151605257558 50.6772325112741 38.1086232886439
2013-06-18 22.3525871703672 51.1622118172103 37.7953049145872
2013-06-19 22.2645032566786 50.3457297536574 38.2475823729227
2013-06-20 21.5349449627789 49.1337594873974 37.440246985269
2013-06-21 21.1567488552898 49.813962871811 37.6941470931749
2013-06-24 20.8938525412336 49.7757062499365 37.3390311225525
2013-06-25 21.2166659703719 50.186640310526 37.06616743249
2013-06-26 21.5689246955953 50.6651475894741 36.8198205017367
2013-06-27 21.7040797095291 51.3159299847053 38.0633370636958
2013-06-28 21.6184400678353 50.9899718875003 39.3129333126648
2013-07-01 21.6855281896675 51.284357022394 39.4367508618384
2013-07-02 21.4868420458446 51.0366429802839 39.9026515616042
2013-07-03 21.265611054218 51.2318354039661 39.6033942715278
2013-07-04 21.7137493656073 51.2318354039661 39.5943702474389
2013-07-05 21.2022709023038 51.9911718135287 40.5567472521385
2013-07-08 21.6437541125714 52.8711011929626 39.9080428646269
2013-07-09 21.8860617938814 53.0800271488681 40.9080078806473
2013-07-10 21.9097737335345 53.0499155252453 40.7771222126171
2013-07-11 22.1605282735426 53.7459183576651 41.2468308508768
2013-07-12 22.3071181724889 52.7210977358417 41.1289095317751
2013-07-15 22.3669822357192 52.7931850752784 41.1289095317751
2013-07-16 22.2752856327051 52.7391839824866 41.2171797993698
2013-07-17 22.4210612188631 52.6174920810206 41.1356132253129
2013-07-18 22.6447908543856 52.7298942566991 41.613143030264
2013-07-19 22.6297989747138 52.8503888420823 40.8332664948235
2013-07-22 22.6284117225686 52.6996972411115 40.701311515506
2013-07-23 22.5827013512588 52.670727892559 41.251061738913
2013-07-24 22.7589248787346 52.4728849641769 41.1348653589925
2013-07-25 22.5412800559398 52.4385540295166 40.4831365245471
2013-07-26 22.3944169475619 52.4533764778275 39.3093509677352
2013-07-29 22.4327693105911 52.0808427018757 38.4507297679837
2013-07-30 22.4653339398549 52.0958286528471 39.1852892002382
2013-07-31 22.4787794172584 52.0683220443326 38.5803865515055
2013-08-01 22.8448098757364 52.4801447297094 39.5480755752156
2013-08-02 22.8345155593634 52.641544996966 40.6293738050075
2013-08-05 22.8112638252401 52.3754684778678 39.8497786152673
2013-08-06 22.5433171688244 52.1092486356606 40.4032686404058
2013-08-07 22.4367082612 51.9126259175945 38.9865019806624
2013-08-08 22.5938099804202 51.888173303711 38.6887410445809
2013-08-09 22.6481038137858 51.4510956542584 38.8273805776289
2013-08-12 22.7049811734669 51.4933275796964 38.6684123099322
2013-08-13 22.8584702033616 51.7142344121432 39.6162486288969
2013-08-14 22.9192042821949 51.4430589831712 39.7406540603645
2013-08-15 22.7512644841336 50.7823960875944 38.7923987497423
2013-08-16 22.7937733016725 50.5837871505758 38.5586268332932
2013-08-19 22.7241029790064 50.1841130988553 38.8637587830818
2013-08-20 22.5441314816127 50.1168371527984 37.7402765594469
2013-08-21 22.5044210433271 49.6158225906282 37.8393397182362
2013-08-22 22.8099322731935 49.7693035097881 37.5687632439302
2013-08-23 22.8618123396507 50.1231662118333 38.2293209700904
2013-08-26 22.9111380593974 49.7601185898282 37.8928226334632
2013-08-27 22.3880324021928 49.2151161565944 37.7003362825364
2013-08-28 22.1580840015477 49.3984126077633 37.4535429414597
2013-08-29 22.2576306543724 49.4828016501062 37.9769637221972
2013-08-30 22.0093747609762 49.6817862602969 37.7596507034553
2013-09-02 22.3915920450988 49.6817862602969 38.3967030406739
2013-09-03 22.2200395549958 50.051285763527 39.2745938582237
2013-09-04 22.2613520983644 50.4853199847118 39.357031610716
2013-09-05 22.3674464231256 50.4961749419866 39.3396924780553
2013-09-06 22.4779651017539 50.4800038565968 38.6865563146213
2013-09-09 22.4797316588859 50.917036754305 39.9270710941879
2013-09-10 22.9420740576523 51.26005793816 40.2719831842494
2013-09-11 23.0756826693178 51.5106579734971 39.9577277856995
2013-09-12 23.0709824550562 51.3459476118861 39.7002794230266
2013-09-13 23.1128652841026 51.4904533477603 39.9615102638982
2013-09-16 23.39420436607 51.9231410840965 39.9615102638982
2013-09-17 23.3506106799902 51.7987191325454 39.7786426088206
2013-09-18 23.4568376289487 52.3328262080242 40.2347665827894
2013-09-19 23.6147006172538 52.0965098866199 40.9736994147095
2013-09-20 23.5645897616076 50.869981258443 40.4916239416849
2013-09-23 23.4547474669285 50.7363126492279 40.2897082819579
2013-09-24 23.5343566705116 50.5499258472775 40.4314139870773
2013-09-25 23.5371550497649 50.4485310651333 40.2743291917801
2013-09-26 23.5329985952552 50.6078210451098 40.8306045899345
2013-09-27 23.5259641918629 50.3392106734614 40.628233272521
2013-09-30 23.3436850285483 49.8485978451026 39.9524316920437
2013-10-01 23.6010111100237 50.1048447752233 40.2048476127006
2013-10-02 23.4388033456292 49.8084643816629 39.1845483004211
2013-10-03 23.3532180785525 49.333160905341 39.3256255160483
2013-10-04 23.4212836451728 49.3611870717891 38.8212554480904
2013-10-07 23.3360246339473 49.0842548350088 38.495938698661
2013-10-08 23.2390840542035 48.5128913276147 38.7426136104911
2013-10-09 23.1326130781345 48.5854097196192 39.1687520359095
2013-10-10 23.5918573650062 49.770490214992 39.5793872156231
2013-10-11 23.6979516897674 50.2211568316085 39.997968214308
2013-10-14 23.69517983644 50.3394946323899 39.6115578271557
2013-10-15 23.9141853881701 49.8165133994476 39.7663590320831
2013-10-16 24.0270674355341 50.6230985702817 39.8517929081549
2013-10-17 23.9346652689659 50.6383756583561 40.1926756865706
2013-10-18 24.0789448483123 50.4360166898074 40.0037949500919
2013-10-21 24.084703407905 50.1095738341238 40.3423652669233
2013-10-22 24.302647960625 50.3920551901717 40.2819429632749
2013-10-23 24.2276832684887 50.0978311667483 39.3343436476564
2013-10-24 24.3927424612722 50.1642830302396 39.590056607128
2013-10-25 24.406622943761 50.288799353327 38.5160910652493
2013-10-28 24.3873658630615 50.2552931791278 39.3196716675839
2013-10-29 24.5052186777235 50.6222829796088 39.0411994893598
2013-10-30 24.4732482063843 50.5332939768565 39.5482575125446
2013-10-31 24.537486228025 50.3812220344832 38.9511431459646
2013-11-01 24.4666222848676 50.8887486477554 38.7856346655575
2013-11-04 24.5464781719564 51.6646509223407 38.7856346655575
2013-11-05 24.4700997017491 51.5459207342563 39.2122792706361
2013-11-06 24.5563640037378 51.9975086636416 39.633901941223
2013-11-07 24.6654450320481 51.4468677926331 39.2384162338842
2013-11-08 24.6579756181382 52.120103266888 38.9238133952467
2013-11-11 24.7383195648803 52.6005052463349 39.5635512663921
2013-11-12 24.6530870795808 52.4414324930919 40.3865556687206
2013-11-13 24.5942813589655 52.5716214010227 40.0732012672437
2013-11-14 24.8518541239466 52.6470022618293 40.8626988933422
2013-11-15 24.9035432124289 52.8243114805405 41.477966478626
2013-11-18 25.0576555771371 52.7424202441834 41.1790924604444
2013-11-19 24.970359453027 52.6854171027911 41.0948424250295
2013-11-20 24.9942079960378 52.424241652423 40.9940991234815
2013-11-21 24.9779376188874 52.7646474305698 41.722642332624
2013-11-22 25.0403003287296 53.2484720069731 41.7417199766402
2013-11-25 25.2600644904334 52.8184227597205 41.7686087508502
2013-11-26 25.2332292411573 52.9324968329451 41.4274289739298
2013-11-27 25.3990762262355 52.9623907991423 41.2942809603769
2013-11-28 25.4975101563958 52.9623907991423 41.8137789592028
2013-11-29 25.5462098876499 52.7434070919431 41.4153940411247
2013-12-02 25.5371383686569 52.4772572233656 41.2962986372675
2013-12-03 25.0521437010501 52.2493590844546 41.5010949023827
2013-12-04 24.8273265433076 52.1985426555535 40.5744421230242
2013-12-05 24.6760921301983 51.8977780720183 40.0451270120035
2013-12-06 24.913646548111 52.4260134795644 40.4202739405598
2013-12-09 24.9754654982013 52.0914609470156 40.7448956292578
2013-12-10 24.7561920471138 51.8870629426299 40.543009386272
2013-12-11 24.6547979366142 51.3238798497211 40.1822097178304
2013-12-12 24.4915291732095 50.9274103768155 39.8628737064391
2013-12-13 24.4629008408755 50.9604523975496 39.94862717146
2013-12-16 24.8896070244092 51.4980122815107 39.2083339721988
2013-12-17 24.6765536639257 51.4079766929548 39.589430374657
2013-12-18 24.9390149701804 52.3444300567872 40.4133549188573
2013-12-19 25.3572756232136 52.3804002497456 41.0822375304487
2013-12-20 25.5323028792351 52.8661424023284 40.9465978928704
2013-12-23 25.7730641555607 53.0939389135925 40.9494751747124
2013-12-24 25.7730641555607 53.2483954582643 40.9838683911876
2013-12-25 25.7730641555607 53.2483954582643 41.2140294830431
2013-12-26 25.7730641555607 53.6662220379282 41.6432075303581
2013-12-27 26.0462256091012 53.6496691806098 41.4629161786953
2013-12-30 25.945104705317 53.4799096466895 41.3812111351506
2013-12-31 25.945104705317 53.6480898111501 41.3812111351506
2014-01-02 26.3585847341599 68.0202925265363 26.5955283909215
2014-01-03 26.4570374199356 68.4964669241743 26.5955283909215
2014-01-06 26.436987059908 68.9481819646011 26.3522040651766
2014-01-07 26.6562676648398 69.3108611697724 26.2527770502531
2014-01-08 26.6328244646697 68.918536520735 26.7399761656502
2014-01-09 26.4190698938607 68.9545956276332 26.2772467641993
2014-01-10 26.5638448750167 69.0034276817534 26.3519221044395
2014-01-13 26.667399147798 67.8421056921682 26.3667244760751
2014-01-14 26.7524748863669 68.3508235733755 25.7433323205921
2014-01-15 27.294505477906 68.7667612309617 26.3565090990571
2014-01-16 27.2493606799847 68.7170073274153 26.1247317680832
2014-01-17 27.3201640235637 68.9769713301422 26.0834256573292
2014-01-20 27.2442864777494 68.9769713301422 26.1315368728827
2014-01-21 27.2841599092574 69.1221583870609 26.4304459802888
2014-01-22 27.256091599141 68.9490855452451 26.3880835989155
2014-01-23 27.0063301744271 68.157664725865 26.1850284053355
2014-01-24 26.3360944853044 66.5680887236132 25.6374511437224
2014-01-27 26.2160798624242 66.0505975947421 25.2911067423898
2014-01-28 26.3778491798779 66.4239136389028 25.2209911417073
2014-01-29 26.1810588238016 65.6997945559423 25.8417600045962
2014-01-30 26.2841092347532 66.1872883791418 25.2177045413697
2014-01-31 26.0962350161476 65.7930622975158 25.240143970452
2014-02-03 25.75985341182 65.0237664385835 25.071036903909
2014-02-04 25.5955072844903 65.2672592849095 24.0412575100469
2014-02-05 25.5630082862028 65.1640249405404 24.4411559110681
2014-02-06 25.9563096882783 65.9392119473913 24.3726974814164
2014-02-07 26.0834468190723 66.4999706173365 24.7968649353506
2014-02-10 26.0496306654832 66.1079135442827 24.884928595568
2014-02-11 26.5793495370065 66.9299830559914 24.884928595568
2014-02-12 26.751045455189 66.668932192816 24.9855046121095
2014-02-13 26.9102324891776 67.1510611758634 24.5797918055464
2014-02-14 27.0942675121464 67.5632185836329 24.2378569849561
2014-02-17 27.0784506761118 67.5632185836329 24.366471729559
2014-02-18 27.0869204580882 67.1331036946669 25.1104950736253
2014-02-19 27.0876762508328 66.6619211642823 24.8135216488453
2014-02-20 26.9721470772522 66.9008254840879 24.2526186346981
2014-02-21 27.0789846567024 66.9324118840835 25.0353766658361
2014-02-24 27.2247701011166 67.2855717723129 24.8675648595077
2014-02-25 27.1978765488604 67.1812668275781 25.240429212205
2014-02-26 27.0923889886796 67.2346503528412 25.1159269439514
2014-02-27 26.8865674796576 67.6412362469364 25.0802088230579
2014-02-28 27.1774921092149 68.0434984822667 25.0475718688995
2014-03-03 26.243195218422 66.8168398421212 24.612690757574
2014-03-04 26.888867713447 67.9159189427383 24.8795438391063
2014-03-05 26.7567084075558 67.9011654618119 25.1250603003852
2014-03-06 26.7590935296469 68.2118833950767 25.4250326565732
2014-03-07 26.2203708899485 68.1612633156506 25.4849217374226
2014-03-10 25.9813219774689 67.4811321570176 24.9006324754629
2014-03-11 26.0999071719753 67.1991528800865 25.0841100679699
2014-03-12 25.765940814108 67.2258980303866 24.4558829078337
2014-03-13 25.2867202556226 66.2317487439239 24.5091891537794
2014-03-14 25.3950146482171 65.8452291664337 23.7113626401247
2014-03-17 25.7440666973503 66.6228196264823 23.8984532413426
2014-03-18 25.9169675005664 66.992465781958 24.0640459524873
2014-03-19 26.0137087026842 66.4770925264811 24.1316437307981
2014-03-20 26.0671836275434 66.9665705118468 23.7466860348674
2014-03-21 26.1984721308232 67.3687895475107 23.7466860348674
2014-03-24 25.7661626206537 67.3195432811607 24.2223808279216
2014-03-25 26.1857414400834 67.6770701854082 24.1044180570804
2014-03-26 26.4946955087601 67.1416508975529 24.170650156622
2014-03-27 26.5020699447847 67.2046640683534 24.4416224231878
2014-03-28 26.8833718008892 67.6240958290229 24.6687062439367
2014-03-31 26.7956590093143 68.2610481914424 24.7456145962008
2014-04-01 26.9296940990736 68.4972053721662 24.6092307063937
2014-04-02 26.9847956192888 68.5699228047984 24.7473537625367
2014-04-03 27.0001058538951 68.5630911599513 24.8627961964683
2014-04-04 27.1878376778635 68.099371387969 24.8807224966151
2014-04-07 26.6693050532312 67.6186105822686 24.6877513793376
2014-04-08 26.613056157122 67.5923072247703 24.3493286935447
2014-04-09 26.6566866355636 68.1018251438687 23.9081801482694
2014-04-10 26.5114077925779 66.8210470407385 23.9785493209931
2014-04-11 26.1209378680879 65.9320489466197 23.3585260512293
2014-04-14 26.1878992764314 66.4436465329858 23.266800352444
2014-04-15 25.7239341886196 67.0472010973825 23.4816349921886
2014-04-16 26.1280329884272 67.8388664085637 24.1945841739086
2014-04-17 26.3857000929618 67.712665958739 24.0881353015865
2014-04-18 26.3857000929618 67.712665958739 24.237660770749
2014-04-21 26.3857000929618 67.9396463185641 24.2106110572582
2014-04-22 26.9195429550044 68.2135442447943 23.972197330388
2014-04-23 26.7627958098438 68.2054583328239 24.2448675058861
2014-04-24 26.7753841059463 68.1018326183839 24.0076958948747
2014-04-25 26.3628182581529 67.5183859300536 24.061738270754
2014-04-28 26.4884711910322 67.83439681371 23.8501566495011
2014-04-29 26.8747623582661 68.1227032267121 23.8080572414493
2014-04-30 26.9283495590016 68.319902764913 23.7724133981147
2014-05-01 26.9283495590016 68.2885670341537 24.1344408821489
2014-05-02 26.7959657069659 67.9025884546228 24.0527601521559
2014-05-05 26.7216024806314 67.9703088878047 24.0527601521559
2014-05-06 26.5478336144026 67.4231222969313 24.096927943946
2014-05-07 26.6986083727502 67.7499935861164 23.3736224018945
2014-05-08 26.9400424073209 67.8050063682543 23.6140279812098
2014-05-09 26.8672756491692 68.0402317025366 23.6887918905973
2014-05-12 27.2065982645558 69.2121817720781 23.8327043944328
2014-05-13 27.3523262026345 69.2899279451742 24.2576304695872
2014-05-14 27.3522139267582 68.999680905782 24.2072866958667
2014-05-15 27.0764598795727 68.420019078536 24.1279245354589
2014-05-16 27.000889028606 68.6602229618781 23.8576386242062
2014-05-19 27.0858251093323 68.7809172963215 23.7783930544953
2014-05-20 27.0288751900194 68.1283463799766 23.9003673685125
2014-05-21 27.1937279159734 68.8239991071514 23.8527773731663
2014-05-22 27.2583343237908 68.9260684978188 24.4129213781888
2014-05-23 27.3904060017816 69.3007037339354 24.5732867445066
2014-05-26 27.7403863570576 69.3007037339354 24.7974774893669
2014-05-27 27.874982812178 69.7682582154234 24.8552150758737
2014-05-28 27.870354965437 69.5452873444962 24.8904001837915
2014-05-29 27.8695991754965 69.9527153571476 24.9733040893679
2014-05-30 27.8818506495783 70.0916875843352 24.9667580611869
2014-06-02 27.9010603285595 70.053309420074 25.4166851978575
2014-06-03 27.8158723169184 70.0618668681737 25.5251165557258
2014-06-04 27.8353038052494 70.1358090996718 25.5071124468094
2014-06-05 27.8946388466535 70.5385289746095 25.4661462240989
2014-06-06 28.0050089268929 70.9391981958439 25.4972170116273
2014-06-09 28.065127143008 70.846291978889 25.5214276241303
2014-06-10 28.1216854763675 70.9569106856921 25.3378289854488
2014-06-11 27.9001895259481 70.8207695657106 25.6051938715064
2014-06-12 27.8690378073313 70.5259146343088 25.5543948251881
2014-06-13 27.7966078712004 70.6697020524274 25.8076055059531
2014-06-16 27.7155986168154 70.6814609296148 25.5041631705665
2014-06-17 27.8174989094703 70.7710801238593 25.608560341104
2014-06-18 27.8455672223908 71.1264960608639 25.787872892972
2014-06-19 28.0521445213533 71.1836858859933 26.1686277481892
2014-06-20 28.0051485819315 71.0347691264575 26.1259962381408
2014-06-23 27.8191802715631 71.0405877243878 26.1277647312161
2014-06-24 27.8672989417072 70.5616742883215 26.1810880828721
2014-06-25 27.6700868753083 70.7220319205053 25.9775529997216
2014-06-26 27.4938507382853 70.5701496241915 26.0431821075972
2014-06-27 27.5226474563759 70.5785157874409 25.7114964295049
2014-06-30 27.5728418113607 70.3282243898284 25.8500428285173
2014-07-01 27.767277169715 70.8019180805627 26.1241579243431
2014-07-02 27.792119679498 70.7463147005651 26.1138877388167
2014-07-03 28.1234517267621 71.2443015627236 26.080808848857
2014-07-04 28.0663895315728 71.2443015627236 26.1921661777223
2014-07-07 27.7775405868564 71.4368065441877 26.1544572674336
2014-07-08 27.403473511738 70.9433691400069 26.0664066888639
2014-07-09 27.5031036949726 71.2171995198348 26.0990970201331
2014-07-10 27.0850967041622 70.8433362833213 25.9427390853113
2014-07-11 27.1053141039988 70.9376637950442 25.8982548701343
2014-07-14 27.4324673940067 71.4993901684912 26.1799709306703
2014-07-15 27.2541281845683 71.4794149701537 26.3005921120132
2014-07-16 27.6463068531175 71.8728261208326 26.2620900749668
2014-07-17 27.3507844983843 71.485058535609 26.3247511020732
2014-07-18 27.2558369286274 72.1109952723167 26.1568665796322
2014-07-21 26.9530797957123 71.9226371325348 26.1988519192463
2014-07-22 27.295965030649 72.1673313911723 26.4204338470833
2014-07-23 27.3498863110025 72.2086655273817 26.4085739722515
2014-07-24 27.4634520700104 72.3736450923572 26.4077148788828
2014-07-25 27.0426984927204 71.8515927491872 26.6586010102605
2014-07-28 26.9141593155189 72.1323720313596 26.7937101195057
2014-07-29 27.0696741936797 71.8116227087826 26.942757529866
2014-07-30 26.9015682826217 71.7141747551071 26.9657113502699
2014-07-31 26.3794483904635 70.5142363778372 26.8747264656143
2014-08-01 25.8259193723804 70.2532215624374 26.603916189897
2014-08-04 25.6690572145488 70.3663851752502 26.4994377265104
2014-08-05 25.7688845619616 69.8246300850936 26.2601649701722
2014-08-06 25.6014796741074 70.0035317797882 26.0190391556767
2014-08-07 25.3461100665675 69.8612111459851 26.2639463661972
2014-08-08 25.2629703549968 70.6113585607344 25.518439388703
2014-08-11 25.7436477266265 70.4690436608934 26.0940530747043
2014-08-12 25.4316348974253 70.5287977085712 26.1567108995053
2014-08-13 25.7945129860542 71.0713474090288 26.2719432046305
2014-08-14 25.8680355313423 71.3243535676014 26.4133967934596
2014-08-15 25.4964932333535 71.0974844882828 26.3871143779884
2014-08-18 25.9247636441094 71.6761543214134 26.3694300905301
2014-08-19 26.1741882468026 72.1225562555535 26.5941364928724
2014-08-20 26.1189196867784 72.5879071815521 26.6176899834623
2014-08-21 26.362763488612 73.0979563013438 26.7976692195236
2014-08-22 26.1878992764314 73.115237963189 26.6314746519409
2014-08-25 26.6673142566922 73.557028594386 26.7681196214048
2014-08-26 26.886063620632 73.9311558914231 26.6645780257183
2014-08-27 26.8343549433633 74.0253665331783 26.726855277452
2014-08-28 26.5338953018348 73.9259285647122 26.6270080685427
2014-08-29 26.5552354351977 73.9347120919716 26.5914896707178
2014-09-01 26.5800806817752 73.9347120919716 26.7201917330766
2014-09-02 26.6585651590305 74.1439905271147 27.0200499499236
2014-09-03 26.9935720989169 74.2301256624902 26.9772110677741
2014-09-04 27.2677269411249 74.1076139511813 26.809788303553
2014-09-05 27.3315474346327 74.7431970089467 26.9316295251427
2014-09-08 27.3624225771628 75.3676634730795 27.2302560286633
2014-09-09 27.2297046455092 75.0017017856345 27.2685497311665
2014-09-10 27.2001767826498 75.4943290189573 27.2034441011238
2014-09-11 27.175249381761 75.2321490257522 27.2616475809025
2014-09-12 27.0626639616421 74.9840132676758 27.2435690868207
2014-09-15 27.0864987505697 74.9446299660463 27.0458398199503
2014-09-16 27.0116289256109 75.4931547083781 27.0495893172633
2014-09-17 27.0917427322126 75.5852683785021 27.0321468226604
2014-09-18 27.4748656054485 76.0602180006682 27.2677152700268
2014-09-19 27.4780339022506 76.5226383081018 27.5180141811606
2014-09-22 27.3386151730057 76.3508222956376 27.3412463501139
2014-09-23 26.9053554483163 75.7429215117949 27.3412463501139
2014-09-24 27.0930598903184 76.3266495208706 27.2880813043474
2014-09-25 26.6669500555092 75.3538508038615 27.7003367515501
2014-09-26 26.6123825186887 76.5635545702895 27.5451128655232
2014-09-29 26.422714664918 76.7673256496044 27.7660777939165
2014-09-30 26.5668160104448 76.6339311446798 27.492990378237
2014-10-01 26.3080836787193 75.7659667374448 27.3891376357373
2014-10-02 25.785539342248 75.9776617132885 26.7293467132176
2014-10-03 25.785539342248 76.7325898926136 26.9806810454875
2014-10-06 25.8243201645988 77.4548038097222 27.3037292775824
2014-10-07 25.4785760673063 75.9818423463136 27.1295522413452
2014-10-08 25.2237404403571 76.7356301267783 26.8320781659087
2014-10-09 25.2509105658958 75.027118574938 26.6442953494591
2014-10-10 24.6446377677222 74.1397565326028 26.285479574914
2014-10-13 24.7108707708957 73.7077588662276 26.5522194955948
2014-10-14 24.7467078425889 73.4254277057663 25.9204728496309
2014-10-15 24.0365439524173 72.5646763201069 26.1851937488635
2014-10-16 24.0672493183439 72.4202933826951 25.6558800635053
2014-10-17 24.8169772027731 72.9990331683574 25.2732761211141
2014-10-20 24.445407522818 73.3197162203352 26.1506058655794
2014-10-21 24.9198605739157 74.2233945067324 25.5575694942449
2014-10-22 25.0689813521368 73.5031688477961 26.3026905114249
2014-10-23 25.3694957604021 74.945435481053 26.2930682417242
2014-10-24 25.2026248559428 75.7930816452994 26.5153092326167
2014-10-27 24.9637457228709 75.7119094982929 26.5006121748001
2014-10-28 25.4280476298994 76.4126727846829 26.4109008086463
2014-10-29 25.469041055335 76.1394574584403 26.7402041599037
2014-10-30 25.5588569165212 77.0706545977562 26.8334880360294
2014-10-31 26.1534094816049 78.6745409412453 28.1692028417554
2014-11-03 25.9426260434199 79.0916026311665 28.1692028417554
2014-11-04 25.7036319004812 79.3809043698593 28.1431409058277
2014-11-05 26.1214718514826 79.668494701451 28.1149621915889
2014-11-06 26.2951284418351 80.0063560492022 27.7185623292904
2014-11-07 26.0551539600074 80.3776099310577 27.8441798528068
2014-11-10 26.2235118019802 80.6696478332792 27.7434668109865
2014-11-11 26.2716304721242 80.6167075249769 28.347259070685
2014-11-12 25.8283866459787 80.8118210791008 28.2933559645459
2014-11-13 25.9336797843842 80.8030754126276 28.525901860431
2014-11-14 25.9461037774723 80.7593422141891 28.6588148291149
2014-11-17 26.0958680725618 80.3736912265824 27.5060999980318
2014-11-18 26.5169885934375 80.6785713374738 28.1660637674959
2014-11-19 26.5626098712223 80.7335949300963 27.9857290302855
2014-11-20 26.5939313692467 80.6338090048577 27.7427272805992
2014-11-21 27.290972979921 81.015882140027 27.6289378136781
2014-11-24 27.439562514346 82.0261778874698 28.0546970772955
2014-11-25 27.6517479989385 81.9265937953519 28.0473259151316
2014-11-26 27.804149347034 81.7416784328024 27.9361168178634
2014-11-27 27.970461625731 81.7416784328024 27.6926367854331
2014-11-28 27.9872286762856 81.4167148985034 28.0567744676521
2014-12-01 27.9386061471159 81.4426090620318 28.107225289567
2014-12-02 27.8560825704471 81.8476119877198 28.2164234395491
2014-12-03 27.9618248011415 82.1506199720539 28.3078129416365
2014-12-04 27.6240986567419 82.6781586748269 28.6207374229156
2014-12-05 28.2852210442158 83.0433756242218 28.604102765436
2014-12-08 28.082962157548 82.8810060516488 28.3560104034793
2014-12-09 27.4624717339254 82.6429303624488 28.2308046112849
2014-12-10 27.4793537971509 80.9898273463553 27.7390480466448
2014-12-11 27.6554502763313 80.9800640125589 27.5980288610236
2014-12-12 26.904514770074 79.2849893035069 27.8277683137044
2014-12-15 26.1734297200675 78.6491075977816 27.256697627594
2014-12-16 26.8180342454989 78.243280756199 26.8332877718895
2014-12-17 26.7634667114825 79.3339557501138 27.1483051079327
2014-12-18 27.5111216478655 81.3638407594161 27.818266439567
2014-12-19 27.4435441074241 82.4784090661 28.4422604229968
2014-12-22 27.6645060744487 83.7798644054438 28.4702798452103
2014-12-23 27.8225183477729 83.9582395598928 28.4702798452103
2014-12-24 27.8225183477729 84.2133136235847 28.6807526594496
2014-12-25 27.8225183477729 84.2133136235847 28.6232803937774
2014-12-26 27.8225183477729 84.4544619996882 28.6299426691082
2014-12-29 27.8365935785847 84.4721005941099 28.5372660293669
2014-12-30 27.4956717554166 84.1930529282803 28.0536447912406
2014-12-31 27.4956717554166 83.6430504296093 28.2460566210845
2015-01-02 31.3108430315302 79.4963815830855 28.5775541914947
2015-01-05 30.375915812394 78.6628781353141 28.5993638575129
2015-01-06 30.3646929782402 78.4773968265353 27.9603128477582
2015-01-07 30.5202720241993 79.5190015667916 28.2553738267172
2015-01-08 31.5445341286899 81.4798408758459 28.8917176838369
2015-01-09 30.9381472380423 81.0390034563118 28.9248267809183
2015-01-12 31.365898799256 80.3597637034923 28.9248267809183
2015-01-13 31.8760555208973 80.269932408756 28.9364505967848
2015-01-14 31.4787033114801 79.6011648735251 28.5686558839285
2015-01-15 32.16980631726 79.3167433124964 29.4463580367457
2015-01-16 32.6031974744839 80.6219156102384 29.1797969736826
2015-01-19 32.8423402877905 80.6219156102384 29.7362757317639
2015-01-20 32.8897335917476 81.536454030652 30.3381035953069
2015-01-21 33.024730133021 81.7605668804563 29.9612504839006
2015-01-22 33.4620668186787 83.0131520123362 30.151031734273
2015-01-23 34.1481345780676 82.5397035224196 30.5338187112592
2015-01-26 34.625105029605 85.0952631421184 31.4438749807112
2015-01-27 34.0807975731447 83.5952337782536 31.8724031674698
2015-01-28 34.3449819636357 82.1193661006597 31.7085239163944
2015-01-29 34.4312387109623 82.7932108090336 31.2700061513105
2015-01-30 34.2915952141205 81.9568773962851 31.5183232261161
2015-02-02 34.720273662794 82.9812779615527 31.4406392019742
2015-02-03 34.9220936617189 84.1723338689353 30.9587648012057
2015-02-04 34.9874109316575 83.7820747011449 31.4434704532135
2015-02-05 34.96845987434 84.2606908136664 30.8909429129258
2015-02-06 34.7792091963519 84.4101778689533 31.3685488115344
2015-02-09 34.1928004575643 84.5089181218241 31.208107270269
2015-02-10 34.4824147096493 85.1064162956564 31.182342141399
2015-02-11 34.4769003668813 85.1275030435921 31.1638046711507
2015-02-12 35.014121530259 85.7134668896281 31.5233040600351
2015-02-13 35.1544069571817 85.687474774856 31.3329580838779
2015-02-16 35.0256011364452 85.687474774856 31.5952024085717
2015-02-17 34.9370678788953 85.4076307428813 31.6225736165369
2015-02-18 35.1467100457254 85.4887164935061 32.0096381833874
2015-02-19 35.27798651889 85.1973362029745 31.9782654759785
2015-02-20 35.4341417323285 85.8546064224643 32.1628348851445
2015-02-23 35.6915623611643 85.886083388083 32.3990154527714
2015-02-24 35.9314754905681 86.536821878114 32.713494516767
2015-02-25 35.9459987903008 86.7704477217615 32.7104020431129
2015-02-26 36.3209084641844 86.5464298780385 33.0830527157594
2015-02-27 36.5596974311497 86.4474824186204 33.1634513322393
2015-03-02 36.5875948188108 88.1097495052794 33.3930559251386
2015-03-03 36.1707466930974 87.7460006509915 33.317542082008
2015-03-04 36.5235269645529 87.2717795271619 33.1620137393112
2015-03-05 36.8878839165035 87.8516751965667 33.429675528048
2015-03-06 37.0384621605529 87.1736646700842 33.9989741854373
2015-03-09 37.138315323359 89.5208476866103 34.0766033877048
2015-03-10 36.8762446093873 87.7763672652286 33.7717758567882
2015-03-11 37.8561915479485 88.2983449252299 33.9939668209748
2015-03-12 37.8350266102353 90.7959635097751 34.9688526089056
2015-03-13 38.1627997554007 90.4897158064503 35.6384509253495
2015-03-16 39.0160858646585 92.3948982487821 35.8832963714887
2015-03-17 38.4168823381959 91.3523402929483 36.1145842532628
2015-03-18 38.2306471716144 92.086589063828 36.1362337234283
2015-03-19 38.155713462318 91.1025752459606 35.9267727755186
2015-03-20 38.604529754162 91.1437141179341 35.927663895705
2015-03-23 38.1442964827529 90.3025822730631 35.7617673408534
2015-03-24 38.4965350280038 89.4573139750931 35.9671780385106
2015-03-25 38.0464348695848 87.3765189667473 35.839763213131
2015-03-26 37.9770436884028 87.1060766996528 35.3269922207962
2015-03-27 38.0560857566305 87.164259105984 35.103051384035
2015-03-30 38.7540809100818 89.0465571822346 35.5471293663811
2015-03-31 38.3698115688727 88.3713805257479 35.1511267580899
2015-04-01 38.4827131554057 88.6209478890419 34.9653624611078
2015-04-02 38.3737226496188 89.0376424679173 35.5832339750862
2015-04-03 38.3737226496188 89.0376424679173 35.6592109240167
2015-04-06 38.3737226496188 87.8957032452662 35.2967290718206
2015-04-07 38.8743568734372 87.7650448255751 35.6643363639056
2015-04-08 38.5932756083009 88.6891253954438 36.0097063906429
2015-04-09 39.0119837680686 89.4275514760004 36.4379259783069
2015-04-10 39.6798707862372 90.7325649621491 36.6280793951162
2015-04-13 39.564435920655 91.4691857051208 37.1010678450875
2015-04-14 39.2080921460403 91.9548836610782 37.1449523269273
2015-04-15 39.2200852994978 92.1763711101948 37.2067521770404
2015-04-16 38.4746342186748 91.8642366549568 37.2132655203629
2015-04-17 37.4800982177793 89.7959526193683 36.592970793078
2015-04-20 38.1316958436957 90.0313870211918 36.2998297124076
2015-04-21 38.2845505947619 89.9215807748917 36.9109116572536
2015-04-22 38.0530076186028 90.7619935810778 37.3422751928118
2015-04-23 37.5919414012689 90.6955468543389 37.3108862118321
2015-04-24 37.8717732507245 90.7441416318573 36.9235479566531
2015-04-27 38.6038565091672 89.475237991421 36.6906175856907
2015-04-28 37.8743722891688 89.915909720958 36.8323235703412
2015-04-29 36.6592906923559 89.1189441747744 36.8323235703412
2015-04-30 36.7287445033656 87.2601210584624 35.3455122959682
2015-05-01 36.7287445033656 87.1386307087699 34.9089077186698
2015-05-04 37.2593271583303 87.0505988121728 34.9089077186698
2015-05-05 36.3224772817251 86.5975718521186 34.5811001189864
2015-05-06 36.394530131179 86.3434721655941 34.6560012993173
2015-05-07 36.5799292222682 85.8930821046251 34.0098029915681
2015-05-08 37.5475322970111 86.6953043981329 34.039754543822
2015-05-11 37.4308761946816 87.1713868895473 34.7262305371934
2015-05-12 36.7865590072591 87.3208699941665 34.8291908967197
2015-05-13 36.3987292988713 86.9562665462679 34.9131290083452
2015-05-14 37.0668417741584 87.3415952667025 34.4875333357915
2015-05-15 36.705177802187 86.5938650353358 34.5563310474276
2015-05-18 37.1773384676585 86.2262222982856 34.5871257075356
2015-05-19 38.0079878959713 86.7064483345926 34.890208424936
2015-05-20 37.9924030636277 87.8744410086051 35.5596092960004
2015-05-21 38.0440926063795 88.7138171478935 35.6844371960164
2015-05-22 37.8851128941716 88.4213804336798 35.7399924539665
2015-05-25 37.8851128941716 88.4213804336798 36.2347579444134
2015-05-26 37.2762584838699 88.6129204491081 36.3637879363494
2015-05-27 37.7444109942865 89.7405465273852 36.3880855299198
2015-05-28 37.4444099803334 89.8216339126679 36.3515083483957
2015-05-29 36.5986892637419 88.996154824888 36.1007103692096
2015-06-01 36.6699686675312 88.5426799094388 35.8134429291986
2015-06-02 36.3260689638176 88.8315029429971 35.898536561051
2015-06-03 36.6172864779246 88.4934396349467 35.4508190679365
2015-06-04 36.3639053190575 86.3800314647473 35.0521374128984
2015-06-05 35.9039319524548 85.376326641355 34.6684030463627
2015-06-08 35.4799317742637 86.2414913095738 34.8110822342258
2015-06-09 35.2759010245105 85.8507615433383 34.1529405704674
2015-06-10 36.1227427707665 86.0677640632005 33.9393890997899
2015-06-11 36.3388324301658 86.0938379830731 34.7470090764278
2015-06-12 35.9018151431615 85.6428876675726 34.8656656079437
2015-06-15 35.2235695516778 85.1654762492575 34.8427298264897
2015-06-16 35.4128828562869 85.9749149325982 34.7031998202391
2015-06-17 35.2012522693863 85.9261524137669 34.5497591311505
2015-06-18 35.5933782197753 86.7427479771906 34.0809527807792
2015-06-19 35.4003448438508 85.4453387249038 34.2535412266828
2015-06-22 36.7483688056779 86.1270868976758 34.8516029906108
2015-06-23 37.0114321632979 86.1287106343913 35.3572729684206
2015-06-24 36.7828702540642 86.2092694199534 35.6480737977125
2015-06-25 36.7888668291897 86.24490114128 35.5776617124573
2015-06-26 36.8507521179657 86.423727535924 35.504297094139
2015-06-29 35.5385479091681 84.9490185550358 34.5318539612316
2015-06-30 35.0953085899198 85.6587678978332 35.3015391791416
