time value.DAX value.Dow.Jones value.Nikkei
2012-02-01 0.124959523939703 0.430092404038936 0.444948072021361
2012-02-02 0.124868771559994 0.427965043849711 0.447166184590295
2012-02-03 0.126608974537997 0.430795711781012 0.442595313680991
2012-02-06 0.126323460209793 0.429532760694418 0.444143779095789
2012-02-07 0.125597239233872 0.430802250668199 0.443600510097928
2012-02-08 0.125496484121718 0.42886658793804 0.445636927940242
2012-02-09 0.12725092410663 0.429091125290336 0.443657950603034
2012-02-10 0.126722352876141 0.430005840508158 0.443271806615701
2012-02-13 0.126464414364716 0.431124998391769 0.442410587243515
2012-02-14 0.126270023827994 0.430023889730166 0.44370608644184
2012-02-15 0.125506323121126 0.424828837676935 0.449664839201939
2012-02-16 0.125096297844857 0.428909448315716 0.445994253839427
2012-02-17 0.125000774753479 0.4268654766201 0.448133748626421
2012-02-20 0.127097875959007 0.427763487147351 0.445138636893642
2012-02-21 0.127640781577699 0.426497716987341 0.44586150143496
2012-02-22 0.126422815267477 0.425026886028015 0.448550298704508
2012-02-23 0.125637213604376 0.426223220941487 0.448139565454137
2012-02-24 0.126697367495589 0.42478031430087 0.448522318203542
2012-02-27 0.128661550335887 0.42682199826613 0.444516451397983
2012-02-28 0.128199685071805 0.424531228103283 0.447269086824912
2012-02-29 0.127672037678635 0.422870966981198 0.449456995340168
2012-03-01 0.128625349871739 0.432456838672438 0.438917811455823
2012-03-02 0.127336996235316 0.432840146758137 0.439822857006547
2012-03-05 0.126363089105524 0.436732268959861 0.436904641934615
2012-03-06 0.12361586902208 0.435088186909392 0.441295944068528
2012-03-07 0.123774347420824 0.436910544323712 0.439315108255464
2012-03-08 0.124510211465928 0.432540292192849 0.442949496341222
2012-03-09 0.125207573889036 0.430351765310587 0.444440660800377
2012-03-12 0.125680708141654 0.434544066085396 0.439775225772951
2012-03-13 0.126026349488443 0.437212397984757 0.4367612525268
2012-03-14 0.126712668774917 0.43451856514697 0.438768766078113
2012-03-15 0.127004862753941 0.435998506048705 0.436996631197353
2012-03-16 0.127427340722919 0.436101849299423 0.436470809977658
2012-03-19 0.128179351177743 0.434946296084873 0.436874352737384
2012-03-20 0.126951425897702 0.434270369218171 0.438778204884126
2012-03-21 0.128155699444962 0.434575623360989 0.437268677194049
2012-03-22 0.12708421865981 0.433334311442415 0.439581469897775
2012-03-23 0.126983508551611 0.434626385328955 0.438390106119434
2012-03-26 0.127738520976862 0.435021177155048 0.43724030186809
2012-03-27 0.126987283106406 0.43059488182106 0.442417835072534
2012-03-28 0.12709386570537 0.431512379917897 0.441393754376734
2012-03-29 0.125237208457207 0.434185880365937 0.440576911176856
2012-03-30 0.12577704671091 0.434481881103941 0.439741072185149
2012-04-02 0.122089924644069 0.438181532480393 0.439728542875537
2012-04-03 0.121355914088552 0.438228268849609 0.440415817061839
2012-04-04 0.119572796726961 0.440732373336498 0.439694829936542
2012-04-05 0.118893269292994 0.443196987804147 0.437909742902859
2012-04-06 0.118831445867723 0.442966529376866 0.438202024755411
2012-04-09 0.119373180119308 0.443195333985153 0.437431485895538
2012-04-10 0.117401470171059 0.440164836213997 0.442433693614944
2012-04-11 0.118571513869456 0.442421730737936 0.439006755392608
2012-04-12 0.118333226662251 0.443027814928595 0.438638958409154
2012-04-13 0.116172230794647 0.439423249761355 0.444404519443998
2012-04-16 0.116883032092475 0.444143395707141 0.438973572200383
2012-04-17 0.118508914696629 0.446089879389991 0.43540120591338
2012-04-18 0.117232928433903 0.440429383798925 0.442337687767172
2012-04-19 0.117276405052708 0.442907791452461 0.439815803494831
2012-04-20 0.11861501186726 0.444545429635691 0.436839558497049
2012-04-23 0.116327859139062 0.444636674822033 0.439035466038906
2012-04-24 0.116903144501471 0.446432288491966 0.436664567006563
2012-04-25 0.117819877747143 0.445005350093621 0.437174772159236
2012-04-26 0.118317050616806 0.447249309985938 0.434433639397257
2012-04-27 0.119389488883848 0.447251024126219 0.433359486989932
2012-04-30 0.118924073776273 0.446843697147294 0.434232229076433
2012-05-01 0.108354757974643 0.445542817457615 0.446102424567742
2012-05-02 0.107495552474549 0.444667938335249 0.447836509190202
2012-05-03 0.107272415378713 0.444730523268504 0.447997061352783
2012-05-04 0.105829206482624 0.443244319639205 0.450926473878171
2012-05-07 0.106501381222241 0.446844744640294 0.446653874137465
2012-05-08 0.104210182978166 0.445117527793941 0.450672289227893
2012-05-09 0.105784042426389 0.44605859708592 0.448157360487692
2012-05-10 0.106014204254941 0.446747523838327 0.447238271906731
2012-05-11 0.107218068101173 0.44709297707845 0.445688954820376
2012-05-14 0.105584157789262 0.445657582440232 0.448758259770506
2012-05-15 0.105105359430897 0.446593130698424 0.448301509870679
2012-05-16 0.105112439470203 0.448669554817706 0.446218005712092
2012-05-17 0.103765446263045 0.445646000642176 0.450588553094778
2012-05-18 0.10467369321829 0.449806747046882 0.445519559734828
2012-05-21 0.104734391759401 0.448814114536013 0.446451493704586
2012-05-22 0.105942743942781 0.446346783070806 0.447710472986413
2012-05-23 0.104849704325367 0.452350392282101 0.442799903392532
2012-05-24 0.104128077430793 0.452906427146488 0.442965495422719
2012-05-25 0.104093447615759 0.450838336307588 0.445068216076654
2012-05-28 0.103745864804075 0.450523196709669 0.445730938486256
2012-05-29 0.104033318857888 0.451082765713089 0.444883915429023
2012-05-30 0.102769903913301 0.449609507868224 0.447620588218476
2012-05-31 0.102346012424651 0.450998694665425 0.446655292909924
2012-06-01 0.105689549724956 0.452608167915497 0.441702282359547
2012-06-04 0.105335876188909 0.454418374445627 0.440245749365464
2012-06-05 0.104843852990501 0.453299530941566 0.441856616067933
2012-06-06 0.105246488011021 0.455035672728643 0.439717839260336
2012-06-07 0.105797034455269 0.454343871172874 0.439859094371857
2012-06-08 0.1070347239131 0.461416523576092 0.431548752510809
2012-06-11 0.106635320413415 0.454860079754308 0.438504599832277
2012-06-12 0.107088900468227 0.459905034281502 0.433006065250271
2012-06-13 0.106263840216347 0.457433040733075 0.436303119050578
2012-06-14 0.105903260112632 0.461084959976252 0.433011779911116
2012-06-15 0.107114191718914 0.461976657572815 0.430909150708271
2012-06-18 0.106794996908351 0.456019334335437 0.437185668756212
2012-06-19 0.108801658343034 0.45938149059589 0.431816851061076
2012-06-20 0.108545989057188 0.456465007428038 0.434989003514774
2012-06-21 0.108914856988279 0.450423131120069 0.440662011891652
2012-06-22 0.107659731820859 0.454970499270299 0.437369768908843
2012-06-25 0.106288488786519 0.456455723185407 0.437255788028075
2012-06-26 0.105934447949489 0.457820399175298 0.436245152875212
2012-06-27 0.10626040947724 0.456267754993708 0.437471835529052
2012-06-28 0.104327339372422 0.453346194496162 0.442326466131416
2012-06-29 0.106321743867763 0.453466902623272 0.440211353508965
2012-07-02 0.0963818657504586 0.462736378392205 0.440881755857336
2012-07-03 0.0965240560227578 0.46195350991594 0.441522434061302
2012-07-04 0.0961363107361597 0.461037662209272 0.442826027054569
2012-07-05 0.0958198576416193 0.461583111164303 0.442597031194078
2012-07-06 0.0941982928830322 0.461833869616355 0.443967837500613
2012-07-09 0.0932061242944298 0.464319280892006 0.442474594813564
2012-07-10 0.0943865254209917 0.463069258398595 0.442544216180413
2012-07-11 0.0946684536831526 0.461781635317751 0.443549910999096
2012-07-12 0.0947140025171537 0.464430974953233 0.440855022529614
2012-07-13 0.0955113964816569 0.467575018074336 0.436913585444007
2012-07-16 0.0959313140926438 0.465810346503746 0.43825833940361
2012-07-17 0.0954797958701913 0.46608247816759 0.438437725962218
2012-07-18 0.0969247870777346 0.46787606623686 0.435199146685405
2012-07-19 0.0973912947882158 0.466420916102627 0.436187789109157
2012-07-20 0.0966207707098863 0.466945781153868 0.436433448136245
2012-07-23 0.0940006657788174 0.470357838660519 0.435641495560664
2012-07-24 0.0936978255122038 0.468612565052791 0.437689609435005
2012-07-25 0.0941675056562356 0.472549041164424 0.43328345317934
2012-07-26 0.095408723481111 0.473420497991125 0.431170778527764
2012-07-27 0.0962106168857657 0.472974671402719 0.430814711711515
2012-07-30 0.0979784244413368 0.47103261520106 0.430988960357603
2012-07-31 0.0974812108140863 0.468170288459945 0.434348500725969
2012-08-01 0.0975600834150078 0.461568689385239 0.440871227199753
2012-08-02 0.0959685882748712 0.460307729117732 0.443723682607397
2012-08-03 0.0987044940107215 0.465793142575842 0.435502363413436
2012-08-06 0.099681848962479 0.461556332880978 0.438761818156543
2012-08-07 0.0997326162680281 0.460128874698417 0.440138509033555
2012-08-08 0.0994431595087734 0.45856520904922 0.441991631442007
2012-08-09 0.0987699193553461 0.456426022466099 0.444804058178555
2012-08-10 0.0985497563234409 0.45960628164129 0.441843962035269
2012-08-13 0.097797189686995 0.458810058176791 0.443392752136214
2012-08-14 0.0985727628401852 0.457358985610835 0.444068251548979
2012-08-15 0.0986498170468275 0.458124248800017 0.443225934153155
2012-08-16 0.0980589729880377 0.45649518055363 0.445445846458332
2012-08-17 0.098407854082397 0.456005934883542 0.445586211034061
2012-08-20 0.0986821292056804 0.456620493604224 0.444697377190096
2012-08-21 0.0996501703558326 0.455097968048703 0.445251861595464
2012-08-22 0.0994307528353414 0.455000526146789 0.44556872101787
2012-08-23 0.0990643398290671 0.451472111239272 0.449463548931661
2012-08-24 0.099735316871328 0.453705631246546 0.446559051882126
2012-08-27 0.100545372412307 0.452658931938253 0.446795695649441
2012-08-28 0.100356311635868 0.453908947369333 0.445734740994799
2012-08-29 0.100260727548769 0.452723558530598 0.447015713920634
2012-08-30 0.099766760906059 0.453375602373623 0.446857636720318
2012-08-31 0.101026736160025 0.457947319571281 0.441025944268694
2012-09-03 0.0937143239599715 0.463877853580468 0.44240782245956
2012-09-04 0.0930695088056822 0.462462445624342 0.444468045569976
2012-09-05 0.0940023795913804 0.464912460758551 0.441085159650068
2012-09-06 0.0954518637078216 0.468447384299372 0.436100751992806
2012-09-07 0.0955288768299552 0.464277106858298 0.440194016311747
2012-09-10 0.0968733525203407 0.461655385663674 0.441471261815986
2012-09-11 0.0979197044561364 0.463973267295555 0.438107028248308
2012-09-12 0.0975442927979192 0.459824618675147 0.442631088526934
2012-09-13 0.0967209161075361 0.462291941493908 0.440987142398556
2012-09-14 0.0971465295929756 0.458299485260629 0.444553985146396
2012-09-17 0.0978780788539182 0.453709688373264 0.448412232772817
2012-09-18 0.098427407551152 0.460405441862098 0.44116715058675
2012-09-19 0.0982088752447124 0.458622910012759 0.443168214742529
2012-09-20 0.0986511715624636 0.462472221076896 0.43887660736064
2012-09-21 0.0986609552580398 0.460295372077757 0.441043672664203
2012-09-24 0.0983779371252528 0.460799953472495 0.440822109402252
2012-09-25 0.0983642953438622 0.458143847074932 0.443491857581206
2012-09-26 0.0974768295703216 0.461908858514125 0.440614311915554
2012-09-27 0.0967663575787672 0.462202236876787 0.441031405544446
2012-09-28 0.0964278239818281 0.46336310393199 0.440209072086182
2012-10-01 0.0939551161460606 0.467992596720565 0.438052287133374
2012-10-02 0.0939479620078206 0.467829057334269 0.438222980657911
2012-10-03 0.094648295706411 0.469022782666906 0.436328921626683
2012-10-04 0.0939196831967989 0.469423805103151 0.43665651170005
2012-10-05 0.0951368504716395 0.468974594260822 0.435888555267538
2012-10-08 0.0942546301471677 0.467581576634213 0.438163793218619
2012-10-09 0.094216124112159 0.469249162445139 0.436534713442702
2012-10-10 0.0947668752923531 0.470985940458055 0.434247184249592
2012-10-11 0.0955404325298011 0.471449013920532 0.433010553549667
2012-10-12 0.0950936787379902 0.47197460900246 0.43293171225955
2012-10-15 0.0954372074102962 0.472905266762101 0.431657525827602
2012-10-16 0.0957669210319822 0.47208819462013 0.432144884347888
2012-10-17 0.096017141037186 0.470008647948322 0.433974211014492
2012-10-18 0.0963949934356362 0.465044692003848 0.438560314560516
2012-10-19 0.0964652422566086 0.462194096568413 0.441340661174979
2012-10-22 0.0953613435240981 0.46295190340562 0.441686753070282
2012-10-23 0.094657408939461 0.459979772900253 0.445362818160286
2012-10-24 0.0951832824789517 0.461441740996766 0.443374976524282
2012-10-25 0.0943382711425182 0.459667803603033 0.445993925254449
2012-10-26 0.0954791727785811 0.462960530661282 0.441560296560136
2012-10-29 0.0947963912728553 0.461480621435213 0.443722987291932
2012-10-30 0.0961267076523325 0.462737848577702 0.441135443769966
2012-10-31 0.0953815610594462 0.461699338071175 0.442919100869379
2012-11-01 0.0957778230442718 0.46772294690038 0.436499230055348
2012-11-02 0.0961197021273783 0.463346764599037 0.440533533273585
2012-11-05 0.0952556521115245 0.46641662646069 0.438327721427786
2012-11-06 0.0952951736369496 0.469244436394902 0.435460389968149
2012-11-07 0.0945427897695489 0.463902103788761 0.44155510644169
2012-11-08 0.0952600280853051 0.464570373557822 0.440169598356873
2012-11-09 0.0946100093499023 0.466184103156039 0.439205887494059
2012-11-12 0.0946263298143949 0.467340565084841 0.438033105100764
2012-11-13 0.0949291344270344 0.466437589045696 0.438633276527269
2012-11-14 0.0945763957555324 0.46309090381759 0.442332700426878
2012-11-15 0.0936287485202891 0.460012222914501 0.44635902856521
2012-11-16 0.0921135334322094 0.459393245379254 0.448493221188537
2012-11-19 0.0930741396985261 0.460795495982326 0.446130364319148
2012-11-20 0.0939110979636069 0.460364446562276 0.445724455474117
2012-11-21 0.0937909887515363 0.459790275623219 0.446418735625245
2012-11-22 0.0941994418585668 0.457950390436147 0.447850167705286
2012-11-23 0.0945768203899067 0.459724604258199 0.445698575351895
2012-11-26 0.0955362532777968 0.459821116316727 0.444642630405477
2012-11-27 0.0959805180025588 0.456716216569849 0.447303265427593
2012-11-28 0.0962344873512407 0.460960959869663 0.442804552779096
2012-11-29 0.0959840401464042 0.458891684822216 0.445124275031379
2012-11-30 0.096204473163211 0.458307022622741 0.445488504214048
2012-12-03 0.0971426029028473 0.463996826063481 0.438860571033672
2012-12-04 0.0975438056763476 0.463672610167075 0.438783584156577
2012-12-05 0.0974211953984397 0.463516660179829 0.439062144421731
2012-12-06 0.098105375868485 0.462474729369026 0.439419894762489
2012-12-07 0.0974657635084596 0.46529330065945 0.437240935832091
2012-12-10 0.0968394363624329 0.465982483584734 0.437178080052833
2012-12-11 0.0971439645399486 0.467024864047206 0.435831171412846
2012-12-12 0.0975556755992432 0.465482249134205 0.436962075266552
2012-12-13 0.0973210302651409 0.461640392848583 0.441038576886276
2012-12-14 0.0982939054094527 0.462435528875547 0.439270565715
2012-12-17 0.0983018323353155 0.462270293353824 0.43942787431086
2012-12-18 0.0982373507218427 0.463109746951261 0.438652902326896
2012-12-19 0.0979012303127174 0.456449012268634 0.445649757418649
2012-12-20 0.0989144518790455 0.460693731181291 0.440391816939663
2012-12-21 0.0991426307570468 0.460303269357847 0.440554099885106
2012-12-24 0.0991636744359031 0.460188715158582 0.440647610405515
2012-12-25 0.098579258310246 0.457476616121167 0.443944125568587
2012-12-26 0.0981356831450087 0.45457445626052 0.447289860594471
2012-12-27 0.0982348817242438 0.452855683179541 0.448909435096215
2012-12-28 0.0986585349171451 0.450414325309851 0.450927139773004
2012-12-31 0.0980074839887287 0.454041059317729 0.447951456693543
2013-01-02 0.102075648032715 0.461452745288948 0.436471606678337
2013-01-03 0.102021736621753 0.46048073258694 0.437497530791307
2013-01-04 0.100806150244597 0.458850336600737 0.440343513154666
2013-01-07 0.100926374811068 0.462461875671641 0.436611749517291
2013-01-08 0.100899866487589 0.462876675132731 0.43622345837968
2013-01-09 0.100733129225091 0.461249549171906 0.438017321603003
2013-01-10 0.0998002618876865 0.461716344767441 0.438483393344872
2013-01-11 0.099841994176754 0.460455763363901 0.439702242459345
2013-01-14 0.100733466974173 0.456441217239485 0.442825315786342
2013-01-15 0.101268471813823 0.462147495413288 0.436584032772889
2013-01-16 0.102333338594618 0.465860630607771 0.431806030797611
2013-01-17 0.101802481882202 0.465807824558951 0.432389693558847
2013-01-18 0.100555508150755 0.462658485738464 0.436786006110781
2013-01-21 0.1022821485364 0.46777088236239 0.42994696910121
2013-01-22 0.101361778057599 0.469257708272921 0.42938051366948
2013-01-23 0.101916228507167 0.4731883725621 0.424895398930733
2013-01-24 0.101374472015129 0.469982033914561 0.428643494070309
2013-01-25 0.10170177896802 0.466723771819751 0.431574449212228
2013-01-28 0.103506211267587 0.471440310689597 0.425053478042816
2013-01-29 0.103188871253988 0.471862446920679 0.424948681825333
2013-01-30 0.101839357595173 0.466298691326888 0.431861951077939
2013-01-31 0.10213283796673 0.4657609186921 0.43210624334117
2013-02-01 0.0666797850640879 0.504063086819558 0.429257128116354
2013-02-04 0.0661359845776303 0.505223466374983 0.428640549047386
2013-02-05 0.0663923230668279 0.510880908154465 0.422726768778707
2013-02-06 0.0643939975345306 0.503664683896648 0.431941318568821
2013-02-07 0.0651983700250799 0.506860691668138 0.427940938306782
2013-02-08 0.0658021380439925 0.511312905397652 0.422884956558355
2013-02-11 0.0653840148626656 0.513405325657139 0.421210659480195
2013-02-12 0.0646021903718508 0.506549841000001 0.428847968628148
2013-02-13 0.0658254751191972 0.510114859344885 0.424059665535917
2013-02-14 0.0650709864397335 0.507702183573954 0.427226829986313
2013-02-15 0.0647614688906828 0.510679062257815 0.424559468851502
2013-02-18 0.0644647520740454 0.505992396614819 0.429542851311136
2013-02-19 0.0653974639910117 0.508702728469152 0.425899807539836
2013-02-20 0.0651837598574261 0.50428943871442 0.430526801428154
2013-02-21 0.0646365442637671 0.506821635472373 0.42854182026386
2013-02-22 0.0640220884102085 0.50703565218561 0.428942259404182
2013-02-25 0.0645698346577998 0.49776682753071 0.43766333781149
2013-02-26 0.0637552738720717 0.506456518793635 0.429788207334293
2013-02-27 0.063162580488368 0.508172790077831 0.428664629433801
2013-02-28 0.0629892955942618 0.501222799803912 0.435787904601826
2013-03-01 0.0755620502643297 0.517847702985092 0.406590246750578
2013-03-04 0.0750553006719795 0.520882537017224 0.404062162310796
2013-03-05 0.0761301019983098 0.521393792276749 0.402476105724941
2013-03-06 0.0758740877042172 0.51692948843051 0.407196423865273
2013-03-07 0.0759325446601789 0.517156381640569 0.406911073699252
2013-03-08 0.0755886341862308 0.514493783087219 0.40991758272655
2013-03-11 0.0757060353694012 0.518186031237836 0.406107933392763
2013-03-12 0.0756795372968063 0.519205856648306 0.405114606054888
2013-03-13 0.0760395457578209 0.520709899629411 0.403250554612768
2013-03-14 0.0759921538037072 0.518639228510017 0.405368617686276
2013-03-15 0.0753330304209294 0.515832654304378 0.408834315274693
2013-03-18 0.0763953654735561 0.518521577500286 0.405083057026158
2013-03-19 0.0743246736689016 0.514295498338568 0.41137982799253
2013-03-20 0.0746480201545859 0.514979971252206 0.410372008593209
2013-03-21 0.0738918704935903 0.511979646736774 0.414128482769636
2013-03-22 0.0743368400300107 0.519039233064839 0.40662392690515
2013-03-25 0.0736483162394248 0.512049373580316 0.41430231018026
2013-03-26 0.0735323145334083 0.515542062236447 0.410925623230145
2013-03-27 0.072151051745876 0.514612083184447 0.413236865069677
2013-03-28 0.0722767126011353 0.51885021409997 0.408873073298895
2013-03-29 0.0719816651652343 0.516732167778028 0.411286167056738
2013-04-01 0.0844613609683205 0.523277859687051 0.392260779344628
2013-04-02 0.0858406678150072 0.525193450667501 0.388965881517491
2013-04-03 0.0844694964315954 0.516282517408442 0.399247986159962
2013-04-04 0.0829450857180944 0.513401679453155 0.403653234828751
2013-04-05 0.0816581639109841 0.51350121520397 0.404840620885046
2013-04-08 0.0824380517465944 0.514135643472738 0.403426304780668
2013-04-09 0.0824680254224435 0.517654661793041 0.399877312784515
2013-04-10 0.0840025787489835 0.518132713319167 0.397864707931849
2013-04-11 0.0840083307591142 0.515192914365825 0.400798754875061
2013-04-12 0.0830540012098898 0.517403739487098 0.399542259303012
2013-04-15 0.0837605907451689 0.513706081828175 0.402533327426656
2013-04-16 0.0827940985147067 0.516567049388478 0.400638852096816
2013-04-17 0.0809588666581052 0.511578673560839 0.407462459781056
2013-04-18 0.0816384467997849 0.513832994101471 0.404528559098744
2013-04-19 0.0808472730223636 0.513205249477605 0.405947477500032
2013-04-22 0.0808204376067622 0.51244212159679 0.406737440796448
2013-04-23 0.0823197595347555 0.514883728840705 0.402796511624539
2013-04-24 0.0822815210229151 0.507751387935691 0.409967091041394
2013-04-25 0.0827493994619936 0.507449277813423 0.409801322724584
2013-04-26 0.0827797986342848 0.507967943752733 0.409252257612982
2013-04-29 0.0830361044865769 0.509507175347302 0.407456720166121
2013-04-30 0.0831485430034268 0.506653933762362 0.410197523234211
2013-05-01 0.0857696419807344 0.529610550233945 0.38461980778532
2013-05-02 0.0864230154908288 0.532137341021389 0.381439643487782
2013-05-03 0.0874028375836314 0.534459614687786 0.378137547728583
2013-05-06 0.0872366031640747 0.534870018472012 0.377893378363913
2013-05-07 0.086880714119632 0.531717165493804 0.381402120386564
2013-05-08 0.0869943534091311 0.530432464917422 0.382573181673447
2013-05-09 0.087561827322299 0.530768126890401 0.3816700457873
2013-05-10 0.0867668910872226 0.525858306098186 0.387374802814591
2013-05-13 0.0864260194000807 0.528494274988216 0.385079705611703
2013-05-14 0.0866444550583713 0.530949511032633 0.382406033908996
2013-05-15 0.0859623348273284 0.52710352438421 0.386934140788461
2013-05-16 0.0859659592282201 0.528612677100402 0.385421363671378
2013-05-17 0.0855262607638921 0.529014214004544 0.385459525231564
2013-05-20 0.0856819936214147 0.527417189448701 0.386900816929884
2013-05-21 0.0855343333239609 0.526626799057301 0.387838867618738
2013-05-22 0.0859502669192486 0.521583484489983 0.392466248590769
2013-05-23 0.0870710644556978 0.538296004449778 0.374632931094524
2013-05-24 0.0859414571206202 0.535718441229939 0.378340101649441
2013-05-27 0.0875863981709989 0.540893720708547 0.371519881120454
2013-05-28 0.0879076132680865 0.538144743663933 0.373947643067981
2013-05-29 0.0869325629558126 0.53889176286618 0.374175674178007
2013-05-30 0.0890602185178386 0.549018163082676 0.361921618399486
2013-05-31 0.0891530988190855 0.541568026666781 0.369278874514133
2013-06-03 0.094281044600775 0.549568193006261 0.356150762392964
2013-06-04 0.0940215853974174 0.543469034917165 0.362509379685417
2013-06-05 0.0953119897704172 0.547729725488948 0.356958284740634
2013-06-06 0.0942557601271106 0.550725329751439 0.35501891012145
2013-06-07 0.0953135535111042 0.551314989617495 0.353371456871401
2013-06-10 0.0943554692232389 0.538835895588731 0.36680863518803
2013-06-11 0.0946773236027054 0.542263534767678 0.363059141629617
2013-06-12 0.0944076312977437 0.538993050561216 0.36659931814104
2013-06-13 0.0952993336021238 0.552362993865045 0.352337672532831
2013-06-14 0.0950032270561451 0.543388467295738 0.361608305648117
2013-06-17 0.0944219669541488 0.537980800647259 0.367597232398592
2013-06-18 0.0943647500611227 0.541891285843642 0.363743964095236
2013-06-19 0.0944336119667637 0.535743721934382 0.369822666098854
2013-06-20 0.0935658738212539 0.535592598006817 0.370841528171929
2013-06-21 0.0911672291914266 0.538544725420217 0.370288045388357
2013-06-24 0.0904899849233263 0.5408542918882 0.368655723188474
2013-06-25 0.0915977795201002 0.543596671829063 0.364805548650837
2013-06-26 0.0927217960087231 0.546441295427824 0.360836908563453
2013-06-27 0.0914924941257398 0.542721659301001 0.365785846573259
2013-06-28 0.0903902699825664 0.534888132036573 0.374721597980861
2013-07-01 0.0982522904731646 0.569779836702141 0.331967872824695
2013-07-02 0.0973258615982677 0.566874927251529 0.335799211150203
2013-07-03 0.0964542302048897 0.569813599909467 0.333732169885644
2013-07-04 0.0982945265208658 0.56870089536668 0.333004578112454
2013-07-05 0.0946346140044976 0.569045147737062 0.336320238258441
2013-07-08 0.0960077832302752 0.575097777588351 0.328894439181374
2013-07-09 0.0959704707938274 0.570756180686269 0.333273348519904
2013-07-10 0.0961981699336937 0.571166986049365 0.332634844016941
2013-07-11 0.096104931054675 0.571558296388483 0.332336772556842
2013-07-12 0.0978376911942694 0.56701775029705 0.335144558508681
2013-07-15 0.0979985423715492 0.567204372544982 0.334797085083469
2013-07-16 0.0976224976841786 0.566773481075821 0.33560402124
2013-07-17 0.0983925295724221 0.566220499418629 0.335386971008949
2013-07-18 0.0987733302393528 0.563998262132785 0.337228407627862
2013-07-19 0.0992135916822784 0.568182882297051 0.332603526020671
2013-07-22 0.0994761910057961 0.568097238614008 0.332426570380196
2013-07-23 0.0988820075244267 0.565535909969739 0.335582082505835
2013-07-24 0.0998831547988468 0.564709291797926 0.335407553403227
2013-07-25 0.0995891145096903 0.568111376848804 0.332299508641506
2013-07-26 0.0999520873351937 0.574083467633226 0.32596444503158
2013-07-29 0.10123953160767 0.576361180671539 0.322399287720791
2013-07-30 0.100734552719326 0.572819794135107 0.326445653145567
2013-07-31 0.101330016261915 0.57555714764718 0.323112836090905
2013-08-01 0.107358336673109 0.567957744166159 0.324683919160732
2013-08-02 0.10618696270829 0.563742528084004 0.330070509207705
2013-08-05 0.107073650945113 0.566153191365221 0.326773157689667
2013-08-06 0.105773282817322 0.563048425775426 0.331178291407253
2013-08-07 0.106793571471647 0.569025517736499 0.324180910791854
2013-08-08 0.107756443664907 0.56989511581913 0.322348440515963
2013-08-09 0.108382415082623 0.567014780495566 0.32460280442181
2013-08-12 0.10871889752575 0.567816000576098 0.323465101898152
2013-08-13 0.108252292278946 0.563991832066325 0.327755875654729
2013-08-14 0.108718273159738 0.561956334020429 0.329325392819834
2013-08-15 0.109662165560952 0.563685992140283 0.326651842298765
2013-08-16 0.110304765839657 0.563718346032407 0.325976888127936
2013-08-19 0.110211358951775 0.560503898117224 0.329284742931001
2013-08-20 0.110570622664634 0.566060273646713 0.323369103688653
2013-08-21 0.110931048701329 0.563220229667871 0.3258487216308
2013-08-22 0.112333862677786 0.564444226638179 0.323221910684035
2013-08-23 0.111479932115469 0.562856015942068 0.325664051942462
2013-08-26 0.112474353330663 0.562549864649216 0.324975782020121
2013-08-27 0.11105916079169 0.562224478632568 0.326716360575743
2013-08-28 0.110048929882908 0.564988213613751 0.324962856503341
2013-08-29 0.10988391720192 0.562577369033839 0.327538713764241
2013-08-30 0.108749386958435 0.565313152004987 0.325937461036578
2013-09-02 0.111166699632581 0.574445518716943 0.314387781650475
2013-09-03 0.109156985075003 0.572642856208554 0.318200158716444
2013-09-04 0.108725338413977 0.574256932942932 0.317017728643091
2013-09-05 0.109188697271941 0.574092224732502 0.316719077995558
2013-09-06 0.110268814893632 0.576735916767727 0.312995268338641
2013-09-09 0.108643673309465 0.573110471337672 0.318245855352863
2013-09-10 0.109906077202125 0.571913077131146 0.318180845666729
2013-09-11 0.110440873220415 0.574161774790831 0.315397351988754
2013-09-12 0.110849643339704 0.574561192347629 0.314589164312668
2013-09-13 0.110620754737832 0.57394654955758 0.315432695704588
2013-09-16 0.111280723782778 0.575220723353873 0.313498552863349
2013-09-17 0.111409855534315 0.575580793158317 0.313009351307369
2013-09-18 0.110805207387436 0.575740529695264 0.3134542629173
2013-09-19 0.111117269911077 0.57091263216227 0.317970097926653
2013-09-20 0.112847056673204 0.56735362590213 0.319799317424665
2013-09-23 0.112728161438229 0.567913860141336 0.319357978420435
2013-09-24 0.113176472991222 0.566156179407267 0.320667347601511
2013-09-25 0.113458602635494 0.566361719863239 0.320179677501267
2013-09-26 0.112740633604378 0.564654437743809 0.322604928651814
2013-09-27 0.113231154765558 0.564269804505288 0.322499040729154
2013-09-30 0.113688675325622 0.565408903219097 0.320902421455281
2013-10-01 0.118713096035861 0.572197395546801 0.309089508417337
2013-10-02 0.119334514844083 0.575747316558115 0.304918168597802
2013-10-03 0.119476090332702 0.573022063015264 0.307501846652034
2013-10-04 0.120217439680175 0.57522865139896 0.304553908920865
2013-10-07 0.120529144453877 0.575579788103596 0.303891067442527
2013-10-08 0.12066234342733 0.571884125368722 0.307453531203948
2013-10-09 0.119668688105884 0.570636883550013 0.309694428344103
2013-10-10 0.119705235737075 0.573351646816097 0.306943117446827
2013-10-11 0.119173841385803 0.573396416475503 0.307429742138694
2013-10-14 0.119354787947294 0.575687528464414 0.304957683588292
2013-10-15 0.120903583053763 0.571814339373248 0.307282077572989
2013-10-16 0.120213344517024 0.57504094673677 0.304745708746206
2013-10-17 0.119474098932017 0.57388424927545 0.306641651792533
2013-10-18 0.120557676199474 0.573318993058928 0.306123330741598
2013-10-21 0.120718219505668 0.570230393287956 0.309051387206376
2013-10-22 0.121344155333369 0.571249024564627 0.307406820102005
2013-10-23 0.122308043276771 0.574196034828586 0.303495921894643
2013-10-24 0.122703509918611 0.572913555832138 0.304382934249251
2013-10-25 0.123609570572563 0.578247556545068 0.29814287288237
2013-10-28 0.122807433226501 0.574565711707336 0.302626855066163
2013-10-29 0.123075252207479 0.577234144753681 0.299690603038839
2013-10-30 0.12258162640532 0.574658065128919 0.302760308465761
2013-10-31 0.123642613251493 0.576374737706632 0.299982649041875
2013-11-01 0.123989720302603 0.569761705397434 0.306248574299964
2013-11-04 0.123273620176757 0.573237087732196 0.303489292091047
2013-11-05 0.122689143461724 0.570984762718284 0.306326093819992
2013-11-06 0.122056283023042 0.571003059747902 0.306940657229055
2013-11-07 0.12365789169942 0.569838309108533 0.306503799192047
2013-11-08 0.123010066919465 0.574444829916561 0.302545103163973
2013-11-11 0.122108211084034 0.57362016587966 0.304271623036306
2013-11-12 0.121181685124764 0.56950828403252 0.309310030842716
2013-11-13 0.121046976352607 0.571651045079063 0.30730197856833
2013-11-14 0.121326883900621 0.567847498277604 0.310825617821775
2013-11-15 0.120752692749978 0.565886520489693 0.313360786760329
2013-11-18 0.121790787010114 0.566361701532928 0.311847511456957
2013-11-19 0.121570051815587 0.566698485400095 0.311731462784318
2013-11-20 0.122108333808831 0.56584554911911 0.312046117072059
2013-11-21 0.120923560049339 0.564361280355059 0.314715159595602
2013-11-22 0.120547905765313 0.566352873222875 0.313099221011812
2013-11-25 0.122010269752871 0.563646977232513 0.314342753014616
2013-11-26 0.122061294831487 0.565701514248207 0.312237190920306
2013-11-27 0.122849028771015 0.565954098166722 0.311196873062264
2013-11-28 0.122785966591826 0.563479814735265 0.313734218672909
2013-11-29 0.12364917164864 0.564017705648687 0.312333122702673
2013-12-02 0.131073426847745 0.565616019860958 0.303310553291296
2013-12-03 0.129028164099591 0.565104466886596 0.305867369013813
2013-12-04 0.12897130101593 0.569415980649815 0.301612718334256
2013-12-05 0.129219598105002 0.570701371767561 0.300079030127437
2013-12-06 0.129189263597442 0.570879052675277 0.299931683727281
2013-12-09 0.129628260792675 0.567754767127022 0.302616972080303
2013-12-10 0.129118379951203 0.568291895330945 0.302589724717853
2013-12-11 0.129808434864794 0.567451952370155 0.30273961276505
2013-12-12 0.129942754932019 0.567408595157445 0.302648649910536
2013-12-13 0.129678392715298 0.567284722598824 0.303036884685878
2013-12-16 0.131594225676353 0.571764791650922 0.296640982672725
2013-12-17 0.130369070776927 0.570333293426366 0.299297635796707
2013-12-18 0.129425409442911 0.57045169648563 0.300122894071459
2013-12-19 0.130612536355037 0.566577382099057 0.302810081545906
2013-12-20 0.130839494451466 0.5688983054587 0.300262200089834
2013-12-23 0.131585583567473 0.569239922439634 0.299174493992893
2013-12-24 0.13133509325654 0.569809133885039 0.298855772858421
2013-12-25 0.13111503730791 0.568854401327378 0.300030561364712
2013-12-26 0.130127629797995 0.569000485194816 0.300871885007189
2013-12-27 0.13151982595087 0.568881256284048 0.299598917765082
2013-12-30 0.131390388564356 0.568731107363585 0.299878504072059
2013-12-31 0.131155815229389 0.56950105852606 0.299343126244551
2014-01-02 0.131376067863199 0.56637878795985 0.30224514417695
2014-01-03 0.131281831370408 0.567813742428842 0.30090442620075
2014-01-06 0.131065418331311 0.571048890503759 0.29788569116493
2014-01-07 0.131761597919358 0.572354524985114 0.295883877095528
2014-01-08 0.131365201231716 0.567902092394078 0.300732706374206
2014-01-09 0.131092349142891 0.57160675376697 0.29730089709014
2014-01-10 0.131551826513518 0.570888013817211 0.297560159669271
2014-01-13 0.133254355016556 0.566336278629927 0.300409366353517
2014-01-14 0.134005210048373 0.571973336663857 0.29402145328777
2014-01-15 0.134939223293901 0.567957527306155 0.297103249399944
2014-01-16 0.135154858908158 0.569395324808885 0.295449816282958
2014-01-17 0.135230421790513 0.570386889883547 0.294382688325939
2014-01-20 0.134832267725191 0.570291416820107 0.294876315454702
2014-01-21 0.134388474446444 0.568778330236261 0.296833195317294
2014-01-22 0.134524405596988 0.568512902714642 0.29696269168837
2014-01-23 0.134643975187766 0.567688854077339 0.297667170734895
2014-01-24 0.134366785677399 0.567389059889585 0.298244154433016
2014-01-27 0.134976302488609 0.568120996689161 0.29690270082223
2014-01-28 0.135373182753489 0.569497776255403 0.295129040991108
2014-01-29 0.134357092179032 0.56326363625099 0.302379271569978
2014-01-30 0.135236724461633 0.568918795821638 0.295844479716729
2014-01-31 0.134821767126826 0.567853849948559 0.297324382924615
2014-02-03 0.216400862358308 0.623912842723561 0.15968629491813
2014-02-04 0.216231851656642 0.629778029314206 0.153990119029152
2014-02-05 0.215678908427205 0.627971336255393 0.156349755317402
2014-02-06 0.216753693916173 0.628931745417874 0.154314560665953
2014-02-07 0.215852026742102 0.62856299098986 0.155584982268039
2014-02-10 0.216314803369404 0.627009794411439 0.156675402219157
2014-02-11 0.218054217897183 0.627158137837183 0.154787644265634
2014-02-12 0.21955324247367 0.624969464918536 0.155477292607795
2014-02-13 0.220132977009761 0.627417662974876 0.152449360015364
2014-02-14 0.220923603554542 0.629232633355216 0.149843763090241
2014-02-17 0.220647649113632 0.628813745342285 0.150538605544083
2014-02-18 0.220570520933606 0.624396939867252 0.155032539199142
2014-02-19 0.221954965949489 0.623888736803952 0.154156297246559
2014-02-20 0.22149459462555 0.627502258130996 0.151003147243455
2014-02-21 0.221035281847389 0.62402487790221 0.154939840250401
2014-02-24 0.221462551937032 0.625164386528846 0.153373061534121
2014-02-25 0.22099808051337 0.623502064742783 0.155499854743847
2014-02-26 0.220389694179798 0.624702629523596 0.154907676296606
2014-02-27 0.218304291186699 0.627299081754649 0.154396627058652
2014-02-28 0.219373938124583 0.627333517366337 0.153292544509079
2014-03-03 0.213124283502162 0.626938835152276 0.159936881345562
2014-03-04 0.214656410402725 0.626420476226581 0.158923113370693
2014-03-05 0.21352083691003 0.626048272998706 0.160430890091264
2014-03-06 0.212519931501206 0.62590918783253 0.161570880666264
2014-03-07 0.209153829883009 0.628185110076253 0.162661060040738
2014-03-10 0.209743854821506 0.629409620478013 0.160846524700482
2014-03-11 0.210803959975078 0.627085294530468 0.162110745494454
2014-03-12 0.209469773085316 0.631444210598235 0.159086016316449
2014-03-13 0.208257680630293 0.630228097328174 0.161514222041533
2014-03-14 0.210845547756743 0.631630796263331 0.157523655979927
2014-03-17 0.211292579099713 0.631761443585518 0.156945977314769
2014-03-18 0.211440516161423 0.631470410637908 0.157089073200669
2014-03-19 0.213002407819137 0.628893741303164 0.158103850877699
2014-03-20 0.212898155318889 0.631915286757971 0.15518655792314
2014-03-21 0.212933922965422 0.632631264861918 0.154434812172659
2014-03-24 0.209605206916611 0.632727193975274 0.157667599108115
2014-03-25 0.211746743725913 0.632290170559469 0.155963085714618
2014-03-26 0.214690628369036 0.628592486951903 0.156716884679061
2014-03-27 0.214234803155648 0.627671861217552 0.1580933356268
2014-03-28 0.215492232192512 0.626285517175687 0.158222250631801
2014-03-31 0.213574080104133 0.628608241744582 0.157817678151285
2014-04-01 0.200435196082136 0.63675544141406 0.162809362503804
2014-04-02 0.200444443741871 0.636159176978684 0.163396379279445
2014-04-03 0.200395335246329 0.635579348380822 0.164025316372849
2014-04-04 0.202352654810557 0.633045007554259 0.164602337635184
2014-04-07 0.200418367687894 0.634671959594337 0.164909672717769
2014-04-08 0.200583408590017 0.636289526529539 0.163127064880443
2014-04-09 0.200477255313731 0.639697921074639 0.159824823611631
2014-04-10 0.201939771441919 0.635710805898857 0.162349422659224
2014-04-11 0.202124691610787 0.63721270058284 0.160662607806373
2014-04-14 0.201668443644341 0.639069352535913 0.159262203819746
2014-04-15 0.197364735989803 0.642495466850542 0.160139797159654
2014-04-16 0.197395862712501 0.64012849383958 0.162475643447918
2014-04-17 0.199334353328383 0.638911477005026 0.161754169666591
2014-04-18 0.199134406839932 0.63827060349715 0.162594989662918
2014-04-21 0.198745244861784 0.639158624279329 0.162096130858888
2014-04-22 0.201757207324534 0.638541661326282 0.159701131349184
2014-04-23 0.200468944537249 0.638104785653224 0.161426269809526
2014-04-24 0.201056695066927 0.638702881485702 0.16024042344737
2014-04-25 0.199597265418133 0.638472284598312 0.161930449983554
2014-04-28 0.200045345632754 0.639850881272943 0.160103773094303
2014-04-29 0.201881767774704 0.63914822377263 0.158970008452666
2014-04-30 0.201877582767428 0.639709567523388 0.158412849709184
2014-05-01 0.198908535921836 0.637290830666854 0.16380063341131
2014-05-02 0.198952153069972 0.636959099033931 0.164088747896097
2014-05-05 0.198383537317608 0.637541353585761 0.164075109096631
2014-05-06 0.198307347650305 0.636303870630237 0.165388781719457
2014-05-07 0.199583952469265 0.639870720899473 0.160545326631262
2014-05-08 0.200591295810392 0.637854400167934 0.161554304021673
2014-05-09 0.199613830263403 0.638673308985929 0.161712860750668
2014-05-12 0.199244979232846 0.640385762983011 0.160369257784144
2014-05-13 0.199385881087356 0.638140385211665 0.162473733700979
2014-05-14 0.199987245256395 0.637386530949203 0.162626223794402
2014-05-15 0.199548282591714 0.637067264286117 0.163384453122169
2014-05-16 0.199021320645508 0.639400151818286 0.161578527536206
2014-05-19 0.199405433569865 0.639747897914732 0.160846668515403
2014-05-20 0.200119626742273 0.637287712525758 0.162592660731969
2014-05-21 0.199860397725165 0.639063317352128 0.161076284922707
2014-05-22 0.199297836797801 0.63669694219666 0.16400522100554
2014-05-23 0.199167331234705 0.636653696387833 0.164178972377462
2014-05-26 0.200900005471429 0.634090247646313 0.165009746882258
2014-05-27 0.200743180001461 0.634789972809243 0.164466847189296
2014-05-28 0.201077667518092 0.633920841636108 0.1650014908458
2014-05-29 0.200219694308319 0.634931150055018 0.164849155636663
2014-05-30 0.200046410623722 0.635362632572006 0.164590956804272
2014-06-02 0.200148273495042 0.634714065600819 0.165137660904139
2014-06-03 0.199503074218195 0.634683107251386 0.165813818530419
2014-06-04 0.199504336044764 0.634913425689454 0.165582238265782
2014-06-05 0.199171758431784 0.636138585764543 0.164689655803673
2014-06-06 0.199043746996103 0.636821070520701 0.164135182483196
2014-06-09 0.199521089067578 0.636146647962981 0.164332262969442
2014-06-10 0.19988056631098 0.637004131892273 0.163115301796747
2014-06-11 0.198519710996303 0.636466351242849 0.165013937760847
2014-06-12 0.198934425670963 0.635850508029456 0.165215066299582
2014-06-13 0.197939104812543 0.635610974875848 0.166449920311608
2014-06-16 0.197842641057897 0.637264140510659 0.164893218431444
2014-06-17 0.198132092730924 0.636664884368056 0.16520302290102
2014-06-18 0.197432893495996 0.636961497888658 0.165605608615347
2014-06-19 0.198021933165708 0.634667158738948 0.167310908095344
2014-06-20 0.198072871032528 0.634565438367694 0.167361690599779
2014-06-23 0.197004215840755 0.635412951590213 0.167582832569031
2014-06-24 0.198058141592904 0.633410161420309 0.168531696986788
2014-06-25 0.196907048941993 0.635658408849541 0.167434542208465
2014-06-26 0.19608356291626 0.63568941951489 0.16822701756885
2014-06-27 0.196655070878283 0.636950656071595 0.166394273050121
2014-06-30 0.1972116303202 0.635329428898479 0.167458940781321
2014-07-01 0.200701531427516 0.634887229297544 0.16441123927494
2014-07-02 0.200958195245628 0.634632120691461 0.164409684062911
2014-07-03 0.202009658593675 0.634874410269448 0.163115931136877
2014-07-04 0.20154202491509 0.634692519334263 0.163765455750646
2014-07-07 0.199586583613125 0.636786375176567 0.163627041210307
2014-07-08 0.198414151892586 0.637254655054044 0.164331193053369
2014-07-09 0.198463293906603 0.637554855923335 0.163981850170062
2014-07-10 0.196893256092653 0.638901096313527 0.16420564759382
2014-07-11 0.196899226033602 0.639293992708098 0.1638067812583
2014-07-14 0.197455072212007 0.638469179289129 0.164075748498864
2014-07-15 0.196310020788149 0.638741805173295 0.164948174038555
2014-07-16 0.197927720857467 0.638364017174636 0.163708261967897
2014-07-17 0.196829447067533 0.63821901465799 0.164951538274477
2014-07-18 0.19539328675683 0.641336242552756 0.163270470690413
2014-07-21 0.193917779169169 0.64196154246048 0.164120678370351
2014-07-22 0.195205849690467 0.640278911904112 0.164515238405421
2014-07-23 0.195458848653347 0.640211258197557 0.164329893149096
2014-07-24 0.195826130059222 0.640221329879797 0.163952540060981
2014-07-25 0.194001749987478 0.639478869077937 0.166519380934585
2014-07-28 0.192613353841776 0.64042749023067 0.166959155927554
2014-07-29 0.19388259014163 0.638094060176667 0.168023349681702
2014-07-30 0.193050521370012 0.638458337007648 0.16849114162234
2014-07-31 0.19218613419932 0.637334349198266 0.170479516602414
2014-08-01 0.190777834127795 0.638986790451111 0.170235375421093
2014-08-04 0.189770523240256 0.640527221176338 0.169702255583406
2014-08-05 0.191605627488817 0.63925597602157 0.169138396489613
2014-08-06 0.19058194357505 0.641638107352792 0.167779949072158
2014-08-07 0.188988269274627 0.641376664428399 0.169635066296974
2014-08-08 0.188095266318971 0.647323738785598 0.164580994895431
2014-08-11 0.190533491540276 0.642174612905572 0.167291895554152
2014-08-12 0.188481132006666 0.643596383076928 0.167922484916406
2014-08-13 0.189581811439563 0.64315758821908 0.167260600341357
2014-08-14 0.189415564200732 0.643048264091542 0.167536171707726
2014-08-15 0.187620464598602 0.644180394503461 0.168199140897937
2014-08-18 0.189205004589715 0.644089208338159 0.166705787072125
2014-08-19 0.189649955717367 0.64343421052123 0.166915833761402
2014-08-20 0.188514487601396 0.64507069102923 0.166414821369374
2014-08-21 0.188873402845174 0.644820178171728 0.166306418983098
2014-08-22 0.188021421022732 0.646350485600158 0.165628093377111
2014-08-25 0.189906740125121 0.644968924300963 0.165124335573916
2014-08-26 0.190663829092071 0.645538424372906 0.163797746535022
2014-08-27 0.1901377079738 0.645819529218183 0.164042762808017
2014-08-28 0.188689807564916 0.647288262007461 0.164021930427623
2014-08-29 0.188839699162558 0.647358779959031 0.163801520878411
2014-09-01 0.181503270022386 0.647164801567702 0.171331928409912
2014-09-02 0.181261501718246 0.646224029772263 0.172514468509491
2014-09-03 0.183035065842865 0.645197208833774 0.171767725323361
2014-09-04 0.18494431119689 0.644307541723035 0.170748147080075
2014-09-05 0.184137058519245 0.645486247849993 0.170376693630762
2014-09-08 0.182974566468371 0.646040249621149 0.170985183910479
2014-09-09 0.18277870782208 0.645345272870774 0.171876019307146
2014-09-10 0.181920097453325 0.647234451847624 0.170845450699051
2014-09-11 0.182126542430107 0.646310952938309 0.171562504631584
2014-09-12 0.181917759514111 0.646117610290478 0.171964630195411
2014-09-15 0.182338217119284 0.646701243802586 0.17096053907813
2014-09-16 0.181064159134524 0.648675708403725 0.170260132461752
2014-09-17 0.181380126492362 0.648676643174554 0.169943230333084
2014-09-18 0.182463178735819 0.647493732858864 0.170043088405316
2014-09-19 0.181482714248137 0.647855111213006 0.170662174538857
2014-09-22 0.181190947567554 0.648652426054581 0.170156626377865
2014-09-23 0.179764040074018 0.64870087256337 0.171535087362612
2014-09-24 0.179952853682148 0.649853142422181 0.170194003895672
2014-09-25 0.178648552969702 0.647097839456655 0.174253607573643
2014-09-26 0.176684657163997 0.651591653202224 0.171723689633778
2014-09-29 0.175101041355501 0.6521177912039 0.172781167440598
2014-09-30 0.176387165294691 0.652209200135211 0.171403634570098
2014-10-01 0.18268204381406 0.642033637674941 0.175284318510999
2014-10-02 0.18014468538318 0.647751047769278 0.172104266847541
2014-10-03 0.17870531055787 0.648960198526678 0.172334490915452
2014-10-06 0.177476135226934 0.649585601429414 0.172938263343652
2014-10-07 0.177916901834003 0.647483701167278 0.174599396998719
2014-10-08 0.175657933937872 0.652127194995604 0.172214871066524
2014-10-09 0.178622144032369 0.647669563109774 0.173708292857856
2014-10-10 0.176860445227615 0.649286534982296 0.173853019790089
2014-10-13 0.177609941756383 0.646501288709504 0.175888769534113
2014-10-14 0.179013861913854 0.648175605226062 0.172810532860084
2014-10-15 0.175805365481904 0.647682749779373 0.176511884738723
2014-10-16 0.176849143278146 0.649402190735619 0.173748665986235
2014-10-17 0.180891634679261 0.649327320166369 0.16978104515437
2014-10-20 0.17711386922023 0.648265680772258 0.174620450007511
2014-10-21 0.179213134390435 0.651391378256475 0.169395487353089
2014-10-22 0.180341398748799 0.645270447334481 0.17438815391672
2014-10-23 0.179848775289491 0.648362372958279 0.171788851752229
2014-10-24 0.177317801122619 0.650748376903543 0.171933821973837
2014-10-27 0.176072533945797 0.651662949603443 0.172264516450759
2014-10-28 0.177796364151413 0.652006936950972 0.170196698897616
2014-10-29 0.178069203111464 0.649625352871766 0.17230544401677
2014-10-30 0.177072682915373 0.651592616821592 0.171334700263036
2014-10-31 0.176564400843057 0.648165655370884 0.175269943786059
2014-11-03 0.185030642012895 0.637303491180175 0.177665866806929
2014-11-04 0.183241373306891 0.639339134584029 0.17741949210908
2014-11-05 0.185272043877679 0.638388509376102 0.176339446746219
2014-11-06 0.186233190368705 0.640165814818164 0.173600994813131
2014-11-07 0.184154653928963 0.641815711984071 0.174029634086966
2014-11-10 0.184810044297678 0.642289884906079 0.172900070796243
2014-11-11 0.184470217610771 0.639514641421947 0.176015140967282
2014-11-12 0.181703006029587 0.64228226210703 0.176014731863383
2014-11-13 0.182058161426185 0.640855477436561 0.177086361137255
2014-11-14 0.182042438437144 0.640146636448251 0.177810925114605
2014-11-17 0.184785483538928 0.642978155188322 0.172236361272749
2014-11-18 0.185990588777628 0.639309514856124 0.174699896366249
2014-11-19 0.18637814326562 0.639977536026199 0.173644320708181
2014-11-20 0.186986657826222 0.640518167841061 0.172495174332716
2014-11-21 0.19051056943976 0.638934622753795 0.170554807806446
2014-11-24 0.189345135878595 0.639463333280173 0.171191530841233
2014-11-25 0.19068672628533 0.638276673464371 0.171036600250299
2014-11-26 0.191942654033481 0.637516802435881 0.170540543530638
2014-11-27 0.193156105465133 0.63773251297629 0.169111381558577
2014-11-28 0.193309748588823 0.635321622300272 0.171368629110905
2014-12-01 0.184253042726261 0.641733178628015 0.174013778645724
2014-12-02 0.183100351009556 0.642788400467545 0.174111248522898
2014-12-03 0.183129062085483 0.642829041071471 0.174041896843045
2014-12-04 0.1802251329502 0.644482184411048 0.175292682638752
2014-12-05 0.183245028075325 0.64279205445103 0.173962917473645
2014-12-08 0.182679295700734 0.644160826455085 0.173159877844181
2014-12-09 0.179839163639292 0.646611228227921 0.173549608132787
2014-12-10 0.18284723641216 0.643880452592078 0.173272310995762
2014-12-11 0.183979747065748 0.643665573913239 0.172354679021013
2014-12-12 0.182085763741262 0.641113146708464 0.176801089550274
2014-12-15 0.17960165989939 0.644816871646641 0.175581468453968
2014-12-16 0.184325649253371 0.642537924276486 0.173136426470143
2014-12-17 0.182018611460469 0.64465212937759 0.173329259161941
2014-12-18 0.18238749155973 0.644482422155292 0.173130086284978
2014-12-19 0.179735212366101 0.645395793695101 0.174868993938799
2014-12-22 0.179068744268416 0.647931960708257 0.172999295023327
2014-12-23 0.179659939965869 0.647755365310805 0.172584694723326
2014-12-24 0.179079039781025 0.647622544010742 0.173298416208234
2014-12-25 0.179141249460925 0.647847519480837 0.173011231058239
2014-12-26 0.178802346007446 0.648473536049645 0.172724117942909
2014-12-29 0.178952432610473 0.648825177524901 0.172222389864626
2014-12-30 0.178052290817756 0.651406925318755 0.170540783863489
2014-12-31 0.178603409844787 0.649154626993636 0.172241963161577
2015-01-02 0.184893315952531 0.638657419278787 0.176449264768681
2015-01-05 0.18156623619114 0.639690193178691 0.178743570630169
2015-01-06 0.182515663696492 0.64175607181384 0.175728264489668
2015-01-07 0.181399656792371 0.643003192688076 0.175597150519553
2015-01-08 0.182754448494796 0.642226410705214 0.17501914079999
2015-01-09 0.180466192571227 0.643116712448163 0.17641709498061
2015-01-12 0.18349257803181 0.639578073551238 0.176929348416953
2015-01-13 0.186041581369466 0.637371287023578 0.176587131606956
2015-01-14 0.185554612053565 0.638364154120359 0.176081233826075
2015-01-15 0.188272358053022 0.631534586299384 0.180193055647594
2015-01-16 0.188677228380693 0.634755622426328 0.176567149192979
2015-01-19 0.189162418874454 0.631754035990039 0.179083545135506
2015-01-20 0.187362459821778 0.631928866032095 0.180708674146126
2015-01-21 0.188082357334605 0.633500301465591 0.178417341199804
2015-01-22 0.188066862979958 0.634746876770766 0.177186260249276
2015-01-23 0.191446975602553 0.629562106951126 0.178990917446321
2015-01-26 0.188925389375343 0.631682378727569 0.179392231897088
2015-01-27 0.188149330254764 0.627868353096101 0.183982316649135
2015-01-28 0.191633853600574 0.623373991444662 0.184992154954764
2015-01-29 0.1915332389239 0.626585558117705 0.181881202958395
2015-01-30 0.191842629768957 0.623787953725634 0.184369416505408
2015-02-02 0.274853242185141 0.617663834322755 0.107482923492104
2015-02-03 0.2740350452938 0.621054241942617 0.104910712763583
2015-02-04 0.274746617244321 0.618622893791724 0.106630488963954
2015-02-05 0.274183391738312 0.621217933204152 0.104598675057536
2015-02-06 0.272363018752728 0.621552161497819 0.106084819749453
2015-02-09 0.26895624107703 0.625034264395489 0.106009494527481
2015-02-10 0.269453307391536 0.6253202327967 0.105226459811764
2015-02-11 0.269396938748079 0.625444340291694 0.105158720960227
2015-02-12 0.27096202786577 0.623689726156302 0.105348245977927
2015-02-13 0.271976833291564 0.623338297775725 0.104684868932711
2015-02-16 0.27101292688092 0.623413327572241 0.10557374554684
2015-02-17 0.271040612037811 0.623015597534841 0.105943790427348
2015-02-18 0.271712035643673 0.621423000844006 0.106864963512321
2015-02-19 0.273056740425062 0.620053919872552 0.106889339702386
2015-02-20 0.272464653801177 0.620734928189065 0.106800418009757
2015-02-23 0.27362556601051 0.619110602558778 0.107263831430712
2015-02-24 0.273394887288827 0.619113976146301 0.107491136564872
2015-02-25 0.273021656998205 0.619687463883755 0.10729087911804
2015-02-26 0.275189501119434 0.616564683983695 0.108245814896871
2015-02-27 0.276620472987849 0.615018820705391 0.108360706306759
2015-03-02 0.271638325125836 0.617314785958966 0.111046888915198
2015-03-03 0.270135805122095 0.61841147274333 0.111452722134576
2015-03-04 0.273105803218461 0.615825375721324 0.111068821060215
2015-03-05 0.273719113049385 0.615172564421482 0.111108322529132
2015-03-06 0.275315006514164 0.611487763555249 0.113197229930587
2015-03-09 0.271318596709721 0.617173227646549 0.11150817564373
2015-03-10 0.273489624382343 0.614323742642343 0.112186632975314
2015-03-11 0.277521700721559 0.610854982744215 0.111623316534226
2015-03-12 0.271841440247523 0.615621374301092 0.112537185451385
2015-03-13 0.27353082818505 0.612055501310502 0.114413670504448
2015-03-16 0.274220390363123 0.612815254761105 0.112964354875771
2015-03-17 0.272846047626805 0.612266865531631 0.114887086841564
2015-03-18 0.270531238927556 0.614932841741512 0.114535919330933
2015-03-19 0.272113996781713 0.613122827435089 0.114763175783198
2015-03-20 0.274359891173029 0.611272146741366 0.114367962085604
2015-03-23 0.273672553068947 0.611402673625107 0.114924773305947
2015-03-24 0.276901877861978 0.607219406726998 0.115878715411024
2015-03-25 0.278615934190768 0.603826614334286 0.117557451474946
2015-03-26 0.279241222913839 0.604411000637207 0.116347776448955
2015-03-27 0.279753209764066 0.60466514320285 0.115581647033084
2015-03-30 0.279393898152437 0.605817951430826 0.114788150416737
2015-03-31 0.279035134800009 0.60646591010381 0.114498955096181
2015-04-01 0.291466304356846 0.587026970311731 0.121506725331423
2015-04-02 0.289459287385723 0.587389530833405 0.123151181780872
2015-04-03 0.289383193752265 0.587235116704703 0.123381689543032
2015-04-06 0.291948160778629 0.584841860120832 0.12320997910054
2015-04-07 0.294513366712034 0.581516932944741 0.123969700343225
2015-04-08 0.290873138163005 0.584603405402993 0.124523456434002
2015-04-09 0.291260759806001 0.583921244719762 0.124817995474236
2015-04-10 0.292111181190319 0.58417116093577 0.123717657873911
2015-04-13 0.289670960383707 0.585698061964151 0.124630977652141
2015-04-14 0.286875955945803 0.588426512538417 0.12469753151578
2015-04-15 0.286473112578277 0.588835428693441 0.124691458728282
2015-04-16 0.283128141359594 0.591226650190615 0.125645208449791
2015-04-17 0.282222802361535 0.591353450101173 0.126423747537292
2015-04-20 0.285574570807109 0.589693508066132 0.12473192112676
2015-04-21 0.285997093423557 0.587490694624476 0.126512211951967
2015-04-22 0.282785733781114 0.589890670693959 0.127323595524927
2015-04-23 0.280471518251843 0.591805459599552 0.127723022148605
2015-04-24 0.282254787357074 0.591484361393259 0.126260851249666
2015-04-27 0.288753703798485 0.585327227193706 0.12591906900781
2015-04-28 0.283889807893584 0.58944039190189 0.126669800204527
2015-04-29 0.278777581398936 0.592710763573395 0.128511655027669
2015-04-30 0.284142446994107 0.590397945379453 0.125459607626439
2015-05-01 0.290331610503026 0.588189078590537 0.121479310906437
2015-05-04 0.293469273051224 0.585487161446546 0.12104356550223
2015-05-05 0.289436921999626 0.589253499153953 0.121309578846421
2015-05-06 0.290270031964129 0.588049084466903 0.121680883568968
2015-05-07 0.292878521220691 0.587247036967012 0.119874441812297
2015-05-08 0.296668856354262 0.584930299927571 0.118400843718167
2015-05-11 0.294370025007666 0.585403793148725 0.120226181843609
2015-05-12 0.290379264809786 0.588589451266668 0.121031283923547
2015-05-13 0.288827677591802 0.589211827393523 0.121960495014675
2015-05-14 0.292251271669992 0.588044145312813 0.119704583017195
2015-05-15 0.291629836299687 0.587502516779145 0.120867646921168
2015-05-18 0.294978652607255 0.584210874573516 0.120810472819229
2015-05-19 0.298316778315457 0.581128511208618 0.120554710475925
2015-05-20 0.295236536507439 0.583114577027489 0.121648886465072
2015-05-21 0.293758563960166 0.584941666041795 0.121299769998039
2015-05-22 0.293401498044917 0.58474836626845 0.121850135686633
2015-05-25 0.29290741343697 0.583763657024562 0.123328929538468
2015-05-26 0.289068325352609 0.586790706570503 0.124140968076888
2015-05-27 0.289462415419667 0.587687190052842 0.122850394527492
2015-05-28 0.287706383668601 0.589333925676041 0.122959690655358
2015-05-29 0.284843574683032 0.591466461443792 0.123689963873175
2015-06-01 0.273407635520969 0.598706302701941 0.12788606177709
2015-06-02 0.270926799373039 0.600843878246575 0.128229322380386
2015-06-03 0.2735676232422 0.599584894164718 0.126847482593082
2015-06-04 0.276552693908764 0.595774348237262 0.127672957853974
2015-06-05 0.276320235264993 0.595894271325928 0.127785493409079
2015-06-08 0.272158616195963 0.599952182043445 0.127889201760592
2015-06-09 0.272419057876571 0.601263153796665 0.126317788326764
2015-06-10 0.276945500780042 0.598432516705898 0.12462198251406
2015-06-11 0.277270345301869 0.595752111153941 0.126977543544189
2015-06-12 0.275595305767891 0.596221700751216 0.128182993480894
2015-06-15 0.272738320501558 0.598049929207836 0.129211750290605
2015-06-16 0.272397515110946 0.599756109702162 0.127846375186891
2015-06-17 0.271457328864107 0.600938308937458 0.127604362198435
2015-06-18 0.27257229719594 0.602430218678631 0.124997484125429
2015-06-19 0.273792495414796 0.599326513127411 0.126880991457793
2015-06-22 0.279351196549753 0.593763224028207 0.12688557942204
2015-06-23 0.280271344031761 0.591496009153262 0.128232646814978
2015-06-24 0.278574778344614 0.59212201775544 0.129303203899946
2015-06-25 0.278610511882336 0.592346168086841 0.129043320030823
2015-06-26 0.278680451601997 0.592726317549244 0.128593230848759
2015-06-29 0.275241617445608 0.596669523395379 0.128088859159013
2015-06-30 0.270616089071195 0.599014642419125 0.130369268509679
2015-07-01 0.262009066718642 0.607161594325551 0.130829338955808
2015-07-02 0.259352514169766 0.60853338073432 0.132114105095914
2015-07-03 0.258641741238667 0.609113467395081 0.132244791366252
2015-07-06 0.256927998517959 0.6123998390073 0.130672162474741
2015-07-07 0.250637481385461 0.616526502138275 0.132836016476264
2015-07-08 0.254494887575977 0.615210702513434 0.130294409910589
2015-07-09 0.258605221108413 0.610533335499057 0.13086144339253
2015-07-10 0.262674941671076 0.608540607415337 0.128784450913587
2015-07-13 0.265303987013933 0.607348819303293 0.127347193682774
2015-07-14 0.263470266471284 0.608020220935547 0.12850951259317
2015-07-15 0.262589192963967 0.608631796278029 0.128779010758004
2015-07-16 0.264377578335441 0.607015720446125 0.128606701218434
2015-07-17 0.262590453887697 0.608340058198385 0.129069487913918
2015-07-20 0.262306703087492 0.609447712396142 0.128245584516366
2015-07-21 0.261389907972418 0.607574619564859 0.131035472462723
2015-07-22 0.261536326973424 0.608338060625568 0.130125612401008
2015-07-23 0.2632202103651 0.605446029710118 0.131333759924782
2015-07-24 0.262882823903886 0.605519207364662 0.131597968731452
2015-07-27 0.259617794001331 0.608327871605071 0.132054334393598
2015-07-28 0.261020613630033 0.608110414890566 0.130868971479401
2015-07-29 0.260920666782974 0.6091556290916 0.129923704125425
2015-07-30 0.261123349156053 0.607924598205291 0.130952052638656
2015-07-31 0.260911786348052 0.607908189464069 0.131180024187879
2015-08-03 0.252994969325877 0.613397654888659 0.133607375785464
2015-08-04 0.253438084512117 0.613045377783178 0.133516537704705
2015-08-05 0.255990158902651 0.610385805520929 0.133624035576419
2015-08-06 0.255022452643478 0.610577372067026 0.134400175289496
2015-08-07 0.254420086603459 0.610701043648385 0.134878869748156
2015-08-10 0.254840176680269 0.610940394443948 0.134219428875784
2015-08-11 0.251934260007185 0.612685113563904 0.135380626428911
2015-08-12 0.247160720159928 0.618663145656737 0.134176134183335
2015-08-13 0.249815413239174 0.615211209083325 0.134973377677501
2015-08-14 0.249114682777508 0.616466707780742 0.13441860944175
2015-08-17 0.247149874295568 0.617878381315633 0.134971744388799
2015-08-18 0.246859121127353 0.618340400578017 0.13480047829463
2015-08-19 0.24423391633276 0.62125181385317 0.13451426981407
2015-08-20 0.243248821045499 0.620664296064584 0.136086882889917
2015-08-21 0.245130937007329 0.618571419992937 0.136297642999734
2015-08-24 0.246592031238155 0.616958865491879 0.136449103269966
2015-08-25 0.26042144167145 0.606982687665873 0.132595870662676
2015-08-26 0.250961062259138 0.614871934752375 0.134167002988487
2015-08-27 0.251938407799527 0.615263923377885 0.132797668822588
2015-08-28 0.248442238790953 0.615692039943452 0.135865721265594
2015-08-31 0.247782331026981 0.618102057001653 0.134115611971365
2015-09-01 0.274150776379892 0.598406022882241 0.127443200737867
2015-09-02 0.272531338096602 0.601249502841524 0.126219159061874
2015-09-03 0.277300143424632 0.596731558681709 0.125968297893659
2015-09-04 0.274049201122727 0.600140072688476 0.125810726188797
2015-09-07 0.274821891178826 0.597630670110554 0.12754743871062
2015-09-08 0.274537816532775 0.603466824785088 0.121995358682137
2015-09-09 0.275510671875814 0.593708393826211 0.130780934297975
2015-09-10 0.274012094141006 0.59892314308449 0.127064762774504
2015-09-11 0.272254143593685 0.601325380562213 0.126420475844102
2015-09-14 0.275575619348574 0.599832286949531 0.124592093701895
2015-09-15 0.274037354063225 0.601953949975756 0.124008695961019
2015-09-16 0.272589382664946 0.60300987560501 0.124400741730044
2015-09-17 0.272432022682535 0.601559063029073 0.126008914288392
2015-09-18 0.270701623404217 0.603438829057306 0.125859547538477
2015-09-21 0.269807945474465 0.605155918975023 0.125036135550512
2015-09-22 0.263506570471619 0.609556382239216 0.126937047289165
2015-09-23 0.263450068402494 0.610194075571931 0.126355856025575
2015-09-24 0.260405508382939 0.613216682795934 0.126377808821127
2015-09-25 0.265117538558149 0.608042166057186 0.126840295384665
2015-09-28 0.264430129908108 0.60856394177515 0.127005928316741
2015-09-29 0.26450555813926 0.612730933842591 0.122763508018148
2015-09-30 0.26880409282562 0.609149880033586 0.122046027140794
2015-10-01 0.269104401643553 0.606335067289371 0.124560531067076
2015-10-02 0.270009648700246 0.605584094050146 0.124406257249609
2015-10-05 0.275369948852678 0.601137305807167 0.123492745340155
2015-10-06 0.277155452190185 0.599656091132011 0.123188456677804
2015-10-07 0.278519860671921 0.598524207576488 0.122955931751591
2015-10-08 0.278976468145744 0.59814541596249 0.122878115891766
2015-10-09 0.28105438388904 0.596421622325114 0.122523993785846
2015-10-12 0.281518993831234 0.596036192037674 0.122444814131092
2015-10-13 0.279775701373072 0.597482389486806 0.122741909140123
2015-10-14 0.277418749321746 0.599437665567072 0.123143585111182
2015-10-15 0.280417411923048 0.596950040392934 0.122632547684019
2015-10-16 0.281211052778072 0.596291653227493 0.122497293994435
2015-10-19 0.282406911191317 0.595299595137263 0.12229349367142
2015-10-20 0.282075195845693 0.595574778962233 0.122350025192074
2015-10-21 0.283875106889924 0.594081611967422 0.122043281142654
2015-10-22 0.288880774011669 0.589929019561726 0.121190206426605
2015-10-23 0.294756036855974 0.585055029487008 0.120188933657018
2015-10-26 0.294886959200031 0.584946419162262 0.120166621637708
2015-10-27 0.292779524284583 0.586694701261838 0.120525774453579
2015-10-28 0.295475912186997 0.584457836593444 0.120066251219559
2015-10-29 0.294877333936783 0.584954404070985 0.120168261992232
2015-10-30 0.295825118404167 0.584168142722442 0.12000673887339
2015-11-02 0.258508006614123 0.614305512137939 0.127186481247938
2015-11-03 0.25851641669597 0.614298544618826 0.127185038685204
2015-11-04 0.256657950367256 0.615838232329597 0.127503817303147
2015-11-05 0.257404840271978 0.615219454797913 0.127375704930109
2015-11-06 0.259161389667984 0.613764202433849 0.127074407898167
