time value.DAX value.Dow.Jones value.Nikkei value.mixed
2013-02-01 2.56062554717766 10.9668306469332 -0.624230387659284 87.0975829493088
2013-02-04 2.49683042462338 10.806351706585 -0.612801732964216 87.0983882563257
2013-02-05 2.50547007906397 10.922835383073 -0.604096909123072 87.0991935707885
2013-02-06 2.47818164254704 10.9818019794294 -0.629488798638659 87.0999988926974
2013-02-07 2.48134260464383 10.929063905916 -0.616750253262284 87.100800765703
2013-02-08 2.50137746016693 11.0121049311781 -0.608747192303288 87.1015853641861
2013-02-11 2.49536278952455 11.1011210642439 -0.608747192303288 87.1023699697368
2013-02-12 2.50400882837555 11.1238508043271 -0.629459043715142 87.103151125912
2013-02-13 2.52090889850564 11.06816137981 -0.61498655774862 87.1039322890927
2013-02-14 2.49452913445383 11.0269290670886 -0.620204933726023 87.1047134592791
2013-02-15 2.4822120128705 11.0895671279337 -0.616220612891188 87.105491179935
2013-02-18 2.49372500764903 11.0895671279337 -0.629228300303055 87.1062619944006
2013-02-19 2.53416741351554 11.1681907039281 -0.624967374712138 87.1070259024919
2013-02-20 2.52646915250152 11.0738548064653 -0.631902819462751 87.1077898172826
2013-02-21 2.47896278501672 11.0126384999376 -0.62238711875499 87.1085502821143
2013-02-22 2.5045711425714 11.2379318190609 -0.63544487082091 87.109303840208
2013-02-25 2.54094694607051 11.0977831165222 -0.652201208143319 87.1100401212286
2013-02-26 2.48338883416872 11.1767396185881 -0.633955262536539 87.1107660382296
2013-02-27 2.50912137015671 11.4371435315583 -0.644844444193095 87.1114919612799
2013-02-28 2.53065338904456 11.4088295572359 -0.663004680617406 87.1122144335744
2013-03-01 0.491642171944055 11.5063280560633 1.27850803765568 87.112926541359
2013-03-04 0.490591045216429 11.6269913092301 1.27640219412579 87.1136248275162
2013-03-05 0.501984423386428 11.7405647545368 1.28255217795534 87.114316205491
2013-03-06 0.505111020151694 11.7520592247556 1.31008184278734 87.115007588953
2013-03-07 0.506414721330174 11.7784883985752 1.31153229023574 87.1156989779021
2013-03-08 0.509393354990522 11.8403955507594 1.33504048251695 87.1163938293106
2013-03-11 0.50925429891979 11.9036241159449 1.32022145100941 87.1170886862614
2013-03-12 0.508095384245556 11.9040753366472 1.31445521523111 87.1177835487544
2013-03-13 0.508400902700025 11.8891809297316 1.30299540250164 87.1184853308997
2013-03-14 0.513979277346368 11.9793021993627 1.32503725936425 87.1191905757809
2013-03-15 0.512989378888714 11.9955749638889 1.34546184677415 87.1198958263713
2013-03-18 0.510938792520655 11.8428983210672 1.30932377515649 87.1206079969483
2013-03-19 0.506926254495079 11.9788133800104 1.35598809487308 87.121323630514
2013-03-20 0.510381976595536 12.0242134484168 1.35598809487308 87.1220496415443
2013-03-21 0.505951647526155 11.9716594142418 1.37040383753498 87.1227791158488
2013-03-22 0.50460204075585 12.0319050445766 1.33394814598936 87.1235224252738
2013-03-25 0.502022044775678 11.9195842496723 1.36482959657647 87.1242622837579
2013-03-26 0.50258141453364 12.0332127479786 1.3573521070141 87.1249986912129
2013-03-27 0.496804032463015 12.1007343796327 1.37512638497042 87.1257316475511
2013-03-28 0.497200770458939 12.1889053511019 1.35932412051106 87.1264611526851
2013-04-02 -0.970964790161764 12.4102499134715 2.66458716733153 87.1271872065281
2013-04-03 -0.962516364028104 12.2898467515966 2.75523711820509 87.1279132664215
2013-04-04 -0.955505372342538 12.3552230370388 2.81617046747475 87.1286393323654
2013-04-05 -0.936115077050096 12.2976445744712 2.81074690686853 87.1293654043598
2013-04-08 -0.936590561417322 12.202550179875 2.77583916620868 87.1300914824048
2013-04-09 -0.933518921895864 12.2413267478308 2.74139946555214 87.1308210240438
2013-04-10 -0.954679078796713 12.3014592383477 2.738471553517 87.1315505717913
2013-04-11 -0.962134997804391 12.326346455179 2.78002083288146 87.1322801256473
2013-04-12 -0.94662914757729 12.3196879563618 2.75797333899044 87.1330062279817
2013-04-15 -0.942700717112246 12.078128477473 2.74374646930063 87.1337323363669
2013-04-16 -0.939027784124107 12.2393003526449 2.75194755557221 87.1344584508031
2013-04-17 -0.91708167851078 12.1061725773533 2.79536954710729 87.1351845712902
2013-04-18 -0.913500416657981 12.0112120896155 2.74139258345267 87.1359037823374
2013-04-19 -0.911817332290797 12.0916171890448 2.77281148540783 87.136622999321
2013-04-22 -0.914035761787671 12.1070306711362 2.78589132933128 87.137342222241
2013-04-23 -0.936049069065752 12.2307903511332 2.77388372828525 87.1380579932664
2013-04-24 -0.948372092706938 12.2258314859025 2.86176178831416 87.1387703123119
2013-04-25 -0.957396208803636 12.2650782491113 2.87149614960714 87.1394826371803
2013-04-26 -0.95518386688129 12.2447451599303 2.8599716392581 87.1401984257877
2013-04-29 -0.962363578802537 12.3359712372023 2.8599716392581 87.1409142202748
2013-04-30 -0.967278369171683 12.3128640153965 2.89000035328397 87.1416300206416
2013-05-02 -0.910761972601201 11.3391768797368 3.80051090923513 87.1423458268882
2013-05-03 -0.929131170840792 11.4881133856143 3.80051090923513 87.143040890837
2013-05-06 -0.92796322522784 11.5043634897443 3.80051090923513 87.143739418387
2013-05-07 -0.935936367046369 11.5820635362762 3.88460376053978 87.1444379515363
2013-05-08 -0.943707087330826 11.6347905774917 3.92375025794834 87.1451399483976
2013-05-09 -0.945175872517251 11.5847046817502 3.89517137506899 87.1458419509139
2013-05-10 -0.947010736840594 11.6051811978867 3.99735681917784 87.1465439590851
2013-05-13 -0.947090834078816 11.7103461101679 3.98968342303101 87.1472459729115
2013-05-14 -0.953933844755716 11.8198789647551 3.98054833205716 87.1479479923929
2013-05-15 -0.956600290790259 11.8604330710264 4.07099003251911 87.1486500175295
2013-05-16 -0.957452539154957 11.9044856874032 4.05851548909174 87.1493485900415
2013-05-17 -0.960670394095116 12.0150223901391 4.09349615134928 87.1500402515383
2013-05-20 -0.967285736298357 12.0393162357724 4.1295768233348 87.1507284601895
2013-05-21 -0.969158359154962 12.0653395444993 4.15476327136689 87.1514132159131
2013-05-22 -0.975872007635879 11.9743454682503 4.2129725304699 87.1521014354064
2013-05-23 -0.955406092954149 11.9431154477161 3.88651891219965 87.1527896603344
2013-05-24 -0.950068508837249 11.9748788463558 3.9543514819003 87.1534813491412
2013-05-27 -0.958988798224204 11.9748788463558 3.84591435434808 87.1541765019091
2013-05-28 -0.970150135457 12.0086416094572 3.90179045866574 87.1548647432235
2013-05-29 -0.953644399730621 11.9533007229843 3.8807906135531 87.1555564484993
2013-05-30 -0.960922080472556 11.9777005233183 3.69198241808343 87.1562481592647
2013-05-31 -0.955046828193914 11.7306900830633 3.74010133574594 87.1569398755199
2013-06-03 0.545095793692198 11.4374671494167 2.53318164750638 87.157631597265
2013-06-04 0.545764197277753 11.3556527034798 2.58869407548662 87.1583233244998
2013-06-05 0.539199977964496 11.1539441555437 2.48429866102048 87.1590150572246
2013-06-06 0.53279434707184 11.2058959366286 2.46880736424495 87.1597067954394
2013-06-07 0.54304850251028 11.3069008780577 2.47684845732502 87.1604089152997
2013-06-10 0.546535906643224 11.2348677802736 2.6138170206408 87.1611144995623
2013-06-11 0.540928871566384 11.1522992810509 2.55185254493175 87.1618235483112
2013-06-12 0.535719223160953 11.0096400438545 2.55920921932744 87.1625429792358
2013-06-13 0.532569361537453 11.1114494393316 2.42230823170823 87.1632658749295
2013-06-14 0.534712024223194 11.0091004619029 2.50382516111496 87.1639887766187
2013-06-17 0.540486160196424 11.085062261754 2.58861686997723 87.1647151431919
2013-06-18 0.541392655285794 11.191145911858 2.56733399070306 87.165441515818
2013-06-19 0.539259211691262 11.0125498429413 2.59805598896812 87.1661748123895
2013-06-20 0.521588885705741 10.747445274378 2.54321585505983 87.1669150330804
2013-06-21 0.512428756129165 10.8962319482596 2.5604626104106 87.1676621780664
2013-06-24 0.50606125457568 10.887863751845 2.5363405321768 87.1684266246275
2013-06-25 0.513879983487506 10.9777508554096 2.5178056314025 87.169204914151
2013-06-26 0.522411894587673 11.0824188239824 2.501071943177 87.1699728333371
2013-06-27 0.525685427593544 11.2247699945674 2.58554069782085 87.1707303819106
2013-06-28 0.523611185687633 11.1534704065042 2.670422429345 87.1714844779115
2013-07-01 -0.729314473134689 11.8940366436109 3.18278185106061 87.1722524171795
2013-07-02 -0.722632381786305 11.8365859887707 3.22038282627295 87.1730169039964
2013-07-03 -0.715192075851025 11.8818556572354 3.19623097169979 87.1737848567643
2013-07-04 -0.730263590531404 11.8818556572354 3.19550267894074 87.1745528162976
2013-07-05 -0.713061858449008 12.0579634531511 3.27317226371883 87.1753034860579
2013-07-08 -0.727909552822786 12.2620395670079 3.2208179366976 87.1760541622824
2013-07-09 -0.736058697145464 12.3104943614057 3.30152109897979 87.176804844971
2013-07-10 -0.736856162654435 12.3035107746833 3.29095784212757 87.1775555341238
2013-07-11 -0.745289386582975 12.4649300392213 3.32886614076953 87.1783096891677
2013-07-12 -0.750219408760985 12.2272502721965 3.31934918447653 87.1790707696492
2013-07-15 -0.752232720466036 12.2439690048975 3.31934918447653 87.179828397288
2013-07-16 -0.749148836175529 12.2314448939648 3.32647312343066 87.180586031511
2013-07-17 -0.754051471881925 12.2032217081962 3.31989021267133 87.1813471318652
2013-07-18 -0.761575810686522 12.2292903902264 3.35842972628044 87.182108238864
2013-07-19 -0.761071612922534 12.2572358905138 3.29548902176438 87.1828693525073
2013-07-22 -0.761024957703509 12.2222869991189 3.28483946509071 87.183633932433
2013-07-23 -0.759487654342622 12.2155683325853 3.32920759875888 87.184408898068
2013-07-24 -0.765414296662368 12.1696839503588 3.31982985538276 87.1851873302903
2013-07-25 -0.758094598572529 12.1617218071524 3.26723143739056 87.1859657694629
2013-07-26 -0.753155387981355 12.1651594780836 3.1724999170291 87.1867476753464
2013-07-29 -0.754445231290289 12.0787602203095 3.10320404676132 87.1875295882422
2013-07-30 -0.755540425063144 12.0822358113151 3.16248738979572 87.188314967973
2013-07-31 -0.755992615168121 12.0758563882588 3.11366812527797 87.1891038146322
2013-08-01 0.437697066969686 11.6143633299624 2.38147150143663 87.1898926684287
2013-08-02 0.437499832144469 11.650082769288 2.44658417459075 87.1906815293623
2013-08-05 0.437054338577963 11.5911974635729 2.39963919180664 87.1914669374856
2013-08-06 0.431920591952123 11.5322804390684 2.43296877111043 87.1922558126627
2013-08-07 0.429878009569786 11.4887659308996 2.34765515280434 87.193041234967
2013-08-08 0.432888013246446 11.483354331075 2.32972484461094 87.1938266643464
2013-08-09 0.433928260538848 11.3866248222238 2.3380733190215 87.1946121008009
2013-08-12 0.4350180071222 11.3959711555597 2.32850070660873 87.1953940842269
2013-08-13 0.437958793172176 11.4448599729843 2.38557668688868 87.1961726145312
2013-08-14 0.439122432892315 11.3848462292254 2.39306802459235 87.1969546119523
2013-08-15 0.435904776127441 11.2386351441117 2.33596681383842 87.1977366163865
2013-08-16 0.436719227412366 11.1946810664888 2.32188974058612 87.198518627834
2013-08-19 0.435384372972706 11.1062293353789 2.34026391005025 87.1993006462947
2013-08-20 0.431936193846863 11.0913405181911 2.27261103796882 87.200079211479
2013-08-21 0.431175358345923 10.9804611525068 2.2785763368125 87.2008543232942
2013-08-22 0.437028826593907 11.014427963546 2.26228299881447 87.2016294419993
2013-08-23 0.438022827115076 11.0927412001356 2.30205988750055 87.2024080279765
2013-08-26 0.438967887414405 11.0123952519725 2.28179692432717 87.2031866209053
2013-08-27 0.428945400332257 10.8917809452115 2.27020594922964 87.2039652207859
2013-08-28 0.424539684501652 10.9323462216971 2.25534476319289 87.2047438276182
2013-08-29 0.426446957015846 10.9510223325174 2.28686365897874 87.2055224414024
2013-08-30 0.421690477229475 10.9950595502448 2.27377769326492 87.2062976016019
2013-09-02 0.854951184053364 10.774600022823 2.0609765138628 87.207076229259
2013-09-03 0.848401001991926 10.8547342059033 2.10809806892937 87.2078548638682
2013-09-04 0.849978389066419 10.9488641774985 2.11252298717203 87.2086335054295
2013-09-05 0.854029260857637 10.9512183163431 2.11159229410844 87.209412153943
2013-09-06 0.858249062422572 10.9477112569129 2.07653464106552 87.2101908094086
2013-09-09 0.858316512745382 11.0424915581877 2.14312035346583 87.2109694718266
2013-09-10 0.87596957557661 11.1168833289673 2.16163381062935 87.2117481411969
2013-09-11 0.881070992238413 11.1712315187106 2.14476587811234 87.2125233567359
2013-09-12 0.880891529619579 11.1355104144678 2.13094711277618 87.2132985791658
2013-09-13 0.882490691225088 11.1668496963706 2.14496890592761 87.2140703476413
2013-09-16 0.893232722464497 11.2606876527874 2.14496890592761 87.2148421229463
2013-09-17 0.891568237265939 11.2337039860771 2.13515332509868 87.2156104441746
2013-09-18 0.895624172887109 11.3495369812414 2.15963617709677 87.2163787721713
2013-09-19 0.901651665193054 11.2982865324621 2.19929904112695 87.2171436459693
2013-09-20 0.899738342760137 11.0322865276332 2.17342321978988 87.2179085264751
2013-09-23 0.895544366748696 11.0032975176094 2.1625852207034 87.2186734136888
2013-09-24 0.898583989064424 10.9628753953044 2.17019139797915 87.2194383076104
2013-09-25 0.898690836208265 10.940885682288 2.16175973462905 87.22020320824
2013-09-26 0.898532135312975 10.9754312562514 2.19161830164251 87.2209681155776
2013-09-27 0.898263549162546 10.9171771246199 2.18075584473243 87.221743413072
2013-09-30 0.891303803460219 10.8107768240362 2.14448160566769 87.2225221786382
2013-10-01 1.88314432576386 9.46836598756278 2.4950519198375 87.2233009511577
2013-10-02 1.87020163319487 9.4123586683034 2.43173369059224 87.2240797306305
2013-10-03 1.86337271347982 9.32254006315322 2.44048872881765 87.2248550557836
2013-10-04 1.86880372170922 9.32783619773559 2.40918828667969 87.2256338491323
2013-10-07 1.86200083422016 9.27550401741745 2.38899962216743 87.2264126494346
2013-10-08 1.85426586465341 9.16753284568316 2.40430789340543 87.2271983794215
2013-10-09 1.84577045682922 9.18123672360971 2.43075339835296 87.227987577883
2013-10-10 1.88241394082786 9.40518264950271 2.45623679536436 87.2287733220569
2013-10-11 1.89087929533061 9.49034560098263 2.4822132978607 87.2295590733086
2013-10-14 1.89065812684588 9.51270802148285 2.45823325476746 87.2303448316384
2013-10-15 1.90813276215404 9.41387969978384 2.46783998297268 87.231123674003
2013-10-16 1.91713971469447 9.56630096027989 2.47314187986247 87.2319025233215
2013-10-17 1.9097668688935 9.56918788791656 2.49429654854617 87.2326779180106
2013-10-18 1.92127905665117 9.53094789767848 2.48257489625411 87.2334533195921
2013-10-21 1.92173853691543 9.46925964286992 2.50358605707601 87.2342252664211
2013-10-22 1.93912851422922 9.52264044617792 2.4998363404704 87.2349972200812
2013-10-23 1.93314701903095 9.46704061848455 2.44102976285453 87.2357657188662
2013-10-24 1.94631722944508 9.47959809804393 2.45689892163367 87.2365446096316
2013-10-25 1.94742476469922 9.50312808049785 2.39025024750072 87.2373338926542
2013-10-28 1.9458882261975 9.49679638300265 2.4401192420039 87.238126644617
2013-10-29 1.95529180039911 9.56614683724005 2.42283768059637 87.2389159419533
2013-10-30 1.95274084987357 9.54933049042356 2.45430493316261 87.2397052464308
2013-10-31 1.95786645510239 9.52059329318666 2.41724892038899 87.2405014818358
2013-11-01 2.95210556460265 9.11386851078292 1.82973459329246 87.2412838768095
2013-11-04 2.96174085491353 9.25282793689763 1.82973459329246 87.2420697407555
2013-11-05 2.95252514445339 9.23156407501823 1.84986179759595 87.2428556117806
2013-11-06 2.96293366439384 9.31244075441866 1.86975208925525 87.2436449519027
2013-11-07 2.97609521595246 9.21382428951457 1.85109482384989 87.2444342991666
2013-11-08 2.97519396779032 9.33439670978816 1.83625325423355 87.2451855706842
2013-11-11 2.98488814663929 9.42043381208172 1.86643325576162 87.2459403107815
2013-11-12 2.97460412413679 9.3919448396619 1.90525896116409 87.246695057408
2013-11-13 2.96750871501012 9.41526088927941 1.89047628728788 87.2474498105637
2013-11-14 2.99858705446939 9.42876114762486 1.92772129127585 87.2482011080482
2013-11-15 3.00482378154848 9.4605161612187 1.956746893013 87.2489558742324
2013-11-18 3.0234187459098 9.44584993380742 1.94264733953609 87.2497106469459
2013-11-19 3.01288572787597 9.43564101436735 1.9386727957233 87.2504654261888
2013-11-20 3.01576325693209 9.38886606359432 1.93392017260719 87.2512236742811
2013-11-21 3.01380009788362 9.44983068907204 1.96828961696387 87.2519750042628
2013-11-22 3.02132468793963 9.53648075787502 1.96918961577827 87.252747114994
2013-11-25 3.04784109862813 9.45946152677246 1.97045810914618 87.2535330822002
2013-11-26 3.04460319812053 9.47989150651228 1.9543627572009 87.2543294438116
2013-11-27 3.06461404399135 9.48524533588373 1.94808142318312 87.2551258126914
2013-11-28 3.07649093282334 9.48524533588373 1.97258903967037 87.2559325763547
2013-11-29 3.08236696858979 9.44602667229993 1.95379500233311 87.2567428100143
2013-12-02 2.80680934958103 9.3813577546699 2.29402153897191 87.2575599763359
2013-12-03 2.75350315889184 9.34061641097414 2.3053980317516 87.2583875381151
2013-12-04 2.72879330725583 9.33153195945057 2.25392219723025 87.2592151077429
2013-12-05 2.7121709998318 9.27776428355873 2.22451858708469 87.2600461478868
2013-12-06 2.73828081494132 9.372196912074 2.24535810933695 87.2609048975473
2013-12-09 2.74507539014352 9.31238896551512 2.26339093965019 87.2617878947992
2013-12-10 2.72097485218415 9.27584874018816 2.25217609945593 87.262688214833
2013-12-11 2.70983053627709 9.17516851497231 2.2321335717241 87.2636127837915
2013-12-12 2.69188552282244 9.10429167877827 2.21439436234034 87.2645719909638
2013-12-13 2.68873895762403 9.11019859986838 2.21915799255154 87.2655485230789
2013-12-16 2.73563860973761 9.20629816476241 2.17803448753293 87.2665527694707
2013-12-17 2.71222172740991 9.1902025052027 2.19920450481082 87.2675847310868
2013-12-18 2.74106908053398 9.35761224594586 2.24497375564575 87.2686167049062
2013-12-19 2.78704047695858 9.36404263629974 2.28213038150978 87.2696313757274
2013-12-20 2.80627787668368 9.45087874685534 2.27459555973614 87.2706425952656
2013-12-23 2.83274016042323 9.49160192257959 2.27475539358898 87.2716607527625
2013-12-24 2.83274016042323 9.51921411459924 2.27666594688291 87.272678922138
2013-12-27 2.86276357615111 9.59094980632658 2.30327719241831 87.2736936401905
2013-12-30 2.85164928863455 9.56060189936197 2.29873845321119 87.2746910538321
2013-12-31 2.85164928863455 9.59066746249399 2.29873845321119 87.2756850155914
2014-01-02 2.91715249971165 9.6666936750567 2.15720902957137 87.2766685987082
2014-01-03 2.9280484374606 9.73436512819072 2.15720902957137 87.2776383394704
2014-01-06 2.92582942765926 9.79856054344151 2.13747257519844 87.2786080910075
2014-01-07 2.95009761091972 9.85010264431289 2.12940787908774 87.2795778533197
2014-01-08 2.9475031093307 9.79434748563081 2.16892543690744 87.2805510898822
2014-01-09 2.92384650231446 9.7994720202018 2.1313926596531 87.2815278008111
2014-01-10 2.93986901271986 9.80641178025237 2.13744970487832 87.2825045226698
2014-01-13 2.95132955237882 9.6413706798036 2.13865035068923 87.2834812554585
2014-01-14 2.96074503905742 9.71366704522626 2.08808594125148 87.2844579991774
2014-01-15 3.02073255018427 9.77277796307828 2.1378217638975 87.2854624631781
2014-01-16 3.01573629331261 9.76570719453471 2.1190219061215 87.2865015758265
2014-01-17 3.02357222808652 9.80265193980939 2.11567149646672 87.2875476283454
2014-01-20 3.01517472212493 9.80265193980939 2.11957387987081 87.2885936934003
2014-01-21 3.01958758729083 9.82328517663749 2.14381891144302 87.2896397709914
2014-01-22 3.01648121637431 9.79868895566928 2.14038282586241 87.2906823972442
2014-01-23 2.98883966536601 9.68621630456996 2.12391267002818 87.2917215720346
2014-01-24 2.91466346297733 9.46031394931333 2.07949773696963 87.2927607591962
2014-01-27 2.90138122644347 9.38677077511418 2.05140514715851 87.2937999587291
2014-01-28 2.91928453094734 9.43982452876392 2.0457179502477 87.294842634673
2014-01-29 2.89750538442119 9.33691645384626 2.0960695799133 87.2958818589901
2014-01-30 2.9089101607753 9.40619656544697 2.04545136844415 87.2969141674343
2014-01-31 2.88811777939503 9.35017118495762 2.04727146911383 87.2979395597594
2014-02-03 6.60876163879458 7.23795345120221 0.438845343469682 87.2989441789052
2014-02-04 6.56659818528352 7.26505723161876 0.420820006363382 87.2999418811244
2014-02-05 6.55826047738791 7.25356596588572 0.427819858496413 87.3009361304624
2014-02-06 6.65916303987408 7.33985391533668 0.426621556918819 87.301926926801
2014-02-07 6.69178042241215 7.40227332554195 0.434046216406332 87.3029350561953
2014-02-10 6.68310479468095 7.35863250003457 0.435587689436085 87.3039431972311
2014-02-11 6.81900563625414 7.45013905502659 0.435587689436085 87.3049513499085
2014-02-12 6.86305469893637 7.42108084908824 0.437348179705917 87.3059595142277
2014-02-13 6.90389457278186 7.47474779777335 0.430246551774508 87.3069572966221
2014-02-14 6.95110926692423 7.52062604038211 0.424261298577308 87.307951625858
2014-02-17 6.94705141389371 7.52062604038211 0.426512580883136 87.3089459664182
2014-02-18 6.94922435988527 7.47274890690437 0.439536022283972 87.3099437829435
2014-02-19 6.94941826060426 7.42030043446522 0.434337776790638 87.3109381461921
2014-02-20 6.91977893159431 7.44689345484459 0.424519687621051 87.3119290560457
2014-02-21 6.94718840809112 7.45040941378362 0.438221143940747 87.3129234419044
2014-02-24 6.98459006706549 7.48972049912732 0.435283753274828 87.3139213038866
2014-02-25 6.97769045185263 7.478110062266 0.441810399362669 87.314922642111
2014-02-26 6.95062732653324 7.48405231218596 0.439631102156738 87.3159205269413
2014-02-27 6.8978232491374 7.52931037606874 0.439005889442494 87.3169114933409
2014-02-28 6.97246076748276 7.57408716298783 0.438434609705947 87.3179024709872
2014-03-03 6.79973766623112 7.81091741262127 0.374327461324147 87.3189003898726
2014-03-04 6.96703450443735 7.93940023379543 0.37838595446252 87.319894855127
2014-03-05 6.93279139483381 7.93767554550822 0.382119944970466 87.3208858666321
2014-03-06 6.93340939139966 7.97399860599845 0.386682139801794 87.3218803544989
2014-03-07 6.79382377332532 7.96808109686824 0.387592975915417 87.3229164355396
2014-03-10 6.73188505432674 7.88857347091069 0.378706685575908 87.3239802504343
2014-03-11 6.76261104660896 7.85560997174815 0.381497144452976 87.325033682577
2014-03-12 6.67607876256566 7.85873649136021 0.371942615031349 87.3260871274278
2014-03-13 6.55191041893051 7.74252001074357 0.37275333466839 87.3271405849868
2014-03-14 6.57997001511297 7.69733570533089 0.360619416586248 87.3281905898914
2014-03-17 6.67041107406985 7.78823636568287 0.363464824692226 87.3292475382299
2014-03-18 6.71521050090659 7.83144816078027 0.365983277460641 87.3303183611462
2014-03-19 6.74027661006144 7.77120080480361 0.367011352976458 87.3313995936592
2014-03-20 6.75413221940083 7.82842099252907 0.361156640119004 87.3324843050907
2014-03-21 6.78814969987394 7.87544057137743 0.361156640119004 87.3335759611445
2014-03-24 6.6761362337048 7.86968366158868 0.368391347855876 87.3346849589345
2014-03-25 6.78485111688434 7.91147871098739 0.366597285395389 87.3357870394827
2014-03-26 6.86490259691301 7.84888796517476 0.367604590688572 87.3368787368207
2014-03-27 6.86681334863309 7.85625423203493 0.371725731348564 87.3379635163066
2014-03-28 6.9656104871514 7.90528598586466 0.375179385033404 87.3390379118896
2014-03-31 6.9428836824419 7.97974599191086 0.376349062438495 87.3401227181938
2014-04-01 6.69151405464532 8.27537348428605 0.33209119785989 87.341207537972
2014-04-02 6.70520572880976 8.28415871735623 0.3339551102964 87.3423131667499
2014-04-03 6.70901002935883 8.2833333637916 0.33551295729396 87.3434188095238
2014-04-04 6.7556577979509 8.22730984744007 0.335754865160157 87.3445452623457
2014-04-07 6.62681235571327 8.16922754755409 0.33315080125204 87.3456786618021
2014-04-08 6.61283558057843 8.16604975210964 0.328583929721239 87.3468120759657
2014-04-09 6.6236769202026 8.22760629378994 0.322630816006208 87.3479455048366
2014-04-10 6.58757790563136 8.07287126341446 0.323580418337992 87.3490789484152
2014-04-11 6.49055359566226 7.96546846915913 0.3152134655952 87.3502158729349
2014-04-14 6.5071922252509 8.02727626230684 0.313975665944022 87.3513528122526
2014-04-15 6.39190577251454 8.10019368151235 0.316874768874373 87.352486300045
2014-04-16 6.49231659739913 8.19583738097399 0.326495717639306 87.3536198025458
2014-04-17 6.55634194596306 8.18059068805403 0.325059234965709 87.3547567861686
2014-04-18 6.55634194596306 8.18059068805403 0.32707701816085 87.3558937845903
2014-04-22 6.68899168944652 8.24110344714772 0.323494700901556 87.3570342643147
2014-04-23 6.6500430210729 8.24012656143169 0.327174270014551 87.3581851585756
2014-04-24 6.65317097195063 8.22760719681079 0.32397373906993 87.3593534009724
2014-04-25 6.55065624754195 8.1571190764872 0.32470301815854 87.3605459254791
2014-04-28 6.58187859872336 8.19529739446597 0.321847813341887 87.3617419329531
2014-04-29 6.6778645674173 8.23012864389498 0.321279699571249 87.3629448902726
2014-04-30 6.69117996214668 8.25395297104342 0.320798700926044 87.3641201298884
2014-05-02 6.78217989416693 8.3494337228121 0.0531698338492745 87.3652849848235
2014-05-05 6.76335822585959 8.35776075836995 0.0531698338492745 87.3664498552899
2014-05-06 6.71937654131584 8.29047763590751 0.0532674689704046 87.3676182082106
2014-05-07 6.7575383133451 8.33067036238605 0.0516685657572244 87.3687900437247
2014-05-08 6.81864635747904 8.33743484057196 0.0521999943595041 87.3699618949562
2014-05-09 6.80022876247623 8.36635860302659 0.0523652637346158 87.3711268277815
2014-05-12 6.8861128483449 8.51046385224874 0.0526833895492566 87.372288309031
2014-05-13 6.92299724737959 8.52002367219436 0.0536227099711651 87.3734498057208
2014-05-14 6.92296882984841 8.4843343343679 0.0535114225319217 87.3745870474484
2014-05-15 6.85317423557969 8.41305799397525 0.0533359884920816 87.3757000332596
2014-05-16 6.83404691202598 8.44259392845979 0.0527385079159567 87.3768026313791
2014-05-19 6.85554461751234 8.45743473746412 0.0525633316057049 87.3779052434123
2014-05-20 6.84113033582671 8.37719335433779 0.0528329619503786 87.3790078693594
2014-05-21 6.88285530501389 8.46273216032191 0.0527277618764811 87.3801139766416
2014-05-22 6.89920747850618 8.4752828101852 0.0539659883207772 87.3812166304608
2014-05-23 6.93263541645972 8.52134868404031 0.0543204840139265 87.3823158306859
2014-05-26 7.0212170244101 8.52134868404031 0.0548160689106021 87.3834150447382
2014-05-27 7.0552839948536 8.57884008818017 0.0549437007442048 87.3845108050221
2014-05-28 7.05411266595047 8.55142315826197 0.0550214791916729 87.3855996437678
2014-05-29 7.05392137210441 8.60152129540034 0.0552047424370164 87.3866746253508
2014-05-30 7.05702227550532 8.618609589479 0.0551902721130887 87.3877530878828
2014-06-02 6.84571668865852 8.5682961179041 0.316809330534782 87.3888246281886
2014-06-03 6.82481522519807 8.56934278864584 0.318160886240328 87.3898892460124
2014-06-04 6.82958287425466 8.57838674303342 0.317936471858662 87.3909330696895
2014-06-05 6.84414113399027 8.62764384693897 0.317425843447033 87.391945694787
2014-06-06 6.87122119085285 8.67665013316993 0.317813129016313 87.3928716332592
2014-06-09 6.88597160788018 8.66528667318989 0.31811490510864 87.3937871776287
2014-06-10 6.89984858323533 8.67881656697956 0.315826417788009 87.3946992635822
2014-06-11 6.84550303125986 8.66216499920239 0.319159019576992 87.3955940188366
2014-06-12 6.83785974324486 8.62610097331996 0.318525828752515 87.3964332939855
2014-06-13 6.82008856119332 8.6436877681005 0.321682003746734 87.3972448322946
2014-06-16 6.80021238451228 8.64512600909996 0.317899710250104 87.3980182285485
2014-06-17 6.82521432084703 8.65608742977361 0.319200981342313 87.3987708225944
2014-06-18 6.83210107410729 8.69955873781727 0.321436044218196 87.3995199549157
2014-06-19 6.88278623253326 8.70655368724502 0.326182008919739 87.4002552207185
2014-06-20 6.87125545617528 8.6883395171625 0.325650623333736 87.4009904927069
2014-06-23 6.82562685457882 8.68905119617482 0.32567266692844 87.4017223025876
2014-06-24 6.8374331006269 8.63047477531719 0.326337322260499 87.4024541185958
2014-06-25 6.78904576630149 8.65008829091968 0.323800334729226 87.4031755356774
2014-06-26 6.74580502024538 8.63151140282322 0.324618376640191 87.4039004270935
2014-06-27 6.75287049271453 8.63253467730782 0.320484040600445 87.4046183877042
2014-06-30 6.7651860222876 8.60192126548957 0.322210968859478 87.4053363542124
2014-07-01 6.56319585077735 8.54837975070349 0.577742655155814 87.4060508581524
2014-07-02 6.5690677357351 8.5416663900979 0.577515527289256 87.4067618994391
2014-07-03 6.64738283679963 8.60179160879252 0.576783978897525 87.4074764150325
2014-07-04 6.63389536518283 8.60179160879252 0.579246675648786 87.4081839993653
2014-07-07 6.56562175722779 8.62503399727675 0.578412733134108 87.4088881208475
2014-07-08 6.47720561687942 8.56545806447025 0.576465471323865 87.4095922480019
2014-07-09 6.50075464551557 8.59851940147223 0.577188426637489 87.4102963808283
2014-07-10 6.40195267329069 8.5533804418623 0.57373052959521 87.4109970506643
2014-07-11 6.40673134690388 8.56476922076839 0.572746749422723 87.4117011948073
2014-07-14 6.48405873851035 8.63259012854021 0.578976974537939 87.4124053446224
2014-07-15 6.44190569799929 8.63017839188655 0.581644543834485 87.4131060313637
2014-07-16 6.53460277428996 8.67767749933076 0.580793061111997 87.4138032549475
2014-07-17 6.46475180977004 8.63085977654346 0.582178826283073 87.4145004840925
2014-07-18 6.44230958426622 8.70643322243803 0.57846601570998 87.4152011876281
2014-07-21 6.370748575731 8.683691509337 0.57939453258913 87.4159088344949
2014-07-22 6.45179443908572 8.71323505140982 0.584294875470758 87.4166234248607
2014-07-23 6.46453951024705 8.718225592663 0.584032591205176 87.4173449588953
2014-07-24 6.49138241291105 8.73814465715659 0.584013592128332 87.4180699678277
2014-07-28 6.36154915972219 8.70901417870437 0.592549978864349 87.4187949827731
2014-07-29 6.39830734083015 8.6702880101414 0.595846201726539 87.4195200037315
2014-07-30 6.35857308776663 8.65852247982061 0.596353831529747 87.420245030703
2014-07-31 6.23516253192146 8.51364605267813 0.594341676765095 87.4209700636876
2014-08-01 5.70433227451077 8.57117062344244 1.06764736341147 87.4216916335992
2014-08-04 5.66968514901387 8.58497703135103 1.0634545161941 87.4224132094667
2014-08-05 5.69173463935396 8.51888076970524 1.05385221081856 87.4231313221466
2014-08-06 5.65475887516418 8.54070748335549 1.04417553997586 87.4238459715534
2014-08-07 5.59835379338511 8.52334380367742 1.0540039628188 87.424557157602
2014-08-08 5.57999020550395 8.61486475234787 1.02408586530094 87.4252614109791
2014-08-11 5.6861604217537 8.59750177223584 1.04718593935831 87.4259622007729
2014-08-12 5.61724419747488 8.60479200215977 1.04970047372116 87.4266595269
2014-08-13 5.69739534961129 8.67098520940205 1.05432488562611 87.4273499199653
2014-08-14 5.71363473384943 8.70185296045571 1.06000158938959 87.4280368491433
2014-08-15 5.63156986362337 8.67417403634695 1.05894684423922 87.428720314352
2014-08-18 5.72616462677846 8.74477404249747 1.05823715237492 87.42940031551
2014-08-19 5.78125659816908 8.7992368423386 1.06725489233057 87.4300629748536
2014-08-20 5.76904908577946 8.85601149405996 1.06820012242181 87.4307117614321
2014-08-21 5.82290839079325 8.91823950204085 1.07542290704788 87.4313570833522
2014-08-22 5.78428503900407 8.92034793307132 1.06875331785558 87.4319920015406
2014-08-25 5.89017642297973 8.97424813573265 1.07423704590262 87.4325991681517
2014-08-26 5.9384929626064 9.01989314426714 1.07008179632022 87.4331924607889
2014-08-27 5.92707174377725 9.03138721481749 1.07258105782516 87.4337822878809
2014-08-28 5.8607073442898 9.01925538975358 1.06857406845656 87.4343617101683
2014-08-29 5.86542087296342 9.02032701478574 1.06714867215327 87.4349272578254
2014-09-01 5.31475481735892 9.74026656036468 0.897875182178813 87.4354789305807
2014-09-02 5.33044798844347 9.76783720595121 0.907951279452698 87.4360063191838
2014-09-03 5.3974334791546 9.77918477402894 0.906511769979916 87.4365267716023
2014-09-04 5.45225143797766 9.76304490290276 0.900885884266683 87.4370437574154
2014-09-05 5.4650125081707 9.84677753982959 0.904980099238064 87.4374046087071
2014-09-08 5.47118607154183 9.92904566053446 0.915014807406723 87.4377307641052
2014-09-09 5.44464878314715 9.88083333528511 0.916301585789707 87.4380395719639
2014-09-10 5.43874461177698 9.94573276387137 0.914113849637983 87.4383414413862
2014-09-11 5.43376031449269 9.91119279004372 0.916069653717977 87.4386329025243
2014-09-12 5.41124857304598 9.87850302418899 0.915462164395694 87.43891742506
2014-09-15 5.41601439978632 9.87331461072197 0.908817893153673 87.4391984787231
2014-09-16 5.40104398763299 9.94557805848682 0.908943887031885 87.4394795332897
2014-09-17 5.4170629472694 9.95771324743223 0.908357769118672 87.4397640585802
2014-09-18 5.49366934137891 10.0202838018004 0.916273545498855 87.4400485847966
2014-09-19 5.49430285039242 10.081203726013 0.924684307767274 87.440336581782
2014-09-22 5.46642572045607 10.0585684345053 0.918744400969823 87.4406211098614
2014-09-23 5.37979433522709 9.97848270062817 0.918744400969823 87.4409056388666
2014-09-24 5.41732631638672 10.0553838779814 0.916957902742942 87.4411936386748
2014-09-25 5.33212456984617 9.92722595939155 0.930810869759756 87.441478169543
2014-09-26 5.32121365190502 10.0865940939348 0.925594901388828 87.441762701337
2014-09-29 5.2832890815625 10.1134391924502 0.933019957590452 87.4420507039681
2014-09-30 5.31210251254849 10.0958656062565 0.923843436121093 87.4423387075478
2014-10-01 4.91978847552621 10.2407468995235 1.17127617987635 87.4426232421421
2014-10-02 4.8220691723676 10.2693602038984 1.14306070987785 87.4429043077168
2014-10-03 4.8220691723676 10.3713984770795 1.15380883639749 87.4431853741949
2014-10-06 4.82932144680929 10.4690149960907 1.16762375471424 87.4434595016411
2014-10-07 4.76466497672527 10.269925270333 1.16017520279781 87.4437336299467
2014-10-08 4.71700900162921 10.3718094039104 1.14745394434406 87.4440112291011
2014-10-09 4.72208999772668 10.1408820478596 1.13942355131662 87.4442853591363
2014-10-10 4.60871290945583 10.0209436312445 1.12407906054521 87.4445594900308
2014-10-13 4.62109892622891 9.96255357891582 1.13548599564009 87.4448440318514
2014-10-14 4.62780069951144 9.92439288380912 1.10846981835202 87.4451285745978
2014-10-15 4.49499527874159 9.80805124041007 1.11979041149045 87.4454096482254
2014-10-16 4.50073738855343 9.7885360255674 1.0971547038757 87.4456907227564
2014-10-17 4.64094154217558 9.86676016657507 1.08079292972971 87.4459717981909
2014-10-20 4.57145551454915 9.91010461411114 1.11831128628608 87.4462528745288
2014-10-22 4.68806801193162 9.93490060110606 1.12481507349446 87.4465443620384
2014-10-23 4.74426622615994 10.1298415249643 1.12440358425932 87.4468393206205
2014-10-24 4.71306024541707 10.2444118287853 1.13390755558863 87.4471342801976
2014-10-27 4.66838824192632 10.2334403669459 1.13327904679935 87.4474396511427
2014-10-28 4.75521581930746 10.3281575567531 1.12944260668803 87.4477450231542
2014-10-29 4.76288186539784 10.2912289841287 1.14352502054169 87.4480503962321
2014-10-30 4.77967803512952 10.4170922790609 1.14751423639528 87.4483488300549
2014-10-31 4.89086336103601 10.6338781897613 1.20463509050401 87.4486472648961
2014-11-03 4.54732090905171 10.7697276441904 1.41232808805925 87.4489422305714
2014-11-04 4.50542911823967 10.809121218591 1.41102141266816 87.4492337270455
2014-11-05 4.57866967386599 10.8482817544925 1.40960860770423 87.4495148138682
2014-11-06 4.60910885311418 10.8942875828703 1.38973418446364 87.4497959015944
2014-11-07 4.56704522482043 10.9448403983579 1.39603230932757 87.4500735199941
2014-11-10 4.5965556195555 10.9846065500614 1.39098282821176 87.4503511392751
2014-11-11 4.60499004074693 10.9773977860101 1.4212553486134 87.4506252891854
2014-11-12 4.52729659849224 11.0039659647762 1.41855279180831 87.4508994399552
2014-11-13 4.54575277517418 11.0027750868214 1.43021201774972 87.4511701213106
2014-11-14 4.54793049933553 10.9968200344451 1.43687591661808 87.4514442737883
2014-11-17 4.57418174735297 10.944306797084 1.37908189445115 87.4517218974209
2014-11-18 4.64799733358561 10.9858216437833 1.41217070331634 87.4520029922413
2014-11-19 4.65599400246643 10.9933140840277 1.40312920448352 87.4522840879652
2014-11-20 4.66148415225431 10.9797264564947 1.39094575014662 87.4525651845926
2014-11-21 4.78366422320754 11.0317525056459 1.38524065223665 87.4528462821236
2014-11-24 4.80970955476443 11.1693222308515 1.40658707691669 87.4531273805581
2014-11-25 4.84690222327339 11.1557620864857 1.40621750666565 87.4534084798961
2014-11-26 4.87361570384402 11.1305825727872 1.40064178155189 87.453693050511
2014-11-27 4.9027675445669 11.1305825727872 1.38843434740423 87.4539776220519
2014-11-28 4.90570653614942 11.0863330109846 1.40669123168341 87.4542621945187
2014-12-01 5.05658972976039 11.2250354134154 1.11710563564167 87.4545467679116
2014-12-02 5.04165384254937 11.2808559751059 1.12144565382169 87.4548278718119
2014-12-03 5.06079205849743 11.3226188237409 1.1250778774499 87.4551089766158
2014-12-04 4.99966722842357 11.3953281915862 1.13751488245362 87.455393552764
2014-12-05 5.11932332926883 11.4456651495711 1.13685374748118 87.4556781298383
2014-12-08 5.08271662800064 11.4232861489082 1.12699345807708 87.4559627078385
2014-12-09 4.97041447924693 11.3904727595396 1.12201722528873 87.4562472867648
2014-12-10 4.97346995263289 11.1626296180762 1.10247264114484 87.4565353371031
2014-12-11 5.00534153718445 11.1612839616823 1.09686791405534 87.4568199178927
2014-12-12 4.86943021975299 10.9276559645365 1.10599877754951 87.4571044996083
2014-12-15 4.73711162318529 10.8400139458473 1.08330189889175 87.4573890822499
2014-12-16 4.85377816717428 10.7840798258462 1.06647371570679 87.4576736658176
2014-12-17 4.84390202551451 10.9344048899892 1.07899390002926 87.4579547797686
2014-12-18 4.97921959478806 11.214178971112 1.10562113098217 87.4582289535158
2014-12-19 4.96698878072528 11.3677971920566 1.13042141590232 87.4585100692517
2014-12-22 5.0069805400579 11.5471735951626 1.13153503185478 87.4587911858912
2014-12-23 5.03557907622895 11.5717586059895 1.13153503185478 87.4590653622604
2014-12-24 5.03557907622895 11.6069148396977 1.13990015379456 87.4593430100869
2014-12-29 5.03812654288467 11.6425828142645 1.13419735953248 87.459617188186
2014-12-30 4.97642332903766 11.6041223576676 1.11497610930016 87.4598878965249
2014-12-31 4.97642332903766 11.5283168598311 1.12262340771785 87.4601586057018
2015-01-02 4.75529802008068 11.8505086771615 1.02155689934436 87.460422374434
2015-01-05 4.61330703154035 11.726258495662 1.02233652571281 87.4606826733102
2015-01-06 4.61160257660192 11.6986088364528 0.999492479519302 87.460936031637
2015-01-07 4.63523096400978 11.8538806333166 1.01003997342879 87.4611789786815
2015-01-08 4.79078958479246 12.1461825316387 1.0327872475041 87.4614219264009
2015-01-09 4.69869527811423 12.0804669913666 1.03397079268533 87.4616648747951
2015-01-12 4.76365955103647 11.9792128660295 1.03397079268533 87.4619112945652
2015-01-13 4.84113901225408 11.965821734049 1.03438630722571 87.4621577150296
2015-01-14 4.78079160567631 11.8661286999582 1.02123881307897 87.4623971947471
2015-01-15 4.88575207421903 11.8237300384113 1.05261388051028 87.4626366751204
2015-01-16 4.95157285425335 12.0182917949538 1.04308516817737 87.4628449194935
2015-01-19 4.98789239204057 12.0182917949538 1.06297751833608 87.4630392813711
2015-01-20 4.99509019518645 12.1546218425722 1.08449095514387 87.463230172925
2015-01-21 5.01559263853454 12.1880302973771 1.07101965198697 87.4634210648957
2015-01-22 5.08201264112989 12.3747528963008 1.07780372960204 87.4636119572829
2015-01-23 5.18620838745898 12.30417603071 1.09148714962809 87.4637959085303
2015-01-26 5.25864772234207 12.685132759119 1.12401877408484 87.4639833309501
2015-01-27 5.17598165782842 12.4615237012162 1.13933729724513 87.4641742245645
2015-01-28 5.21610435614648 12.2415164207415 1.13347913393019 87.4643581769944
2015-01-29 5.22920449974108 12.3419663079518 1.11780351503696 87.4645386590033
2015-01-30 5.2079963053983 12.2172942641756 1.12668006266916 87.4647260830147
2015-02-02 4.96016684940587 13.5497076765822 0.0420961062549456 87.4649169782502
2015-02-03 4.98899902042897 13.7441908150436 0.0414509210268089 87.4651078739024
2015-02-04 4.99833029932929 13.6804668308924 0.0420998970383403 87.4652987699712
2015-02-05 4.99562293569557 13.7586182955755 0.041360113794898 87.4654757830758
2015-02-06 4.96858642819851 13.783027487026 0.041999583893666 87.4656597382431
2015-02-09 4.88481159351301 13.7991504197547 0.0417847675177829 87.4658367520783
2015-02-10 4.92618612374452 13.8967136989858 0.0417502703946291 87.4660102954052
2015-02-11 4.92539834020168 13.9001568765 0.0417254504374948 87.466180368203
2015-02-12 5.00214619741229 13.9958367577681 0.0422067868497683 87.4663469704513
2015-02-13 5.02218748887315 13.9915926009449 0.0419519312030354 87.466513573017
2015-02-16 5.00378618339287 13.9915926009449 0.0423030520847119 87.4666801759
2015-02-17 4.99113824940958 13.9458978982187 0.0423396995991413 87.4668433082003
2015-02-18 5.02108790177256 13.9591380922081 0.042857943233725 87.4670099117114
2015-02-19 5.03984216669057 13.911559676252 0.0428159380818543 87.4671765155398
2015-02-20 5.06215062890438 14.0188829129794 0.0430630594399716 87.4673431196855
2015-02-23 5.09892595164249 14.0240226709243 0.0433792833629747 87.4674993113697
2015-02-24 5.13320013861358 14.1302793655718 0.0438003417265744 87.4676520324002
2015-02-25 5.13527494915734 14.1684272703147 0.0437962011905408 87.4677978118203
2015-02-26 5.18883485349392 14.1318482205417 0.044295145954702 87.4679366495946
2015-02-27 5.22294844169454 14.115691453818 0.0444027922617744 87.4680720166394
2015-03-02 5.34936802409518 13.8859466320752 0.147728031603918 87.4682073838937
2015-03-03 5.28842184696498 13.8286204314393 0.147393964801839 87.4683392803969
2015-03-04 5.34000084561196 13.7538839890561 0.146705920677434 87.468471177099
2015-03-05 5.39327243773967 13.8452745600512 0.147890033604215 87.4685961320578
2015-03-06 5.41528805390223 13.738421254491 0.150408562313879 87.4687210871951
2015-03-09 5.42988730041912 14.1083333049304 0.150751987284378 87.4688425715299
2015-03-10 5.39157068779905 13.8334061581842 0.149403456283743 87.4689536430761
2015-03-11 5.53484593845188 13.9156689494259 0.150386410160532 87.4690543017926
2015-03-12 5.53175147319404 14.3092893894681 0.154699221746645 87.4691480186365
2015-03-16 5.7044307827103 14.5612787842705 0.158744642967205 87.4692347935849
2015-03-17 5.616822941849 14.3969734240028 0.159767840831602 87.4693215686194
2015-03-18 5.58959402860651 14.5126897812091 0.159863616241316 87.46940834374
2015-03-19 5.57863818440789 14.3576108774912 0.158936978870901 87.4694916479384
2015-03-20 5.64425833605144 14.3640942937299 0.15894092111061 87.4695645391815
2015-03-23 5.57696894034526 14.2315333458893 0.158207008899848 87.4696409014997
2015-03-24 5.62846873474689 14.0983205000771 0.159115728308557 87.4697137928671
2015-03-25 5.56266087262832 13.7703907465548 0.158552055987202 87.4697866842953
2015-03-26 5.55251538567823 13.7277695053299 0.156283600846976 87.4698595757842
2015-03-27 5.56407190133414 13.7369389535893 0.155292905683149 87.4699324673338
2015-03-30 5.66612378458409 14.0335859282911 0.157257468805425 87.469994945857
2015-03-31 5.6099408587404 13.9271792358214 0.155505587038029 87.4700608954564
2015-04-01 6.16880712395498 13.2274938592288 0.296324698415993 87.4701233740713
2015-04-02 6.1513358659949 13.2896893684683 0.301561040245514 87.4701858527309
2015-04-07 6.23158789900295 13.0997424326668 0.302248367337703 87.4702413893568
2015-04-08 6.18653036618864 13.237669980888 0.305175311656633 87.4702899839353
2015-04-09 6.25364959108327 13.347886884213 0.308804390014151 87.4703316364544
2015-04-10 6.36071236961027 13.542672183687 0.31041590352131 87.4703732889933
2015-04-13 6.34220807605175 13.6526196237261 0.314424389346328 87.4704114705054
2015-04-14 6.28508590780589 13.7251145234412 0.314796301860057 87.47043923889
2015-04-15 6.28700841909527 13.75817356809 0.315320043662169 87.4704531230867
2015-04-16 6.16751206447571 13.7115846217036 0.315375242989729 87.4704600651862
2015-04-17 6.00808721460667 13.4028741527732 0.310118364895123 87.4704635362362
2015-04-20 6.11253879161667 13.4380149087519 0.307634050813735 87.4704670072863
2015-04-21 6.13704152024444 13.4216253137042 0.312812852355271 87.470463536236
2015-04-22 6.09992501146129 13.5470646764942 0.316468575064398 87.4704565941357
2015-04-23 6.02601575889331 13.5371468896634 0.316202559508782 87.470449652036
2015-04-24 6.07087300945827 13.5444001084173 0.31291994255383 87.4704461809864
2015-04-27 6.18822649235257 13.3550045364715 0.31094590261633 87.4704392388875
2015-04-28 6.0712896372258 13.4207788565982 0.312146833486474 87.4704218836416
2015-04-29 5.87651116668667 13.3018243980952 0.312146833486474 87.4704045283992
2015-04-30 5.88764466349632 13.0243779033094 0.299546394896136 87.4703871731602
2015-05-04 5.68949018019751 13.2553339701702 0.334359895736057 87.4703628758304
2015-05-05 5.54643343226928 13.1863508300776 0.33122013221968 87.4703351074613
2015-05-06 5.55743588482785 13.1476586642274 0.331937540826325 87.4703073391009
2015-05-07 5.58574628087142 13.0790770489777 0.32574820942286 87.4702760997054
2015-05-08 5.73349903466337 13.2012327212403 0.326035087430314 87.4702448603211
2015-05-11 5.71568567625667 13.2737265639842 0.332610201249937 87.4702136209479
2015-05-12 5.6172985987017 13.2964885955114 0.333596362585995 87.4701823815859
2015-05-13 5.55807709671148 13.2409698451005 0.334400327536075 87.4701511422351
2015-05-14 5.66009770892653 13.2996444659228 0.330323943197511 87.4701199028954
2015-05-15 5.60487170851276 13.1857863871548 0.330982892365297 87.4700851925303
2015-05-18 5.67697052710548 13.1298048393217 0.3312778457172 87.470047011144
2015-05-19 5.80381049245134 13.2029296262764 0.334180792627087 87.4700053587406
2015-05-20 5.80143069234916 13.380781739645 0.340592359762285 87.4699637063571
2015-05-21 5.80932367293508 13.5085948874542 0.341787969890528 87.4699220539934
2015-05-22 5.78504750961056 13.464065081055 0.34232008193498 87.4698804016496
2015-05-25 5.78504750961056 13.464065081055 0.347058979500404 87.4698387493256
2015-05-26 5.69207558948271 13.4932311856861 0.348294837551255 87.4697936259961
2015-05-27 5.76356236377499 13.6649366129317 0.348527561557355 87.4697485026899
2015-05-28 5.71775228202869 13.6772839188361 0.348177222821486 87.4697033794069
2015-05-29 5.58861093463425 13.5515868972966 0.345775062695272 87.4696617271672
2015-06-01 5.05552328449086 13.8546809540797 0.575768656055542 87.469616603929
2015-06-02 5.00811138252235 13.899874424463 0.577136696714113 87.4695714807141
2015-06-03 5.04826022848313 13.8469761015287 0.56993879340689 87.4695228865077
2015-06-04 5.0133277102659 13.5162813907541 0.56352923370136 87.4694777633411
2015-06-05 4.94991325561532 13.3592270739614 0.557359979856111 87.4694326401979
2015-06-08 4.89145826229617 13.4946033745565 0.55965381696095 87.4693875170779
2015-06-10 4.98007971681147 13.4674194721266 0.54563970540236 87.4693389229737
2015-06-11 5.00987102409442 13.4714993784659 0.558623720077287 87.4692903288965
2015-06-12 4.9496214206599 13.400937105517 0.560531347663336 87.4692417348463
2015-06-15 4.85611475826165 13.3262343419305 0.56016261170881 87.4691931408231
2015-06-16 4.88221453020836 13.4528909409971 0.557919403639228 87.4691445468269
2015-06-17 4.85303797515081 13.4452608450748 0.555452555100944 87.4690959528578
2015-06-18 4.90709861236101 13.5730373141327 0.547915608629833 87.4690473589155
2015-06-19 4.88048597095087 13.3700257125447 0.550690293480577 87.4689987650004
2015-06-22 5.06633195813609 13.4767019892787 0.56030526456101 87.4689501711121
2015-06-23 5.10259931745134 13.4769560628415 0.568434863385306 87.4689015772509
2015-06-24 5.07108851730435 13.4895614670731 0.573110035303075 87.4688529834167
2015-06-25 5.07191523808639 13.4951369266292 0.571978028202346 87.4688009186233
2015-06-26 5.08044708389218 13.5231187162757 0.570798553562762 87.4687488538608
2015-06-29 4.89953940459392 13.2923642095088 0.55516469571694 87.4686933181473
2015-06-30 4.83843199762071 13.4034219582904 0.567538837582552 87.4686447244288
