time value.DAX value.Dow.Jones value.Nikkei
2012-02-01 40 40.0000000000001 19.9999999999999
2012-02-02 40.235707218121 39.9652425123538 20.152172237257
2012-02-03 40.9069847045847 40.4585254337987 20.0502614679849
2012-02-06 40.895862177369 40.4047350359916 20.2710851347679
2012-02-07 40.8316006622804 40.5087586781104 20.2445676719264
2012-02-08 40.7987112870848 40.5268454727612 20.4672070596209
2012-02-09 41.0407679090014 40.5473221337815 20.4369007527943
2012-02-10 40.4613811385825 40.2666481340248 20.3118800388926
2012-02-13 40.7365072029155 40.4956727846691 20.4299526961744
2012-02-14 40.6743592015907 40.509010565822 20.5500250787531
2012-02-15 40.8542087892002 40.2028559337986 21.0228389167174
2012-02-16 40.8180576316569 40.5901646136596 20.9723490982279
2012-02-17 41.398834714955 40.7341985323459 21.3039581657615
2012-02-20 42.0050035131599 40.7341985323459 21.5330667405476
2012-02-21 41.7624657406995 40.7839617936577 21.4829626792651
2012-02-22 41.373688006572 40.6989679885174 21.6895066913182
2012-02-23 41.1656660782971 40.843726854243 21.7838796827651
2012-02-24 41.4979810530385 40.8382528937058 21.901497857025
2012-02-27 41.4083278290883 40.8337219817871 21.8709632019641
2012-02-28 41.6382317332607 40.907989037469 22.0720800108956
2012-02-29 41.4475016687763 40.741119310634 22.0737161520449
2012-03-01 29.7342204623564 41.7049348525821 32.8231818165168
2012-03-02 29.6468399799341 41.6961651531564 33.0587211992947
2012-03-05 29.4116390615196 41.6487397629317 32.7934933948738
2012-03-06 28.4121125374696 40.9943948772262 32.5873716688744
2012-03-07 28.5748808767137 41.2455815833972 32.3791861815858
2012-03-08 29.274913990658 41.4724484643104 33.031433343274
2012-03-09 29.4705355000618 41.5176837823546 33.5750739039596
2012-03-12 29.5610866840324 41.6387809027085 33.4402294917315
2012-03-13 29.966123094545 42.3391047319677 33.471403820015
2012-03-14 30.3238269346103 42.3918609660976 33.9834606016254
2012-03-15 30.6023761329471 42.5803325779155 34.2294838844493
2012-03-16 30.6596432989639 42.5156250779257 34.2516305047787
2012-03-19 30.6442248153097 42.536540570712 34.2927472033793
2012-03-20 30.2189699385025 42.3150421893703 34.2927472033793
2012-03-21 30.2891311583162 42.1686274714187 34.1050870473473
2012-03-22 29.9033699458719 41.9164743704877 34.2423320285789
2012-03-23 29.9648807480623 42.0276126306183 33.8514229023163
2012-03-26 30.32301334135 42.5445729227145 33.874315774389
2012-03-27 30.3215994927215 42.4035267043343 34.6753715766987
2012-03-28 29.9785005516168 42.1737355460735 34.429959163186
2012-03-29 29.448861357959 42.2367424429232 34.2007761612567
2012-03-30 29.7558946001759 42.4495025056319 34.0951776984551
2012-04-02 21.2601149608526 42.5202299217052 42.5202299217051
2012-04-03 21.0360543571624 42.312058938608 42.2700661521946
2012-04-04 20.4388624572108 41.9120046350373 41.3010491476504
2012-04-05 20.4123491338254 41.8651701532503 41.0807491239966
2012-04-06 20.4123491338254 41.8651701532503 40.7478162537099
2012-04-09 20.4123491338254 41.4466838349382 40.1497898039359
2012-04-10 19.9037031697999 40.7617816036455 40.1151329109438
2012-04-11 20.1094752720027 41.0485516189934 39.7816989600167
2012-04-12 20.3158814131979 41.6293699246577 40.059492132667
2012-04-13 19.8358244707016 41.1902383678507 40.5355910600398
2012-04-16 19.9602221648014 41.4204632860659 39.8317456780614
2012-04-17 20.4898987276921 42.0427598925857 39.8068065194287
2012-04-18 20.2821068264162 41.7773707648163 40.6586932577869
2012-04-19 20.0989011315222 41.5573072449946 40.3269391677203
2012-04-20 20.3366089688409 41.7661825812116 40.2133000549324
2012-04-23 19.6523466256044 41.4389266095932 40.13258868214
2012-04-24 19.8554384164672 41.6773877099411 39.8208122069972
2012-04-25 20.1991657138379 41.9631966862845 40.2118255555417
2012-04-26 20.3058177366213 42.328312170222 40.2152756349635
2012-04-27 20.4908622861939 42.4042503307174 40.0430878148879
2012-04-30 20.3699598838083 42.3571935908498 40.0430878148879
2012-05-01 35.6083450543962 41.1080965158184 26.0537997193314
2012-05-02 35.3428045267302 41.0748183037441 26.1354354071884
2012-05-03 35.2568008657072 40.8829486145751 26.1354354071884
2012-05-04 34.5565052185632 40.361888235745 26.1354354071884
2012-05-07 34.5986892835597 40.2698259720561 25.4079246543999
2012-05-08 33.94173748124 40.0331933388178 25.5820933051216
2012-05-09 34.1027358981387 39.7328218006041 25.2015212969704
2012-05-10 34.3275658707833 39.7946742922065 25.1028635521793
2012-05-11 34.6537260726902 39.6880588565349 24.9458856584096
2012-05-14 33.9798147517251 39.3003289902741 25.0030875080425
2012-05-15 33.711692362406 39.1042209230067 24.7994159496676
2012-05-16 33.6232122819203 39.0006709059708 24.5219912053645
2012-05-17 33.2266398645845 38.5175654641141 24.7321276622656
2012-05-18 33.0278804879718 38.2912415789603 23.9929985915128
2012-05-21 33.3429263530744 38.7094653884736 24.0559116450091
2012-05-22 33.8936002273879 38.7042928739362 24.3217180741342
2012-05-23 33.1044027573298 38.683678402215 23.8405646316668
2012-05-24 33.2631381881709 38.7876909523467 23.8594559632593
2012-05-25 33.3897983954414 38.5557652730067 23.9068489020881
2012-05-28 33.3015831870438 38.5557652730067 23.9424031329907
2012-05-29 33.6894662641548 38.9453845739927 24.1205252731459
2012-05-30 33.078332161298 38.4475113234246 24.053963470187
2012-05-31 32.9918553349635 38.3657547833724 23.8019221634359
2012-06-01 38.0638129127087 38.0638129127087 19.0319064563543
2012-06-04 37.6104659513938 38.0100701705728 18.7058027818837
2012-06-05 37.5549138316061 38.0932746480837 18.9005586229273
2012-06-06 38.3387412278815 38.9942240073588 19.2422439972991
2012-06-07 38.6547499790436 39.1392413838279 19.4816904301867
2012-06-08 38.5704449337163 39.4321042159558 19.0747715478231
2012-06-11 38.6348041760625 38.983043579054 19.4482743327373
2012-06-12 38.7618269645783 39.4936655939892 19.2494358921097
2012-06-13 38.7067786345248 39.250493557119 19.3647065635687
2012-06-14 38.6194539209165 39.7390062332283 19.3219757963993
2012-06-15 39.1907001492613 40.1010312952971 19.3229468999758
2012-06-18 39.3089127513859 40.0214094597498 19.6650132304175
2012-06-19 40.0334095985761 40.3214007764451 19.5181079192082
2012-06-20 40.2144086336167 40.280755544058 19.7355690901685
2012-06-21 39.9061379853172 39.4929447681499 19.8973822744915
2012-06-22 39.4035946522865 39.7040478368709 19.8393847017315
2012-06-25 38.5803241460947 39.2702195751523 19.6956811704078
2012-06-26 38.6073752352099 39.3707606219123 19.5364179582661
2012-06-27 39.1880583201353 39.6607953748505 19.6863687037236
2012-06-28 38.6905467504896 39.5830568838128 20.0102174820212
2012-06-29 40.366341408023 40.4557070263831 20.309374678318
2012-07-02 40.4525692450896 40.4525692450897 20.2262846225448
2012-07-03 40.9640107204496 40.6797030518657 20.3680595934014
2012-07-04 40.8805026266971 40.6797030518657 20.4524830956662
2012-07-05 40.6984200729768 40.5320208087892 20.3977357205346
2012-07-06 39.917213148252 40.1416809056482 20.2650805582395
2012-07-09 39.7768511949685 40.027974353822 19.986806811626
2012-07-10 40.0929468503757 39.7665855589193 19.8988578020073
2012-07-11 40.189593547491 39.6138760160671 19.8837378290029
2012-07-12 39.9747541948047 39.515628867547 19.5894687666353
2012-07-13 40.8325547986462 40.1562011406791 19.5987026545201
2012-07-16 40.8862342292654 39.9994372265893 19.5987026545201
2012-07-17 40.9604622967016 40.2456152222 19.6680741942063
2012-07-18 41.6254043224807 40.5698298927249 19.6045887373932
2012-07-19 42.0860336879492 40.6787608193328 19.7591691768791
2012-07-20 41.2866437505422 40.2991384482568 19.4768302358981
2012-07-23 39.9746295257079 39.98136596315 19.1139092135338
2012-07-24 39.794538588832 39.6540729141833 19.0684615441326
2012-07-25 39.8948583787922 39.8386496341244 18.7939634028016
2012-07-26 40.9935900516165 40.5045517529396 18.9673911523571
2012-07-27 41.6564157914543 41.0945564038642 19.2449233799993
2012-07-30 42.1836138589383 41.0862266828369 19.3994840750301
2012-07-31 42.1724030246552 40.8840482851655 19.5334182462369
2012-08-01 41.035947822423 41.0359478224231 20.5179739112115
2012-08-02 40.1345421712276 40.7284026636035 20.5448744331891
2012-08-03 41.7115318700317 41.4155646127466 20.3120326031898
2012-08-06 42.0338921808709 41.483050121355 20.7184572126088
2012-08-07 42.3329832854512 41.644617564846 20.9013213909053
2012-08-08 42.3220458115392 41.6668811115026 21.0861587075437
2012-08-09 42.3150003814361 41.6338363155195 21.3175050332764
2012-08-10 42.1908791933406 41.7690605696893 21.1105667224104
2012-08-13 41.9789704593923 41.647242621688 21.0956325518403
2012-08-14 42.3721084154272 41.6558126482032 21.2018318715972
2012-08-15 42.2044865136182 41.6325392276048 21.1903408369901
2012-08-16 42.5051587615654 41.9023886126757 21.588550611365
2012-08-17 42.7760592513691 41.9817331859424 21.7541318661329
2012-08-20 42.7323182561608 41.9704732477152 21.7746933041253
2012-08-21 43.0703505644977 41.7552404326526 21.7408833255997
2012-08-22 42.63553629655 41.6577737205815 21.6811002693269
2012-08-23 42.2213154467686 41.2931475319893 21.7912180418472
2012-08-24 42.3519362341116 41.611001433762 21.536316952314
2012-08-27 42.8159764293472 41.5056935281847 21.5710520554206
2012-08-28 42.5439813069686 41.4371332907645 21.4473541820934
2012-08-29 42.5919139596951 41.4513332911368 21.5340609425914
2012-08-30 41.8927610921183 41.1136803056345 21.3298052622325
2012-08-31 42.3502364323913 41.398708677682 20.9882205968231
2012-09-03 41.8948662827585 41.8948662827586 20.9474331413792
2012-09-04 41.4036423024994 41.7191706332861 20.9274491678821
2012-09-05 41.5954129372524 41.7561024418304 20.6992531726766
2012-09-06 42.8056463069473 42.5386429951367 20.7010417396425
2012-09-07 43.0873605541613 42.5854945419202 21.1567210958162
2012-09-10 43.0825838563433 42.4179590823817 21.1512831988169
2012-09-11 43.6583740186585 42.6390061322064 21.0034516191671
2012-09-12 43.8579687554949 42.670974943319 21.3673178687094
2012-09-13 43.6596279746235 43.3318752420805 21.4512384561919
2012-09-14 44.2676710434673 43.5031235711573 21.8429090022786
2012-09-17 44.2172649413105 43.3742450906393 21.8429090022786
2012-09-18 43.8828145717723 43.4111768991836 21.7579637161643
2012-09-19 44.1400416947579 43.4538061528167 22.0165676773109
2012-09-20 44.1324596332125 43.5145153346229 21.6702307815009
2012-09-21 44.5035196747967 43.4586378859554 21.725126745122
2012-09-24 44.2738241717811 43.3928719501659 21.6280434232214
2012-09-25 44.3451917418172 43.0684552169851 21.6811042432081
2012-09-26 43.4577032176198 42.9275130339794 21.2403063246078
2012-09-27 43.5383908862422 43.1594080394278 21.3432560531509
2012-09-28 43.0972143101185 43.0031049482561 21.1531672490264
2012-10-01 42.9013946029604 42.9013946029606 21.45069730148
2012-10-02 42.7791904099205 42.7974353575935 21.4251902011453
2012-10-03 42.8741672749284 42.836320876853 21.3296487136678
2012-10-04 42.7753849329572 43.0926478711551 21.5191718748509
2012-10-05 43.3179530264149 43.2030828696507 21.6135679112394
2012-10-08 42.6934084542169 43.1189631749262 21.6135679112394
2012-10-09 42.3615197940126 42.7694057896738 21.3850518223567
2012-10-10 42.1899558767499 42.3613124355931 20.9623069409866
2012-10-11 42.6377243734795 42.302333168671 20.8417203431072
2012-10-12 42.3495772790703 42.3101418920051 20.8108479651562
2012-10-15 42.5179790180757 42.6129120363735 20.9176796371974
2012-10-16 43.1914744626643 43.0177969637188 21.2185472053895
2012-10-17 43.2985110631235 43.0343660898239 21.4751804025295
2012-10-18 43.5484232387321 43.0087823702764 21.9051218537825
2012-10-19 43.2170635200459 42.3566780403618 21.9534522244138
2012-10-22 42.9091227891071 42.3642325666758 21.9730344178011
2012-10-23 42.0052743527104 41.5917300635305 21.9816669671922
2012-10-24 42.117465938637 41.5117673768339 21.835475634457
2012-10-25 42.1606785629141 41.5953786838668 22.0815259181567
2012-10-26 42.3458289865564 41.6065849286613 21.7836803356718
2012-10-29 42.1778360993833 41.6065849286613 21.7746096111921
2012-10-30 42.6535324073002 41.6065849286613 21.5615797209947
2012-10-31 42.5143479460709 41.5724609015561 21.7720496129792
2012-11-01 42.3435433842425 42.3435433842426 21.1717716921211
2012-11-02 42.5062072605782 41.8972803723254 21.418703422457
2012-11-05 42.2904400962512 41.9589760237807 21.3151045919382
2012-11-06 42.5864977639243 42.3853331814505 21.2386938108831
2012-11-07 41.7499229729719 41.3839155699249 21.2333440143594
2012-11-08 41.5890488441109 40.9954107836647 20.9121321803571
2012-11-09 41.3497303256962 41.0084324002408 20.7238841145632
2012-11-12 41.3800911696519 41.0074417959153 20.5318299564009
2012-11-13 41.3821712166502 40.8189642912895 20.4954097564385
2012-11-14 40.9942728511746 40.2262416858238 20.5041196378679
2012-11-15 40.6565944503855 40.1348185031905 20.8945483415764
2012-11-16 40.1204065373727 40.2817905825605 21.3546699613911
2012-11-19 41.1208007863265 40.9462586366813 21.6600288421084
2012-11-20 41.4045106169823 40.9224184861734 21.6350384837927
2012-11-21 41.4721601669147 41.077231033823 21.8240653304501
2012-11-22 41.820114802569 41.077231033823 22.1654885299442
2012-11-23 42.190346838492 41.6296700617657 22.1654885299442
2012-11-26 42.0916402787317 41.4947602420257 22.2178818531389
2012-11-27 42.3242648683313 41.2091971648279 22.2991894873698
2012-11-28 42.3882221849066 41.5515278665571 22.0271726508839
2012-11-29 42.7204157937635 41.6689974054806 22.2461352389307
2012-11-30 42.7466221716959 41.6810284177312 22.3529300807998
2012-12-03 38.0503249001254 42.7122322680908 26.0180235020107
2012-12-04 38.049865115747 42.6667075945837 25.947272418438
2012-12-05 38.1492982111116 42.939176834083 26.047347980768
2012-12-06 38.5586550965932 43.069464711872 26.2572936295926
2012-12-07 38.4729855128229 43.3365968427382 26.2084096466235
2012-12-10 38.5401288372476 43.3851873780743 26.2259060141357
2012-12-11 38.8411968089043 43.6439873126522 26.2027172158961
2012-12-12 38.9693413568672 43.6341366604874 26.3571489094417
2012-12-13 38.8014330649036 43.3879540539766 26.8007797142834
2012-12-14 38.8755880857465 43.2703156728363 26.7865553522871
2012-12-17 38.9189326352354 43.6009944662838 27.0377637378562
2012-12-18 39.16785270955 43.9817146952754 27.2967008260618
2012-12-19 39.2442066904816 43.6556137825227 27.949726573526
2012-12-20 39.2626305008771 43.8524466290535 27.6166804322028
2012-12-21 39.0790620944347 43.4542352238786 27.3436022612015
2012-12-24 39.0790620944347 43.2832289683248 27.3436022612015
2012-12-25 39.0790620944347 43.2832289683248 27.7288876674593
2012-12-26 39.0790620944347 43.203046863243 28.1421758575893
2012-12-27 39.1796221589557 43.1428266395311 28.3969598076048
2012-12-28 38.9570596524759 42.6216751349639 28.5955689521479
2012-12-31 38.9570596524759 43.1686210586324 28.5955689521479
2013-01-02 22.1442499326512 44.2884998653025 44.2884998653025
2013-01-03 22.0806539571042 44.2185318800961 44.2884998653025
2013-01-04 22.1373902076145 44.3633241403691 45.5365263605138
2013-01-07 22.0129588279273 44.1951855692976 45.1569147126638
2013-01-08 21.9081127627586 44.0121201930429 44.769422830446
2013-01-09 21.9782570999405 44.2157232286097 45.0698327397787
2013-01-10 21.9440960867049 44.4822290868429 45.3854039829815
2013-01-11 21.9641929253888 44.5390567122021 46.0199207388696
2013-01-14 22.0040196423058 44.6014339194179 46.0199207388696
2013-01-15 21.8514057028341 44.6924684021579 46.3501498800756
2013-01-16 21.8947324774582 44.614345333749 45.1630100341756
2013-01-17 22.0209291758991 44.8943204626813 45.2022031580447
2013-01-18 21.9263316908359 45.0715750574375 46.4959424897387
2013-01-21 22.0590753616972 45.0715750574375 45.7905785366367
2013-01-22 21.9091941951078 45.2779835184178 45.6294872989969
2013-01-23 21.941448107151 45.4996154479116 44.6796572551885
2013-01-24 22.056997290327 45.6515083410171 45.2500503949105
2013-01-25 22.3696853765978 45.8847973038004 46.5528224517989
2013-01-28 22.2986013895053 45.8384013521377 46.1168009905917
2013-01-29 22.3429248031503 46.0777655122281 46.2974887986871
2013-01-30 22.2368555260404 45.9324766579532 47.3508103262944
2013-01-31 22.1364783590752 45.7679045254078 47.4560867272096
2013-02-01 23.0720939223385 46.144187844677 46.1441878446771
2013-02-04 22.4972784984349 45.7169608277804 46.4287292493404
2013-02-05 22.5751246790018 46.0437618510535 45.5487149073724
2013-02-06 22.3292467250751 46.0675415359598 47.2673907483938
2013-02-07 22.3577280524064 45.9276585677782 46.8275285307414
2013-02-08 22.5382488118197 46.0887866120837 45.9867651661166
2013-02-11 22.4840546145752 46.0172159601346 45.9867651661166
2013-02-12 22.5619583208185 46.1735353160556 46.8772123463669
2013-02-13 22.71423361377 46.0556533008372 46.3918700524783
2013-02-14 22.4765431031355 46.0242955068727 46.6222339954636
2013-02-15 22.3655617117576 46.0518642496018 46.0719914908282
2013-02-18 22.4692976512629 46.0518642496018 47.036986538189
2013-02-19 22.8336972752633 46.2294286783531 46.8904879406718
2013-02-20 22.7643333648118 45.8732801837015 47.2860699924534
2013-02-21 22.3362850803891 45.7187395597236 46.6298603165716
2013-02-22 22.5670249600836 46.1138207361493 46.9465659441932
2013-02-25 22.8947831345489 45.401060572148 48.0869582625713
2013-02-26 22.3761652658588 45.7829990742919 46.9996280459466
2013-02-27 22.6080240348339 46.3601896141309 46.402423688296
2013-02-28 22.8020347376739 46.291417331274 47.6616118250551
2013-03-01 23.3510127788006 46.7020255576012 46.7020255576012
2013-03-04 23.3010885146719 46.8285123969616 46.8867599278768
2013-03-05 23.8422278522299 47.2459875936357 47.0121428997045
2013-03-06 23.9907285407107 47.386762306084 48.0133480219078
2013-03-07 24.05264906872 47.496973789725 48.1574433469002
2013-03-08 24.1941221087383 47.7209768171222 49.4271208100176
2013-03-11 24.1875175083401 47.8874366854144 49.6903983342762
2013-03-12 24.1324737531216 47.8966166589632 49.5526216678059
2013-03-13 24.1469846428328 47.9139213634228 49.2502336804536
2013-03-14 24.4119348547656 48.1918842547297 49.8197265404283
2013-03-15 24.3649186855811 48.1089213721237 50.5430481294066
2013-03-18 24.2675241347938 47.9032459211371 49.1736592183928
2013-03-19 24.0769448231368 47.9157113934803 50.1699603055548
2013-03-20 24.2410776325918 48.1010329379486 50.1699603055548
2013-03-21 24.03065493776 47.8019198497242 50.8437896526325
2013-03-22 23.9665540799855 48.102026677607 49.6480695929055
2013-03-25 23.844014715911 47.8889612864438 50.4847419835261
2013-03-26 23.8705825148339 48.2598698010939 50.1835996512529
2013-03-27 23.5961802559192 48.1488620270538 50.2728075071297
2013-03-28 23.6150237045518 48.3224820155762 49.6377271107599
2013-03-29 23.6150237045518 48.3224820155762 49.887003768887
2013-04-01 24.364901897803 48.729803795606 48.729803795606
2013-04-02 24.8292389429886 49.0279443153787 48.2013870745201
2013-04-03 24.6131981624266 48.654566582925 49.6420783209659
2013-04-04 24.4339150519039 48.8410235998292 50.735695610163
2013-04-05 23.938071865962 48.704391644556 51.5352068806284
2013-04-08 23.9502308186729 48.8656683580609 52.9766196924323
2013-04-09 23.8716837154229 49.0662323489989 52.9756549964641
2013-04-10 24.4127853053938 49.4968576285021 53.3602735747521
2013-04-11 24.6034459724509 49.7071854768857 54.4084757598008
2013-04-12 24.2069347248713 49.7069177059738 54.1513927954294
2013-04-15 24.10647800422 48.8179168908572 53.310199708077
2013-04-16 24.0125547932981 49.3448451505364 53.0924731026041
2013-04-17 23.4513551435657 48.8827534751072 53.7407941618324
2013-04-18 23.3597761211732 48.6103941098021 53.0869712094142
2013-04-19 23.3167367603874 48.6450704997351 53.4741191676447
2013-04-22 23.3734658164914 48.7108116258824 54.485615943058
2013-04-23 23.9363839283231 49.2200506504801 54.3301316732405
2013-04-24 24.2515048282644 49.0757284355326 55.5902762272907
2013-04-25 24.4822669908932 49.1576534004519 55.9220484243354
2013-04-26 24.4256936045355 49.196943944852 55.7535917715616
2013-04-29 24.6092911815442 49.5520642407624 55.7535917715616
2013-04-30 24.7349708206688 49.6224521810148 55.6601498387201
2013-05-01 26.0035145680807 52.0070291361615 52.0070291361615
2013-05-02 26.1612368886382 52.4691538315805 51.6101381209694
2013-05-03 26.6888840248354 52.9728460844869 51.6101381209694
2013-05-06 26.6553353010495 52.9549090183502 51.6101381209694
2013-05-07 26.8843602912624 53.2637844380674 53.4425308368465
2013-05-08 27.1075708119832 53.4368467078558 53.8399518437183
2013-05-09 27.1497610201348 53.3572492573481 53.484893067365
2013-05-10 27.2024666904038 53.4841456956865 55.0529395907501
2013-05-13 27.2047674483255 53.3892989797611 55.7112361032713
2013-05-14 27.4013299188013 53.8264492817011 55.6215761347597
2013-05-15 27.4779224077929 54.040267243283 56.8939630123032
2013-05-16 27.502402867043 53.8900201463909 56.6723949415012
2013-05-17 27.5948343342049 54.3187166755126 57.0525913393815
2013-05-20 27.7848571279587 54.2510761134589 57.8918640006766
2013-05-21 27.8386473954803 54.4360952752391 57.9680313607587
2013-05-22 28.0314939938013 54.151631123571 58.8960622780846
2013-05-23 27.4436196004489 54.1068091907118 54.5872679222209
2013-05-24 27.2902998454569 54.1372317219013 55.0714450010333
2013-05-27 27.5465312327872 54.1372317219013 53.3008621266886
2013-05-28 27.8671357333322 54.5132502160689 53.9390338195364
2013-05-29 27.3930157378236 54.1361711159434 53.9936041713035
2013-05-30 27.602063914644 54.2130462204385 51.2143770079687
2013-05-31 27.4332998783031 53.4738159913807 51.9135267562374
2013-06-03 31.4323224248139 53.1282570503685 48.2600631507388
2013-06-04 31.4708651493298 52.8618492393791 49.2496569556965
2013-06-05 31.092346987368 52.1062334761477 47.3614058227547
2013-06-06 30.7229736444029 52.3849708878127 46.9580180407761
2013-06-07 31.31426773191 53.1076725699684 46.8616230336187
2013-06-10 31.5153648829077 53.0744795852528 49.1784792357868
2013-06-11 31.192041649777 52.6684768802189 48.4631198993409
2013-06-12 30.8916332623077 52.2268832976341 48.3601362708251
2013-06-13 30.7100001121548 52.8567643416896 45.289018020026
2013-06-14 30.8335542932092 52.4879239079838 46.1665306364574
2013-06-17 31.1665132074688 52.869893239977 47.4278179842665
2013-06-18 31.2187852048963 53.3518598920259 47.3337862092984
2013-06-19 31.0957626321403 52.6342431075598 48.199653247604
2013-06-20 30.0768235939827 51.4017489892791 47.3603503642938
2013-06-21 29.5486152503561 51.5448267829966 48.1447409650333
2013-06-24 29.1814405919094 51.0577752332581 47.5357519607453
2013-06-25 29.6322986079731 51.4086773753169 47.1957201326642
2013-06-26 30.1242814552151 51.9305205049946 46.7032509273195
2013-06-27 30.3130459734878 52.3287921235858 48.0844056873339
2013-06-28 30.1934371980613 51.928639603338 49.7720770196787
2013-07-01 32.0269286174441 52.7576615284312 47.1095636752027
2013-07-02 31.7334929727214 52.6077560718465 47.9469771372507
2013-07-03 31.4067612872017 52.804906293902 47.8001283922411
2013-07-04 32.0686079152421 52.804906293902 47.6755575379914
2013-07-05 31.3132154668633 53.3244507843726 48.6653261176199
2013-07-08 31.9652333073962 53.6374766058105 47.983024276917
2013-07-09 32.3230927399588 53.9039939246567 49.219420504218
2013-07-10 32.3581124356751 53.8734148751722 49.02795287927
2013-07-11 32.7284468671493 54.4697269500135 49.2183311841914
2013-07-12 32.9449425959382 54.4816344758957 49.3328358103887
2013-07-15 33.0333546495002 54.5519545882233 49.3328358103887
2013-07-16 32.8979297461495 54.437771705762 49.6486683814289
2013-07-17 33.1132228324518 54.5035469350917 49.7028088311068
2013-07-18 33.4436447158301 54.7784177570545 50.3607272105569
2013-07-19 33.421503504609 54.7615077627539 49.6173471582435
2013-07-22 33.4194546992933 54.7678829874342 49.8490431742242
2013-07-23 33.3519459540043 54.8460611692391 50.2587364624423
2013-07-24 33.6122070039458 54.7562231748486 50.0981184651255
2013-07-25 33.2907716604007 54.803326884099 49.5255920183603
2013-07-26 33.0738724339941 54.8146701674843 48.0532188871125
2013-07-29 33.1305142820646 54.6848089907639 46.4587524344633
2013-07-30 33.1786083403584 54.6799475820888 47.1684665693401
2013-07-31 33.1984657005879 54.6057878854805 46.4832056358946
2013-08-01 37.0971088891897 53.7149836887852 43.4753666439881
2013-08-02 37.08039220923 53.8192679649782 44.9044670712819
2013-08-05 37.0426343063486 53.6603694632624 44.2584405625251
2013-08-06 36.607522508806 53.3393803921402 44.7023880752778
2013-08-07 36.4344030004271 53.1741581757312 42.9140542899274
2013-08-08 36.689516508322 53.2691951856922 42.2330732626398
2013-08-09 36.7776828909416 53.0189384411953 42.2629684546655
2013-08-12 36.8700445965936 52.9988999107818 41.9657171426733
2013-08-13 37.1192915496771 53.1065843570036 43.0446115736662
2013-08-14 37.2179160840032 52.7169910089659 43.6131597651129
2013-08-15 36.9452028940315 51.9420302002479 42.6905587946289
2013-08-16 37.0142318875566 51.8364402336319 42.3713635277652
2013-08-19 36.9010960129159 51.5933362654499 42.7066673969701
2013-08-20 36.6088448507446 51.5666987812337 41.5837577383003
2013-08-21 36.5443600745031 51.2042900375897 41.6705180532338
2013-08-22 37.0404720326623 51.4317928127837 41.4868787703567
2013-08-23 37.1247187602564 51.5925441250999 42.4037686766385
2013-08-26 37.2048175488404 51.3723988773915 42.328433522819
2013-08-27 36.3553595042593 50.7869582626462 42.0369266224193
2013-08-28 35.9819521130827 50.9532445039102 41.4039682708692
2013-08-29 36.1436034045348 51.0097518159097 41.7803408931601
2013-08-30 35.7404669389746 50.904437084966 41.5604163312829
2013-09-02 36.4202830054827 51.2821281420894 40.5029092076514
2013-09-03 36.1412501333554 51.3640199064809 41.7130217266785
2013-09-04 36.2084456466593 51.6995806869476 41.9381112270719
2013-09-05 36.3810097647129 51.7224696695665 41.9707876707878
2013-09-06 36.5607701651761 51.670598347954 41.3619998338229
2013-09-09 36.5636434986382 52.1575090924773 42.3897851947904
2013-09-10 37.3156508134637 52.6005118124518 43.0407059176264
2013-09-11 37.5329673597382 53.0698322959656 43.0458086040806
2013-09-12 37.5253223859798 52.9799434222542 42.9330074080505
2013-09-13 37.5934454780702 53.2410921906975 42.9849318621032
2013-09-16 38.0510479998168 53.6521740979047 42.9849318621032
2013-09-17 37.9801421713664 53.7731925291125 42.7074108439319
2013-09-18 38.1529220048005 54.2829212453229 43.2854018691324
2013-09-19 38.4096886830512 54.1430648029441 44.063712059299
2013-09-20 38.3281825739454 53.5008917652856 43.9928106135803
2013-09-23 38.1495223228061 53.328766221394 43.9928106135803
2013-09-24 38.279007967172 53.0974992568228 43.9635379054704
2013-09-25 38.2835595758365 52.8851379348602 43.6290800813757
2013-09-26 38.2767990360214 53.0757193889212 44.1620094936547
2013-09-27 38.2653574662658 52.8331313538352 44.0454810888913
2013-09-30 37.9688774883995 52.3879442236074 43.1375083910187
2013-10-01 39.1728723239463 53.3977320412103 40.9237257378691
2013-10-02 38.903640467101 53.1918959361822 40.0359321296634
2013-10-03 38.7615863523695 52.7115487645328 39.9985244534961
2013-10-04 38.8745613320617 52.9790334092838 39.622927424397
2013-10-07 38.7330487356042 52.4998086771601 39.139830917844
2013-10-08 38.5721471142453 51.9384396669556 39.2564878020995
2013-10-09 38.39542697576 52.0314102008864 39.6611545515193
2013-10-10 39.1576789712893 53.1670477292935 40.1043602031004
2013-10-11 39.3337739453052 53.5573454725123 40.6977594162644
2013-10-14 39.3291732332428 53.7828260425212 40.6977594162644
2013-10-15 39.6926778507428 53.3144618895192 40.8017300249756
2013-10-16 39.8800390620249 54.0379054625059 40.8740566835135
2013-10-17 39.7266702823333 54.0302440196874 41.2113134659988
2013-10-18 39.9661450029009 54.1286620030574 41.1407664151233
2013-10-21 39.9757030391496 54.1024751006992 41.5137919746912
2013-10-22 40.3374466143549 54.3677114287992 41.5693930611808
2013-10-23 40.2130204912465 54.1767451176172 40.757965416493
2013-10-24 40.4869851385516 54.5137560008534 40.9285017124188
2013-10-25 40.5100239128565 54.7284137490969 39.8034102258465
2013-10-28 40.4780610804143 54.7236665400944 40.6731787270445
2013-10-29 40.6736727531621 55.1152995376683 40.4752391961436
2013-10-30 40.6206082812178 54.8988156753777 40.9735355008025
2013-10-31 40.7272303156867 54.6421916062335 40.4807766803292
2013-11-01 42.5862924082752 54.3400794408998 38.9238267530745
2013-11-04 42.72528855243 54.4221010566943 38.9238267530745
2013-11-05 42.5923451559907 54.3493704217101 38.9890575315183
2013-11-06 42.7424957058342 54.7970910069744 39.2958624678516
2013-11-07 42.9323607601001 54.2650209609638 38.9974726805944
2013-11-08 42.9193595929923 54.8489424234414 38.6092624314758
2013-11-11 43.059205247589 54.9231309359391 39.1109406691909
2013-11-12 42.9108506647868 54.8102798490527 39.9848205695951
2013-11-13 42.8084941733903 55.0572112710016 39.9258395895363
2013-11-14 43.256822060999 55.2471768179513 40.7734355355436
2013-11-15 43.346791432774 55.5446377130059 41.5669272218528
2013-11-18 43.6150374599851 55.5944671372335 41.5624867866021
2013-11-19 43.4630909336451 55.5631856902186 41.4590479177667
2013-11-20 43.5046014051088 55.3327836495958 41.3206931472713
2013-11-21 43.4762813930183 55.7126807590871 42.1142115976044
2013-11-22 43.5848291347454 55.903305577801 42.1583938018597
2013-11-25 43.9673478470633 55.9303459335547 42.809090279682
2013-11-26 43.9206387525584 55.9312498854009 42.5243483384548
2013-11-27 44.2093099111408 56.0166120404433 42.3445227361146
2013-11-28 44.3806427614171 56.0166120404433 43.1050711512965
2013-11-29 44.4654088959185 55.9786121341718 42.9262332031091
2013-12-02 44.060473603097 57.3481016932797 41.9616789368225
2013-12-03 43.2236885866537 57.010830914412 42.2152165182903
2013-12-04 42.8358005507573 56.9218088362125 41.2992747088307
2013-12-05 42.5748684224001 56.677282363569 40.6815785284394
2013-12-06 42.9847326761252 57.3890496799582 41.0095780519574
2013-12-09 43.0913919336859 57.4081435806221 41.9486513052554
2013-12-10 42.7130687259705 57.2204300347017 41.8443831234378
2013-12-11 42.5381285089154 56.7561662698135 41.5863956780174
2013-12-12 42.2564329275095 56.3832474815612 41.1220470689999
2013-12-13 42.2070390657975 56.4403157863641 41.286328220681
2013-12-16 42.9432561103407 56.9031837108173 40.615694356684
2013-12-17 42.5756647291092 56.8698306078325 40.9526721354651
2013-12-18 43.0285020552468 57.9184034277209 41.7813678069206
2013-12-19 43.7501476130279 57.9582039594084 42.5088787919905
2013-12-20 44.0521306967405 58.1088736590917 42.5388996719516
2013-12-23 44.4675279001017 58.3720672416035 42.5388996719516
2013-12-24 44.4675279001017 58.5975347982557 42.5895862469017
2013-12-25 44.4675279001017 58.5975347982557 42.9130024070104
2013-12-26 44.4675279001017 59.0357604664717 43.353792910542
2013-12-27 44.9388267135927 59.0304919775325 43.365854661237
2013-12-30 44.7643578734438 59.1231977991838 43.6670476729012
2013-12-31 44.7643578734438 59.3824522565816 43.6670476729012
2014-01-02 45.9070926251558 59.1255431211707 42.7812220566002
2014-01-03 46.078561488552 59.2285390764131 42.7812220566002
2014-01-06 46.0436410349602 59.0671056997565 41.7769559912919
2014-01-07 46.4255483013416 59.4477215499866 41.5287719353453
2014-01-08 46.3847187510265 59.2024669960899 42.3351688029285
2014-01-09 46.0124358314332 59.1378065538905 41.7019837772946
2014-01-10 46.2645813292573 59.1100838951138 41.7853058968064
2014-01-13 46.4449353065383 58.4659763836659 41.7853058968064
2014-01-14 46.5931063805935 58.8828416964175 40.4994535852509
2014-01-15 47.5371270411264 59.2715102484915 41.5139621355332
2014-01-16 47.4585011801167 59.0380134188601 41.352382717753
2014-01-17 47.5818149196302 59.1874362188223 41.3189266731382
2014-01-20 47.4496637605678 59.1874362188223 41.0752842916201
2014-01-21 47.5191088135546 59.0287701903095 41.4804265909426
2014-01-22 47.4702239995427 58.8809698720885 41.5460769640339
2014-01-23 47.0352302024867 58.2480827627054 41.2176404555904
2014-01-24 45.8679227703329 57.1036469736688 40.4184651290473
2014-01-27 45.6589008344247 56.9553760633883 39.4052721518433
2014-01-28 45.9406443011227 57.2814737300299 39.338124128303
2014-01-29 45.5979068895642 56.5990342189764 40.3983776537261
2014-01-30 45.7773833223214 56.9939644288606 39.4087623909044
2014-01-31 45.4501745877709 56.4554024811688 39.1657790761077
2014-02-03 56.4285424580189 56.4285424580189 28.2142712290094
2014-02-04 56.0685321631009 56.6944476851314 27.0357242561032
2014-02-05 55.997341109511 56.676058469075 27.3675032201881
2014-02-06 56.8588920085403 57.3672457361722 27.3187529939565
2014-02-07 57.1373937091637 57.974925164699 27.9118091180697
2014-02-10 57.0633173459149 58.003225921045 28.4057420464025
2014-02-11 58.2236990978874 58.71159079901 28.4057420464025
2014-02-12 58.5998095614892 58.5984272076807 28.5634574872377
2014-02-13 58.9485185452937 58.8320634812213 28.0514029553938
2014-02-14 59.3516585764631 59.2975042736888 27.6235125799822
2014-02-17 59.3170108248061 59.2975042736888 27.7780635749477
2014-02-18 59.3355644028962 59.2094475225223 28.6467942504852
2014-02-19 59.3372200133648 58.8796711222199 28.4987474335445
2014-02-20 59.0841462566042 59.2198358173423 27.8862749025845
2014-02-21 59.3181805421159 59.1099700956946 28.6900825519012
2014-02-24 59.6375325201093 59.4911323474566 28.6360626437288
2014-02-25 59.5786205406399 59.3902640800807 29.0489185880078
2014-02-26 59.3475435553289 59.4590892247849 28.893306497677
2014-02-27 58.8966788871592 59.7316009536782 28.800940030048
2014-02-28 59.5339671724846 59.9116826605782 28.6426063974226
2014-03-03 59.2353024921942 59.2353024921942 29.6176512460971
2014-03-04 60.6926938363262 60.0700855892591 29.7576314595623
2014-03-05 60.3943880699564 59.9392861271229 30.1136954678438
2014-03-06 60.3997716914009 60.1653783571935 30.5930041262489
2014-03-07 59.183784146579 60.2783314482844 30.8746227112858
2014-03-10 58.6442105724276 60.1536143499974 30.5634711270899
2014-03-11 58.9118772879025 59.9065701585782 30.7736349009535
2014-03-12 58.1580590860472 59.8656465768362 29.9777777429521
2014-03-13 57.0763777394697 59.0186271920927 29.9486513898506
2014-03-14 57.3208163853798 58.860281772149 28.9615729544261
2014-03-17 58.1086855279837 59.5254312946937 28.8605239489893
2014-03-18 58.4989517015347 59.8513959555807 29.1305788484361
2014-03-19 58.7173128547103 59.4336555649672 29.2351455212632
2014-03-20 58.8380147480361 59.8325620919787 28.7525027787597
2014-03-21 59.1343549665498 59.7289507950757 28.7525027787597
2014-03-24 58.1585597407016 59.6334040024006 29.2600080386564
2014-03-25 59.1056196578106 59.967497564903 29.1546754547425
2014-03-26 59.8029809189657 59.6051925609568 29.2637685055171
2014-03-27 59.8196262605482 59.587754065679 29.5583424462873
2014-03-28 60.6802886379454 59.8032880258608 29.706187071565
2014-03-31 60.4823061248355 60.2964282719334 29.9726038923386
2014-04-01 60.300535315643 60.300535315643 30.1502676578215
2014-04-02 60.4239177481898 60.4478548496614 30.4648360888266
2014-04-03 60.458200177807 60.4462163819786 30.7207620739554
2014-04-04 60.8785662406159 59.8632214125188 30.7042308783738
2014-04-07 59.7174763771767 59.2546912893784 30.1846318414609
2014-04-08 59.5915247590923 59.2921480636053 29.7729603083308
2014-04-09 59.6892214204962 59.9524679851582 29.1468211557831
2014-04-10 59.3639153858325 58.9787663636534 29.1476969796482
2014-04-11 58.4895814485517 58.4554792561281 28.4545373191103
2014-04-14 58.6395203507075 58.9897832687828 28.3528480773714
2014-04-15 57.6006172328372 59.3155638913493 28.5294641366823
2014-04-16 58.5054687272195 59.9074956309872 29.3873166978415
2014-04-17 59.0824327387492 59.8480050392069 29.3870121477322
2014-04-18 59.0824327387492 59.8480050392069 29.5882707349771
2014-04-21 59.0824327387492 59.9964928730944 29.5803425301554
2014-04-22 60.2778050380845 60.2340064423397 29.3283896056929
2014-04-23 59.926819366743 60.1876164614148 29.6494192359851
2014-04-24 59.9550068757025 60.1876164614148 29.3614519948178
2014-04-25 59.0311961044634 59.6762901617737 29.4109201782167
2014-04-28 59.3125561187558 59.99463356813 29.1234625078911
2014-04-29 60.177533050399 60.3106012019996 29.1234625078911
2014-04-30 60.2975246432678 60.4764496576115 29.1558302092789
2014-05-01 59.9719218040632 59.9719218040633 29.9859609020316
2014-05-02 59.6770907374579 59.8053995649696 29.9287839381272
2014-05-05 59.5114769635777 59.8693600616473 29.9287839381272
2014-05-06 59.124477647685 59.4002315281686 29.9287839381272
2014-05-07 59.4602669613909 59.825856736241 29.0509296269234
2014-05-08 59.9979628573234 59.9433157137514 29.3207285624409
2014-05-09 59.8359045655501 60.0605483325001 29.3948586810244
2014-05-12 60.5916073727988 60.4666571706405 29.2912071114425
2014-05-13 60.9161569515977 60.5389787949813 29.8623965558104
2014-05-14 60.9159069028504 60.1714853454747 29.8216552144489
2014-05-15 60.3017771687304 59.5660746909774 29.5990141836952
2014-05-16 60.1334739032476 59.7272421292581 29.1816362938
2014-05-19 60.3226344004589 59.8016646454027 28.9950161650625
2014-05-20 60.19580166976 59.3034949890462 29.1374602502983
2014-05-21 60.5629439176886 59.8784497820271 29.0689805104854
2014-05-22 60.7068283555068 59.9147379200955 29.6809497052262
2014-05-23 61.0009641816791 60.1435937013623 29.9384310214976
2014-05-26 61.780402760103 60.1435937013623 30.2289715911772
2014-05-27 62.0801614981534 60.394328473041 30.2993556801639
2014-05-28 62.0698548559932 60.241055298383 30.3706312954241
2014-05-29 62.0681716419843 60.4784985624528 30.3929255218545
2014-05-30 62.0954568064169 60.5452461040994 30.290786110952
2014-06-02 61.1725956085873 61.1725956085873 30.5862978042937
2014-06-03 60.9858223560494 61.0948092155607 30.7876615679275
2014-06-04 61.0284255605065 61.1503036464705 30.8566940019189
2014-06-05 61.1585166197884 61.5104644322248 30.8800601173797
2014-06-06 61.4005011252613 61.8325918745201 30.8756984686786
2014-06-09 61.532309281647 61.9013515924629 30.9714547485465
2014-06-10 61.6563124562273 61.9116555622585 30.7068740825226
2014-06-11 61.1706863888166 61.538857428464 30.859807751239
2014-06-12 61.1023867807367 61.1381015782257 30.6633175929788
2014-06-13 60.9435853896527 61.2899067120547 30.9178830685829
2014-06-16 60.7659739906346 61.3091588654733 30.5809122381519
2014-06-17 60.9893886322851 61.4095583290219 30.6683131919719
2014-06-18 61.0509279263292 61.7680707685264 30.95466210319
2014-06-19 61.5038451066276 61.8222950436333 31.4571195885169
2014-06-20 61.400807316535 61.9158941742076 31.4330775278142
2014-06-23 60.9930749897985 61.8800158166527 31.4737482473518
2014-06-24 61.0985743477183 61.4447802029097 31.4880010982618
2014-06-25 60.6661902789809 61.6251852736462 31.2634972018421
2014-06-26 60.2797955751676 61.547077768561 31.3492602850368
2014-06-27 60.3429318850378 61.5679354566981 30.9120675369816
2014-06-30 60.4529821463241 61.4757206496636 31.0494764568301
2014-07-01 61.1912717011271 61.1912717011271 30.5956358505635
2014-07-02 61.2460176078495 61.2640611596858 30.6830128028011
2014-07-03 61.9761802811108 61.5961423601534 30.639733723123
2014-07-04 61.8504312467944 61.5961423601534 30.8170843698235
2014-07-07 61.2138893867952 61.4371784167002 30.7019191316073
2014-07-08 60.3895507277284 61.0128117168902 30.572099440017
2014-07-09 60.609107639077 61.297872629088 30.5486234653429
2014-07-10 59.6879377601827 61.0433104050495 30.3765813296827
2014-07-11 59.7324912250014 61.1470285128587 30.2719161405688
2014-07-14 60.4534450921895 61.5498057757711 30.5369849005457
2014-07-15 60.0604356172954 61.5687872829522 30.7333003615435
2014-07-16 60.9246871359411 61.8485407043689 30.7016384024483
2014-07-17 60.2734389565928 61.2661193121406 30.6835918065668
2014-07-18 60.0642012087631 61.7113353608806 30.3750646116722
2014-07-21 59.3970096124668 61.5364912331443 30.3750646116722
2014-07-22 60.1526322630089 61.7595468314129 30.6297327460848
2014-07-23 60.2714596041419 61.662440182852 30.6003458620091
2014-07-24 60.5217266063014 61.6522269631232 30.5122300485917
2014-07-25 59.5945040230496 61.2075113555747 30.858488021012
2014-07-28 59.3112398171894 61.2869757090806 31.0012836381741
2014-07-29 59.6539508833462 61.0326249397782 31.1782950682284
2014-07-30 59.2834927208394 60.9180451556206 31.2345110838164
2014-07-31 58.1328872802576 59.7738402653577 31.1836835089739
2014-08-01 56.8990980849261 59.6361644218357 32.5551485478274
2014-08-04 56.5535028255444 59.910637787817 32.453202662342
2014-08-05 56.7734402438448 59.4051226181696 32.1298336828348
2014-08-06 56.4046174733339 59.4552701875349 31.793191279474
2014-08-07 55.8419927652719 59.1838334973721 31.9454066002005
2014-08-08 55.658821179579 59.8551371924984 30.993275416078
2014-08-11 56.7178390027668 59.9131730617397 31.7318050163861
2014-08-12 56.0304191933695 59.8790351427122 31.7963780478668
2014-08-13 56.8299042246689 60.2090161692191 31.9061044830438
2014-08-14 56.9918874809271 60.4323956547724 32.1177972808182
2014-08-15 56.1733136539458 60.2491850703369 32.1257027631239
2014-08-18 57.1168696124815 60.8849454994081 32.1346363646515
2014-08-19 57.6663964164957 61.1772787755375 32.4013808023716
2014-08-20 57.5446299394737 61.3925651569935 32.411154106007
2014-08-21 58.0818612456617 61.6108105367656 32.6874608978752
2014-08-22 57.6966042556997 61.4724368652888 32.5888717718514
2014-08-25 58.7528408059621 61.7459639202074 32.7441898909697
2014-08-26 59.234784597986 61.8538225039277 32.551183519149
2014-08-27 59.1208611764291 61.9091818601923 32.5797067374327
2014-08-28 58.4588950962524 61.7557307226424 32.4225003156782
2014-08-29 58.505911209168 61.8239924338993 32.348530821082
2014-09-01 58.3216965718098 61.0713737856597 33.2853641066798
2014-09-02 58.4939062773738 60.9610471935055 33.6982965382177
2014-09-03 59.2289745163089 60.9993318811623 33.8268002506364
2014-09-04 59.8305218070179 60.9682604519123 33.714598936409
2014-09-05 59.9705559740315 61.2103511075618 33.698468763302
2014-09-08 60.0383018441743 61.1177018848359 33.7768198188648
2014-09-09 59.7470937386681 60.7692749524733 33.8715362792257
2014-09-10 59.6823040535382 60.9651561017381 33.9567678601414
2014-09-11 59.6276086472914 60.8947535730148 34.2157537517928
2014-09-12 59.3805750588989 60.6751258736438 34.2998238785186
2014-09-15 59.4328730689889 60.8309643631144 34.2998238785186
2014-09-16 59.2685945904578 61.1911041221945 34.2207650266585
2014-09-17 59.4443793510754 61.2799653369307 34.1715995041364
2014-09-18 60.2850229981018 61.6697882863224 34.5563587387498
2014-09-19 60.2919748372234 61.7188998390017 35.1017728199704
2014-09-22 59.9860639214216 61.3365064102925 34.8538638214389
2014-09-23 59.035410591861 60.9192884224754 34.8538638214389
2014-09-24 59.447269443709 61.4700214667271 34.7711693791087
2014-09-25 58.5123043173975 60.52615183626 35.2156942666115
2014-09-26 58.3925728777824 61.1238826862507 34.9053942639143
2014-09-29 57.9764059312079 60.9741203530843 35.0791254676393
2014-09-30 58.2925913879046 60.8729672989256 34.7842226378186
2014-10-01 55.5288227590645 61.5799125298595 36.8410460357248
2014-10-02 54.4258814655054 61.5665000916012 35.878319465365
2014-10-03 54.4258814655054 62.3310447017113 35.9852080532225
2014-10-06 54.5077366639709 62.265893473693 36.4028184915298
2014-10-07 53.7779699909965 61.2672610697455 36.1574288749184
2014-10-08 53.2400850376731 62.2743603424586 35.7271050027636
2014-10-09 53.2974333836721 61.0468791518027 35.4589663274328
2014-10-10 52.0177653103699 60.6249170584515 35.0503356021642
2014-10-13 52.1575641926806 59.8076388171579 35.0503356021642
2014-10-14 52.2332059774094 59.7860923222148 34.216396580221
2014-10-15 50.7342535919446 59.1504938916691 34.5302570823093
2014-10-16 50.7990638169351 59.0607150277215 33.7625227665037
2014-10-17 52.3815244522445 60.0250863184293 33.2909177076483
2014-10-20 51.5972473778349 60.0956626413426 34.6166448951407
2014-10-21 52.5986817545703 60.8840332903825 33.9134866740267
2014-10-22 52.9134329681007 60.3215770077151 34.8103060728341
2014-10-23 53.5477327337886 61.115222454503 34.6801673183911
2014-10-24 53.1955160922981 61.5824747746633 35.0299243099493
2014-10-27 52.6913107232116 61.6283876746927 35.2523143150538
2014-10-28 53.6713189449026 62.3166087990617 35.117593979743
2014-10-29 53.7578443141807 62.2014007021852 35.6307307803774
2014-10-30 53.9474198491253 63.0116434979266 35.8696372846206
2014-10-31 55.2023498702804 63.7265749776263 37.6004650567261
2014-11-03 52.3579665175693 62.6117559618531 41.5596674252103
2014-11-04 51.875623391899 62.6752091026306 42.6958042748798
2014-11-05 52.718916978586 63.0382320352989 42.8853236111741
2014-11-06 53.0693944486776 63.2903968208307 42.5185888842855
2014-11-07 52.5850727819512 63.3605537001361 42.7411528200946
2014-11-10 52.9248562039621 63.5040855272486 42.4883284966143
2014-11-11 53.0219703402124 63.5082683247904 43.3582738338908
2014-11-12 52.1274061056741 63.4985295949447 43.5429615969691
2014-11-13 52.3399109849388 63.6448710776261 44.0385712547632
2014-11-14 52.3649853553219 63.5797983388579 44.2868112727163
2014-11-17 52.6672428806278 63.6267033846788 42.9776922202418
2014-11-18 53.5171573840774 63.7711717648494 43.9151905725554
2014-11-19 53.6092312292905 63.7636371034517 43.7751441742166
2014-11-20 53.6724449510663 63.8835861383533 43.8058051321508
2014-11-21 55.0792293395069 64.2118932831177 43.9492440177585
2014-11-24 55.3791159375432 64.2401588370138 43.9492440177585
2014-11-25 55.8073532516538 64.2294835541099 44.0761210398165
2014-11-26 56.1149329341215 64.2756703413301 44.0152540917353
2014-11-27 56.4505879562809 64.2756703413301 43.673231106296
2014-11-28 56.4844275787643 64.277437817258 44.2083686729297
2014-12-01 57.2889758289179 65.9880936275808 41.6931646124533
2014-12-02 57.1197586831449 66.3695051483467 41.8664808458204
2014-12-03 57.3365863969702 66.492256033766 42.0020811938535
2014-12-04 56.6440684946302 66.4457831019957 42.3973966420368
2014-12-05 57.9997203935299 66.6636403625471 42.4761801141019
2014-12-08 57.58498229212 66.2690192226287 42.5121877436851
2014-12-09 56.3126474915287 66.0786614654581 42.2223999276621
2014-12-10 56.3472646842038 65.0836550311321 41.2723966127018
2014-12-11 56.7083559600606 65.3182164458775 40.9045799215848
2014-12-12 55.1685394838728 64.1470333834293 41.1752158242408
2014-12-15 53.6694269820479 63.7758662086197 40.5300783465399
2014-12-16 54.9912084940601 63.3602271223671 39.7145180204191
2014-12-17 54.8793160782092 64.4292929907913 39.8671870409596
2014-12-18 56.4124056444272 65.9931034261457 40.7923488866306
2014-12-19 56.2738358081032 66.0920305870109 41.7673557020681
2014-12-22 56.726925154126 66.666054636225 41.7999236721598
2014-12-23 57.0509342066704 66.9063363551659 41.7999236721598
2014-12-24 57.0509342066704 66.9287608135555 42.3192242522506
2014-12-25 57.0509342066704 66.9287608135555 42.2114235732994
2014-12-26 57.0509342066704 67.0159936187915 42.2356261831962
2014-12-29 57.0797959026877 66.9585295874196 42.0243857396979
2014-12-30 56.3807251622155 66.7537731945529 41.3629156652246
2014-12-31 56.3807251622155 66.159847712095 41.3629156652246
2015-01-02 53.2658464239409 65.561395415814 45.0762466997802
2015-01-05 51.6753530085472 64.3432540845571 44.9676071632516
2015-01-06 51.6562607803413 63.8652847947858 43.6101577933649
2015-01-07 51.9209310595956 64.6479150743304 43.6156871392439
2015-01-08 53.6634005261864 65.8366810278014 44.3435125150404
2015-01-09 52.6318182414743 65.2098530100815 44.4226336219654
2015-01-12 53.359507015113 64.8549716734809 44.4226336219654
2015-01-13 54.2273830272577 64.755119786405 44.1384474425341
2015-01-14 53.5514094758039 64.0691388946678 43.3848419954334
2015-01-15 54.7271103833754 63.6780463505318 44.1926612656254
2015-01-16 55.4643932089747 64.3797237878789 43.561004127988
2015-01-19 55.8712217429158 64.3797237878789 43.9487949123201
2015-01-20 55.9518469898171 64.393180028095 44.8580595185984
2015-01-21 56.1815024171075 64.5367395556582 44.6363811823684
2015-01-22 56.9254973555492 65.4915077131028 44.7617601078881
2015-01-23 58.092632327649 64.9717336121213 45.233762427647
2015-01-26 58.9040520264021 64.994158283354 45.1220958743681
2015-01-27 57.9780789584133 63.9225276594959 45.8964464585623
2015-01-28 58.4275080957037 63.2025327891134 45.967298771464
2015-01-29 58.5742476341921 64.0314915855415 45.4777851744242
2015-01-30 58.3366868297964 63.1054023062068 45.6538716338848
2015-02-02 55.2611050126536 66.8383843079552 44.9964714492792
2015-02-03 55.5823235682031 68.0139969995459 44.4270604038349
2015-02-04 55.6862831322396 68.0394800723925 45.3057956751005
2015-02-05 55.6561204561417 68.8551264637339 44.859570742907
2015-02-06 55.3549073467179 68.6218536855705 45.2282981925515
2015-02-09 54.4215738364696 68.2558117586733 45.3908512051659
2015-02-10 54.8825265280603 68.7930617563422 45.2390095943826
2015-02-11 54.8737498496925 68.7675786796458 45.2390095943826
2015-02-12 55.7287959651915 69.1919933186531 46.0771266325227
2015-02-13 55.9520755333255 69.3728186339901 45.9070606251431
2015-02-16 55.7470670113566 69.3728186339901 46.1413199555903
2015-02-17 55.6061566691718 69.4815033117607 46.0960117336118
2015-02-18 55.9398250586779 69.4132426565804 46.6395152046424
2015-02-19 56.1487658936407 69.2435384595467 46.8076791863439
2015-02-20 56.3973039590922 69.8390032615437 46.9806933324993
2015-02-23 56.80701698557 69.748146963702 47.3256855217263
2015-02-24 57.1888649158789 70.1036843618374 47.6756530057082
2015-02-25 57.2119803325214 70.162899237235 47.6288031416216
2015-02-26 57.8086899973114 70.1238211806007 48.1428602701935
2015-02-27 58.1887487004049 69.8092040811561 48.1739984126591
2015-03-02 55.863832031638 70.468780477688 49.839338684894
2015-03-03 55.2273667544621 70.1402545571194 49.8083111296225
2015-03-04 55.766009918252 69.7300148278949 49.512983192539
2015-03-05 56.3223289565525 69.8795951909901 49.6406868428893
2015-03-06 56.5522396072758 68.8047929897155 50.2208571495334
2015-03-09 56.7047005805224 69.3401546312818 49.7431641206923
2015-03-10 56.3045574604778 68.0578996044218 49.4110901693264
2015-03-11 57.8007911278397 67.951749924453 49.5657160773206
2015-03-12 57.7684754063165 68.9529133723484 50.2740915625449
2015-03-13 58.2689363963509 68.3907001136359 50.9706888815246
2015-03-16 59.5717777588009 69.2696390345266 50.9490094049949
2015-03-17 58.6568828245796 68.7751267682392 51.4544726379991
2015-03-18 58.3725293404052 69.6502125422748 51.7389996149646
2015-03-19 58.2581166775785 69.1987772556452 51.559199040384
2015-03-20 58.9433926041541 69.8484990936879 51.7806678476996
2015-03-23 58.2406846427074 69.8037589378685 51.7806678476996
2015-03-24 58.7785006709107 69.3995698552414 52.1863010464382
2015-03-25 58.0912644704484 68.2721330629826 52.2729982722907
2015-03-26 57.9853144261991 68.1168181346328 51.5447943135157
2015-03-27 58.1059999439209 68.2494807748175 51.0537616577129
2015-03-30 59.1717350436016 69.2653644497342 51.3867042385118
2015-03-31 58.5850127395387 68.4939975632955 50.8455807713983
2015-04-01 56.4346421100568 71.169836429693 50.3201125344826
2015-04-02 56.274808260436 71.4314649416911 51.0548933912305
2015-04-03 56.274808260436 71.4314649416911 51.378179415043
2015-04-06 56.274808260436 71.9044084945822 51.2801036489654
2015-04-07 57.0089850097506 71.8825740493191 51.9213265747161
2015-04-08 56.5967812096247 71.9915106631616 52.3159376134718
2015-04-09 57.2108139325679 72.2175914413551 52.7069498707806
2015-04-10 58.1902657889919 72.6153789422443 52.6274049758072
2015-04-13 58.0209813287242 72.2912159378874 52.6216686171194
2015-04-14 57.4984055605522 72.5311278209123 52.6301776386582
2015-04-15 57.5159934400869 72.8363859593826 52.5272897304371
2015-04-16 56.4227944032384 72.8088808381065 52.5696128171062
2015-04-17 54.9643139928409 71.6850508411608 51.9539530963474
2015-04-20 55.9198775641998 72.5240119912593 51.9053360169727
2015-04-21 56.144038036888 72.180834170405 52.6312619186546
2015-04-22 55.8044818070591 72.537442529552 53.2255664737068
2015-04-23 55.1283312752814 72.619557330863 53.3676588722189
2015-04-24 55.5387028156469 72.7058191063326 52.9245649976995
2015-04-27 56.6122980301561 72.5362408500428 52.8274960626694
2015-04-28 55.5425142881862 72.826458354579 53.0274270913667
2015-04-29 53.7606052327168 72.5264232038927 53.0274270913667
2015-04-30 53.8624587832105 71.7422288181942 51.6026977977929
2015-05-01 49.2497875089666 70.8829541596791 57.074643730552
2015-05-04 49.9612488825118 71.0651941732129 57.074643730552
2015-05-05 48.7050214243045 70.5059617444244 57.074643730552
2015-05-06 48.8016375099618 70.1668905518916 57.074643730552
2015-05-07 49.0502402314531 70.489685650761 56.3743743370754
2015-05-08 50.3477048322304 71.5399045947198 56.6291848234057
2015-05-11 50.1912799849061 71.2019317893344 57.3355325475471
2015-05-12 49.3273113141005 71.0566605533188 57.3470157434047
2015-05-13 48.8072681983873 71.0262206465475 57.7557706625296
2015-05-14 49.7031441093367 71.7803130123979 57.1874666862331
2015-05-15 49.218186782042 71.8602264043405 57.6628435404152
2015-05-18 49.8513097694731 71.9637359028855 58.1226450254857
2015-05-19 50.9651324277755 72.016865558192 58.5203847538972
2015-05-20 50.9442346352792 71.9107214673867 59.0176778439056
2015-05-21 51.0135454443303 71.9120579628855 59.0361125950838
2015-05-22 50.8003686219166 71.7007913552171 59.2159455814483
2015-05-25 50.8003686219166 71.7007913552171 59.6523982861652
2015-05-26 49.9839521955802 70.9516916550006 59.7216855540148
2015-05-27 50.6117006245442 71.4293208681886 59.8242523951157
2015-05-28 50.2094275169429 71.2843184705256 60.0547552657751
2015-05-29 49.0753956803728 70.8303314550094 60.0889137735923
2015-06-01 40.8015428158995 71.9978563635898 67.1952417294852
2015-06-02 40.4188962253703 71.884395459487 67.1080876463873
2015-06-03 40.7429249688444 72.1411323188885 66.880466197777
2015-06-04 40.4609955705406 71.4599226039528 66.9284200816698
2015-06-05 39.9491973963515 71.2359550260508 66.8392753668886
2015-06-08 39.4774254790842 70.9050663658403 66.827152908829
2015-06-09 39.2504067584714 70.8950422703035 65.6482440209675
2015-06-10 40.1926614432634 71.8383438669751 65.4851012792477
2015-06-11 40.4330977406049 71.9938654332601 66.5847037803039
2015-06-12 39.9468420879575 71.433022799653 66.6634614656332
2015-06-15 39.1921791431504 71.0033196423481 66.6004438317124
2015-06-16 39.4028222166055 71.4555341410439 66.1762663221023
2015-06-17 39.1673473916645 71.5802896852814 66.0499439454922
2015-06-18 39.6036538390214 72.2990546811954 65.3036727665949
2015-06-19 39.3888715569833 71.9003981562314 65.9028475067116
2015-06-22 40.8887762308601 72.3147767636555 66.7324191019779
2015-06-23 41.1814787130068 72.4117205121579 67.9777781921843
2015-06-24 40.927164928061 71.7013349134734 68.1692364408364
2015-06-25 40.9338371322003 71.399177838711 67.8535804367939
2015-06-26 41.0026949837726 71.6239482840402 67.640429371379
2015-06-29 39.5426458440016 70.225805346357 65.6928291412886
2015-06-30 39.0494671280346 70.3182359193686 66.1037166117363
2015-07-01 35.0942839318279 70.1885678636558 70.1885678636558
2015-07-02 34.8395623305639 70.0786846067445 70.8555358405962
2015-07-03 34.7109937959571 70.0786846067445 70.9152276789293
2015-07-06 34.1844154832478 69.894776438979 69.4386638384927
2015-07-07 33.513166529082 70.2636658215627 70.3517696187439
2015-07-08 33.7345191053306 69.2301193696684 68.1457474826895
2015-07-09 34.5164474080318 69.3613400828791 68.5526661899358
2015-07-10 35.5184408551924 70.1984491739068 68.2914098678344
2015-07-13 36.0481273999351 71.0572122354112 69.3615000625211
2015-07-14 36.1502054770658 71.357210356113 70.3819459600006
2015-07-15 36.2216457216999 71.3437316323371 70.6512470585786
2015-07-16 36.7775407172328 71.6207248295873 71.1235219936985
2015-07-17 36.6415020077925 71.4871264280737 71.2989156620565
2015-07-20 36.8370538208212 71.5423073680299 71.2989156620565
2015-07-21 36.4261114734306 70.8264218789109 71.9585334211267
2015-07-22 36.1620375946995 70.5566621090612 71.1012555608566
2015-07-23 36.1351701039867 70.0858408373968 71.4129518924072
2015-07-24 35.6183210988423 69.4400354543111 70.9315937108911
2015-07-27 34.7047497505234 68.9343516829414 70.2603100112171
2015-07-28 35.0735991810205 69.6840652171581 70.1870843356924
2015-07-29 35.1926866937257 70.1627992602553 70.0973847351377
2015-07-30 35.3348805585655 70.1414154882786 70.856675460699
2015-07-31 35.4975997723058 69.9195955117049 71.0721514039455
2015-08-03 35.5515795105169 70.5957386751825 70.3420285022567
2015-08-04 35.589948398877 70.4051517302731 70.2470323517441
2015-08-05 36.149857528372 70.3641588880164 70.5677981405197
2015-08-06 35.9907966738185 69.87988392922 70.7402594787913
2015-08-07 35.697934666821 69.693872637957 70.9460711002187
2015-08-10 36.0519375185531 70.6638171927179 71.2340682972219
2015-08-11 35.0853672947191 69.8120482979104 70.9330265129629
2015-08-12 33.9388907467031 69.8107241794628 69.8102559905006
2015-08-13 34.2185495106534 69.8337513116344 70.5044339417129
2015-08-14 34.1269338070712 70.1111503154514 70.2439166286318
2015-08-17 33.9877263615299 70.3830491318617 70.5890198320939
2015-08-18 33.9118926621208 70.2472995160002 70.3638051390909
2015-08-19 33.1856536186327 69.5949868105479 69.2278228772274
2015-08-20 32.4091166498908 68.1586938304546 68.580440960891
2015-08-21 31.4532922597614 66.0288132438169 66.5343797991972
2015-08-24 29.9742499281295 63.6684262677129 63.4700251620842
2015-08-25 31.464478003778 62.8464265464452 60.9574010501397
2015-08-26 31.0584691807119 65.3298429757177 62.9091212985528
2015-08-27 32.0469740205665 66.8111403260202 63.5855944491909
2015-08-28 31.9938819349263 66.763965652834 65.509072598803
2015-08-31 31.8725043289813 66.3027178262092 64.6674928248343
2015-09-01 45.9064180020549 51.7992109859599 65.1370859920099
2015-09-02 46.0552879251552 52.7444349571514 64.8850490578964
2015-09-03 47.2918719555509 52.81985114386 65.1969717276736
2015-09-04 46.009408111247 51.9412388722763 63.7977143154119
2015-09-07 46.3328675035926 51.9412388722763 64.0426568476297
2015-09-08 47.0788329650784 53.2002239136558 62.4886391770208
2015-09-09 47.2244040111915 52.4289318869084 67.3058026179065
2015-09-10 46.7996061894814 52.6767616806973 65.6173204266407
2015-09-11 46.4013873211301 53.0080057232979 65.490391520036
2015-09-14 46.4388834366202 52.8075941619351 64.4199768999865
2015-09-15 46.6973456826374 53.5459205440316 64.6379214772179
2015-09-16 46.8764694210102 53.9978380470217 65.1582781598379
2015-09-17 46.8873328644614 53.7874942660953 66.0929676561421
2015-09-18 45.4507710410908 52.851528397477 64.7947267186096
2015-09-21 45.599045644793 53.2567049365277 64.7947267186096
2015-09-22 43.8671700153253 52.6769853369372 64.7947267186096
2015-09-23 44.0594937122303 52.5138298292044 64.7947267186096
2015-09-24 43.2116347818251 52.2603897365681 63.0076722267565
2015-09-25 44.4074283024115 52.6260201099581 64.1145113276486
2015-09-28 43.4678992737959 51.6170888187816 63.2704313079614
