time value.DAX value.Dow.Jones value.Nikkei value.mixed
2013-02-01 21.0931517492911 2.27910312643909 15.0892835858083 61.539032967033
2013-02-04 20.5676394570369 2.2457527386698 14.8130230654821 61.5396019588854
2013-02-05 20.6388086064573 2.26996012545361 14.6026046717284 61.5401709559987
2013-02-06 20.4140201233903 2.28221443651558 15.2163931531205 61.5407399583731
2013-02-07 20.4400585471867 2.27125452365686 14.9084691438848 61.5413065239155
2013-02-08 20.6050956602038 2.28851193068635 14.7150141971982 61.5418608840973
2013-02-11 20.5555498135954 2.30701107175135 14.7150141971982 61.5424152492728
2013-02-12 20.6267715545936 2.31173471738377 15.2156738986787 61.5429671772825
2013-02-13 20.7659858743995 2.30016146111559 14.8658360034757 61.5435191102421
2013-02-14 20.5486825803397 2.29159265068541 14.9919778199222 61.5440710481516
2013-02-15 20.447220297048 2.30460995759038 14.8956663487695 61.544620548786
2013-02-18 20.5420585861606 2.30460995759038 15.2100962259967 61.5451651698329
2013-02-19 20.875202885603 2.32094933982667 15.1070984933479 61.5457049111624
2013-02-20 20.8117884640943 2.30134465678151 15.2747463597521 61.5462446572253
2013-02-21 20.4204547841196 2.28862281579681 15.0447269481122 61.5467819657104
2013-02-22 20.6314036175194 2.33544278817629 15.3603670191678 61.5473143942211
2013-02-25 20.9310492818591 2.30631738664457 15.7654115839885 61.5478346155689
2013-02-26 20.4569143619426 2.32272595686001 15.3243592850379 61.5483475141907
2013-02-27 20.6688861151289 2.37684253723716 15.5875793289216 61.5488604170867
2013-02-28 20.846256110664 2.3709583880716 16.0265598124242 61.5493708818417
2013-03-01 19.7534213564135 5.10114995284231 14.389203001904 61.5498740235243
2013-03-04 19.711188711749 5.15464411233457 14.365502399992 61.5503673994986
2013-03-05 20.1689570085065 5.20499511678603 14.4347185200126 61.550855894478
2013-03-06 20.2945788262437 5.21009100975279 14.7445561777941 61.5513443933343
2013-03-07 20.3469595213325 5.22180796916215 14.7608805044028 61.5518328960676
2013-03-08 20.4666364105761 5.24925353345569 15.0254577624093 61.5523238452109
2013-03-11 20.4610493529271 5.27728492546387 14.8586742566563 61.5528147982701
2013-03-12 20.4144859554347 5.27748496708036 14.7937770994019 61.5533057552453
2013-03-13 20.4267612139614 5.27088176554072 14.664800536978 61.5538016013194
2013-03-14 20.6508916713578 5.31083561598625 14.9128746543034 61.5542998939991
2013-03-15 20.6111190837932 5.3180498907393 15.1427469162019 61.5547981907125
2013-03-18 20.5287296980417 5.25036309739088 14.7360243667236 61.5553013767612
2013-03-19 20.3675121319928 5.31061890559837 15.2612165044116 61.5558070095939
2013-03-20 20.5063576961783 5.33074631337623 15.2612165044116 61.5563199746524
2013-03-21 20.3283539327725 5.30744730715574 15.4234611219469 61.5568353866966
2013-03-22 20.2741288220708 5.33415626181476 15.0131638607842 61.5573605739826
2013-03-25 20.1704685776848 5.28436060025901 15.3607248055757 61.557883322997
2013-03-26 20.1929431885982 5.33473601159374 15.2765680290138 61.5584036336775
2013-03-27 19.960816920978 5.36467066724149 15.4766118974863 61.558921505962
2013-03-28 19.9767572394633 5.40375988360666 15.2987624162953 61.5594369397889
2013-04-02 14.0523182821007 11.0184534470284 16.001872021565 61.5599499350968
2013-04-03 13.9300481707476 10.9115533730377 16.5462598841293 61.5604629346795
2013-04-04 13.8285813743849 10.9695977768738 16.9121881107653 61.5609759385373
2013-04-05 13.547954719542 10.9184766782839 16.8796175408151 61.5614889466702
2013-04-08 13.5548361819123 10.8340470199581 16.669983115847 61.5620019590781
2013-04-09 13.5103817829055 10.8684748366286 16.463159451332 61.5625174186976
2013-04-10 13.8166228152095 10.9218635316214 16.4455762120779 61.5630328826332
2013-04-11 13.9245288361518 10.943959673278 16.6950956344972 61.5635483508847
2013-04-12 13.7001199339613 10.9380479180953 16.5626919436119 61.5640613804543
2013-04-15 13.6432656012366 10.723579080531 16.4772541126282 61.5645744142991
2013-04-16 13.5901089637342 10.8666756995301 16.526504793771 61.5650874524193
2013-04-17 13.2724932641169 10.7484780641252 16.7872705739207 61.5656004948147
2013-04-18 13.2206633399868 10.6641672951446 16.4631181216746 61.5661086553267
2013-04-19 13.1963048488623 10.7355550472964 16.6518007267357 61.5666168200331
2013-04-22 13.2284111391134 10.7492399235934 16.7303502262946 61.5671249889338
2013-04-23 13.5469994169249 10.8591200857315 16.6582399581149 61.5676307188891
2013-04-24 13.725344761842 10.8547173520174 17.1859815487547 61.5681340098386
2013-04-25 13.8559465641837 10.8895626320381 17.2444401368361 61.5686373049023
2013-04-26 13.8239283765454 10.871509877409 17.1752310143208 61.5691430472802
2013-04-29 13.9278369817939 10.9525050461271 17.1752310143208 61.5696487938124
2013-04-30 13.9989664390686 10.9319892749273 17.3555650055317 61.5701545444989
2013-05-02 18.5055047746287 12.0682944587151 11.7468475532623 61.5706602993398
2013-05-03 18.8787431134649 12.226807693639 11.7468475532623 61.5711513986541
2013-05-06 18.8550119699091 12.244102691654 11.7468475532623 61.5716449451851
2013-05-07 19.0170158945681 12.3267989094613 12.0067667925926 61.5721384956724
2013-05-08 19.1749068755844 12.3829163389779 12.1277631397377 61.5726344934547
2013-05-09 19.2047506899925 12.3296098825705 12.0394298107607 61.5731304952326
2013-05-10 19.2420327587634 12.3514030540541 12.3552707234107 61.573626501006
2013-05-13 19.2436602309998 12.4633301490801 12.3315533293799 61.574122510775
2013-05-14 19.382701353229 12.5799060483787 12.3033180411206 61.5746185245397
2013-05-15 19.4368800863206 12.6230678141033 12.5828606850327 61.5751145423
2013-05-16 19.4541966702982 12.6699530467573 12.5443036164075 61.5756081205991
2013-05-17 19.5195793188393 12.7875973423936 12.6524239498745 61.5760968159017
2013-05-20 19.6539945122824 12.8134533005242 12.7639442595264 61.5765830715869
2013-05-21 19.6920437855904 12.8411499275225 12.8417920469705 61.5770668875967
2013-05-22 19.8284564353895 12.7443048639152 13.0217087237546 61.5775531509424
2013-05-23 19.4126155315601 12.7110667296348 12.0126862584558 61.578039418128
2013-05-24 19.3041627290368 12.7448725386331 12.2223472420576 61.5785281327265
2013-05-27 19.4854114666953 12.7448725386331 11.8871832504547 61.5790192947962
2013-05-28 19.7121953967082 12.7808062727276 12.0598884721908 61.5795055735596
2013-05-29 19.3768202048555 12.7219069257428 11.9949808886917 61.5799942997944
2013-05-30 19.5246932603514 12.7478756515408 11.4114011695546 61.5804830299078
2013-05-31 19.4053157365139 12.4849822546928 11.5601300125204 61.5809717639001
2013-06-03 17.0397989314377 11.5207183873881 14.8899106849013 61.5814605017713
2013-06-04 17.0606933555641 11.4383084290166 15.2162098649627 61.5819492435213
2013-06-05 16.8554946023649 11.2351316813379 14.6025790190089 61.5824379891502
2013-06-06 16.6552533535735 11.2874616099648 14.5115219779127 61.582926738658
2013-06-07 16.9758002169041 11.3892017479462 14.558787107079 61.5834228233456
2013-06-10 17.0848171381603 11.3166443343773 15.3638812369922 61.5839213558161
2013-06-11 16.9095401475533 11.2334748341035 14.9996572541394 61.5844223361287
2013-06-12 16.7466855404195 11.0897772063309 15.0428994056833 61.5849306519956
2013-06-13 16.6482202626694 11.1923276538345 14.238202482219 61.5854414159046
2013-06-14 16.7152003086823 11.0892336968606 14.7173547764764 61.5859521840497
2013-06-17 16.8957009053209 11.1657484088026 15.2157560549722 61.5864654003179
2013-06-18 16.9240381154662 11.2726042224533 15.0906563915423 61.5869786208629
2013-06-19 16.8573462600106 11.0927081853146 15.2712387081238 61.5874967335402
2013-06-20 16.3049684847085 10.8256739689336 14.9488912378402 61.5880197384728
2013-06-21 16.0186210793955 10.975543633886 15.0502667736334 61.5885476357848
2013-06-24 15.8195717610508 10.9671145268954 14.9084784455879 61.5890877575716
2013-06-25 16.0639867246199 11.0576559022977 14.7995312576298 61.5896376601409
2013-06-26 16.3306959000164 11.1630857299294 14.7011715038585 61.5901802355203
2013-06-27 16.4330271688703 11.30647304873 15.1976744741646 61.5907154835152
2013-06-28 16.3681859695419 11.2346544839654 15.6966049012101 61.5912482920856
2013-07-01 16.9340483701167 12.4927723117855 13.8726246728153 61.5917908816539
2013-07-02 16.778896015028 12.4324296399419 14.0365140755021 61.5923310318835
2013-07-03 16.6061385760389 12.4799781449369 13.9312446510411 61.5928736309902
2013-07-04 16.9560860513872 12.4799781449369 13.9280702795098 61.5934162348769
2013-07-05 16.5566767788945 12.6649510572145 14.2666046335878 61.5939466226278
2013-07-08 16.9014273411994 12.8793001887229 14.038410568537 61.594477014946
2013-07-09 17.0906433916394 12.930194156176 14.3901672181098 61.5950074118314
2013-07-10 17.1091598478457 12.9228590216496 14.344125703331 61.5955378132841
2013-07-11 17.3049719798991 13.092403994398 14.5093546205657 61.5960706635715
2013-07-12 17.4194428112119 12.8427596304592 14.4678735612727 61.5966084070456
2013-07-15 17.4661901596512 12.8603199699162 14.4678735612727 61.5971437109043
2013-07-16 17.3945850459904 12.8471654059126 14.4989243011372 61.5976790194152
2013-07-17 17.5084199872282 12.817521489025 14.4702317125489 61.5982167769304
2013-07-18 17.6831285964274 12.8449024462921 14.6382118734241 61.5987545391404
2013-07-19 17.6714215624414 12.8742546992479 14.3638755188597 61.5992923060451
2013-07-22 17.670338268794 12.8375465104447 14.3174578535659 61.5998325220609
2013-07-23 17.634643420506 12.8304896319637 14.5108429156325 61.6003800761278
2013-07-24 17.7722549055538 12.78229546904 14.4699686363942 61.6009300795213
2013-07-25 17.6022978759405 12.7739325183302 14.2407106648036 61.6014800878256
2013-07-26 17.4876136976578 12.7775432386863 13.8278093450911 61.6020325455439
2013-07-29 17.5175627385557 12.686794715908 13.5257730621832 61.6025850082167
2013-07-30 17.5429921863555 12.6904452652028 13.7841682666777 61.6031399203912
2013-07-31 17.5534916476883 12.6837447074266 13.5713822935417 61.6036972821333
2013-08-01 20.7563476907461 11.9746031368765 11.077667821034 61.6042546489182
2013-08-02 20.7469944761192 12.0114304771314 11.3805463411866 61.604812020746
2013-08-05 20.7258684050116 11.9507187405946 11.1621767638758 61.6053669529813
2013-08-06 20.4824173107197 11.8899743014546 11.3172128446853 61.6059243348728
2013-08-07 20.3855545412059 11.8451101146528 10.9203674809531 61.6064792771277
2013-08-08 20.5282940923199 11.839530664588 10.8369627465377 61.6070342243815
2013-08-09 20.5776244079991 11.7398009207172 10.875796562637 61.6075891766342
2013-08-12 20.6293020651866 11.7494371469401 10.831268538504 61.6081416891404
2013-08-13 20.768759197399 11.7998423366057 11.0967635275138 61.608691761834
2013-08-14 20.8239409942185 11.737967161544 11.131610281114 61.6092442842284
2013-08-15 20.6713541765283 11.5872210837171 10.8659979298726 61.6097968115779
2013-08-16 20.7099768571967 11.5419036934453 10.8005169273549 61.6103493438827
2013-08-19 20.6466757639134 11.450708477081 10.8859863296502 61.6109018811427
2013-08-20 20.4831571794013 11.4353578571686 10.5712918041835 61.6114519784809
2013-08-21 20.4470770514207 11.3210393738892 10.5990400258203 61.6119996358318
2013-08-22 20.7246585828508 11.3560597250237 10.523249832266 61.6125472980508
2013-08-23 20.7717957971004 11.4368019837152 10.7082762579666 61.6130974100803
2013-08-26 20.8166121818603 11.353963965343 10.6140209309685 61.6136475270214
2013-08-27 20.3413286072105 11.2296085947506 10.5601042782708 61.6141976488744
2013-08-28 20.1324019853353 11.2714320742865 10.4909758917912 61.6147477756391
2013-08-29 20.2228481281886 11.2906874573721 10.6375893857552 61.6152979073157
2013-08-30 19.9972876762682 11.3360905664841 10.5767186252999 61.6158455988526
2013-09-02 22.0342948631066 8.33728840804748 11.5385135968981 61.6163957403312
2013-09-03 21.8654797943158 8.39929551682814 11.8023267457552 61.6169458867217
2013-09-04 21.9061331234893 8.47213244064606 11.8270999437827 61.6174960380243
2013-09-05 22.0105345269439 8.47395405207089 11.8218893969878 61.6180461942389
2013-09-06 22.1192896859283 8.47124032108586 11.6256168031032 61.6185963553657
2013-09-09 22.1210280545382 8.54458046414972 11.9984013267124 61.6191465214045
2013-09-10 22.5759929682262 8.60214414603678 12.1020501435573 61.6196966923556
2013-09-11 22.7074696198085 8.64419828553018 12.0076139054973 61.6202444229929
2013-09-12 22.7028444057214 8.61655761694895 11.9302486319723 61.6207921584989
2013-09-13 22.7440589206631 8.640807670888 12.0087505701761 61.6213374536041
2013-09-16 23.0209087434046 8.71341863599219 12.0087505701761 61.6218827535347
2013-09-17 22.9780106711586 8.69253891784077 11.9537973904119 61.6224256129781
2013-09-18 23.0825425825585 8.78216944573111 12.0908662598389 61.6229684772037
2013-09-19 23.2378865895983 8.74251231028204 12.31292143263 61.6235089008558
2013-09-20 23.1885753406738 8.53668390346388 12.1680539320445 61.6240493292474
2013-09-23 23.0804857727447 8.51425246872661 12.1073766759082 61.6245897623784
2013-09-24 23.1588246716508 8.48297419472952 12.1499603634594 61.6251302002489
2013-09-25 23.1615783978478 8.46595875294612 12.1027551374148 61.625670642859
2013-09-26 23.1574882668706 8.49268980678984 12.2699203036121 61.6262110902087
2013-09-27 23.1505661097404 8.44761328465973 12.2091061187295 61.6267588787517
2013-09-30 22.9711955306504 8.36528169083812 12.0060223873768 61.6273091176703
2013-10-01 27.2762217763761 6.17112560058851 9.89515223190076 61.6278593615017
2013-10-02 27.0887545981756 6.13462213186372 9.64403781121286 61.628409610246
2013-10-03 26.9898417713187 6.07608173594118 9.67875950792295 61.6289574183314
2013-10-04 27.0685066845215 6.07953355769674 9.55462476049809 61.6295076768798
2013-10-07 26.9699709189232 6.04542540660497 9.4745583269625 61.6300579403412
2013-10-08 26.8579345006573 5.9750538490532 9.53526955830114 61.6306130999901
2013-10-09 26.7348835880304 5.98398552237581 9.64015006007538 61.6311707102991
2013-10-10 27.2656425864415 6.12994507212718 9.74121492802818 61.6317258799718
2013-10-11 27.388258194642 6.18545108771527 9.84423540812721 61.6322810546454
2013-10-14 27.3850547011247 6.20002607413017 9.74913270703769 61.63283623432
2013-10-15 27.6381643654269 6.13561348309798 9.78723212985342 61.6333865275007
2013-10-16 27.7686246979999 6.23495594028191 9.80825897760163 61.6339368255947
2013-10-17 27.6618334263809 6.23683753136838 9.89215649707863 61.6344846828109
2013-10-18 27.8285805960554 6.21191414088744 9.84566947493806 61.635032544897
2013-10-21 27.8352358934845 6.1717080515786 9.92899785510064 61.6355779660183
2013-10-22 28.0871193372586 6.20649965578008 9.91412681520606 61.6361233919662
2013-10-23 28.0004809488195 6.17026177476475 9.68090520040936 61.6366663768627
2013-10-24 28.1912435872337 6.17844626865625 9.74384086145244 61.6372167042411
2013-10-25 28.2072855744589 6.19378222813369 9.47951819491536 61.637774374297
2013-10-28 28.1850297312038 6.18965546533648 9.67729415634424 61.6383344953419
2013-10-29 28.3212348918516 6.23485548866881 9.60875703309929 61.6388921755111
2013-10-30 28.2842858957904 6.22389522493545 9.7335533357281 61.639449860726
2013-10-31 28.3585272287816 6.20516539829053 9.58659251115087 61.6400124430065
2013-11-01 33.982087399073 5.29213576269279 4.87606197645725 61.6405652462927
2013-11-04 34.0930005321891 5.37282511514887 4.87606197645725 61.6411205005908
2013-11-05 33.9869172396212 5.36047786175457 4.92969898805248 61.6416757598905
2013-11-06 34.1067311238374 5.40744039658998 4.98270465084976 61.6422334702903
2013-11-07 34.258235528265 5.35017692827333 4.93298488123879 61.6427911857359
2013-11-08 34.2478611384798 5.42018952682786 4.89343356404639 61.64332199866
2013-11-11 34.3594521455421 5.47014855634728 4.97386028737552 61.6438552623186
2013-11-12 34.2410713682133 5.45360590932457 5.07732695763256 61.6443885305903
2013-11-13 34.1593951517644 5.46714480336056 5.03793259177076 61.6449218034752
2013-11-14 34.5171421308651 5.47498397724277 5.13718684887696 61.6454526347463
2013-11-15 34.5889339418447 5.49342311128183 5.21453721077816 61.6459859168365
2013-11-18 34.8029830977034 5.4849068959672 5.17696329331174 61.6465192035401
2013-11-19 34.6817360990549 5.47897889869543 5.16637152659852 61.647052494857
2013-11-20 34.7148597261537 5.45181816124445 5.15370625538931 61.6475882370989
2013-11-21 34.6922615361828 5.48721839489585 5.24529743008421 61.648119091331
2013-11-22 34.7788781124975 5.53753335471883 5.24769583803576 61.6486646282579
2013-11-25 35.084112111014 5.4928107183487 5.25107624757784 61.6492199555146
2013-11-26 35.0468401992781 5.50467376270624 5.20818372430929 61.6497826269666
2013-11-27 35.2771877591571 5.50778256242729 5.19144458953105 61.6503453035541
2013-11-28 35.4139042367646 5.50778256242729 5.25675496696237 61.6509153246039
2013-11-29 35.481544081142 5.48500952243101 5.20667071366124 61.6514877973891
2013-12-02 29.7077827897227 7.98033337073674 8.48510815677485 61.6520651684653
2013-12-03 29.1435803316618 7.94567639323239 8.52718743547411 61.6526498844802
2013-12-04 28.8820467489558 7.93794862572322 8.33678903861786 61.6532346060406
2013-12-05 28.7061132112929 7.89221068571416 8.228031205247 61.6538217797035
2013-12-06 28.9824642630909 7.9725406204991 8.30511226017255 61.6544285316004
2013-12-09 29.0543792879876 7.92166447183912 8.37181194584734 61.6550524156986
2013-12-10 28.7992947925198 7.8905812121259 8.33033058641255 61.6556885392553
2013-12-11 28.681341317569 7.80493670500076 8.25619744831834 61.6563417959553
2013-12-12 28.4914080177 7.74464470933414 8.19058380534253 61.657019526379
2013-12-13 28.4581041969534 7.74966948301045 8.20820348191238 61.657709497788
2013-12-16 28.9544986806442 7.83141741168904 8.05609619698037 61.6584190507941
2013-12-17 28.7066501212444 7.81772549923166 8.134399684211 61.659148186067
2013-12-18 29.0119757753706 7.96013404771431 8.3036906158746 61.6598773299622
2013-12-19 29.4985454313133 7.9656041150617 8.44112524054619 61.6605942483772
2013-12-20 29.7021575835093 8.03947200593355 8.41325550322889 61.6613087282788
2013-12-23 29.9822392276623 8.07411352869532 8.41384669538006 61.662028110214
2013-12-24 29.9822392276623 8.09760207941217 8.42091343431991 61.6627475005419
2013-12-27 30.3000125431825 8.15862466799 8.51934289224711 61.6634644523284
2013-12-30 30.1823768942012 8.13280895761896 8.5025550406888 61.6641691776364
2013-12-31 30.1823768942012 8.15838448975907 8.5025550406888 61.6648714640076
2014-01-02 29.1060622748772 10.9238549775334 6.81339917223846 61.6655664173209
2014-01-03 29.2147771407251 11.0003271576814 6.81339917223846 61.6662515902811
2014-01-06 29.1926368386762 11.0728712384183 6.75106291272718 61.6669367708543
2014-01-07 29.4347740781065 11.1311164310439 6.72559111418945 61.6676219590407
2014-01-08 29.4088872844507 11.0681102690442 6.85040465429926 61.6683096019681
2014-01-09 29.1728520833102 11.0739012534658 6.73185990969129 61.6689996997184
2014-01-10 29.3327176322335 11.0817435349035 6.75099067836414 61.6696898051912
2014-01-13 29.4470658471624 10.8952387063407 6.75478283714991 61.6703799183867
2014-01-14 29.5410094245526 10.9769372723476 6.5950785615395 61.6710700393048
2014-01-15 30.1395383786424 11.0437356127016 6.75216580167326 61.6717797460632
2014-01-16 30.0896879290474 11.0357452850109 6.6927877193209 61.6725139339173
2014-01-17 30.167871433521 11.077494724181 6.6822056764796 61.6732530251557
2014-01-20 30.0840848191785 11.077494724181 6.69453109116621 61.6739921252515
2014-01-21 30.1281144433897 11.1008113300861 6.7711073875661 61.6747312342047
2014-01-22 30.0971204431261 11.0730163507598 6.76025474309369 61.6754679046056
2014-01-23 29.8213252266946 10.9459165407474 6.70823486713855 61.6762021363664
2014-01-24 29.0812277630714 10.6906354021432 6.56795329776449 61.676936376868
2014-01-27 28.948703459408 10.6075278788737 6.47922474826312 61.6776706261106
2014-01-28 29.1273347431229 10.6674813159397 6.46126212053754 61.6784073316208
2014-01-29 28.9100320154985 10.5511899629491 6.62029434559393 61.6791415983748
2014-01-30 29.0238238487422 10.6294800088938 6.4604201398974 61.6798709787
2014-01-31 28.816366628951 10.566168482523 6.46616880505974 61.6805954724226
2014-02-03 28.8540483799044 11.6864190364684 5.30823650016091 61.6813052887991
2014-02-04 28.669961497374 11.7301808729538 5.09020353301386 61.6820102180024
2014-02-05 28.6335588186051 11.7116270445103 5.17487315784001 61.6827127075632
2014-02-06 29.0741023846707 11.8509477989031 5.16037860237295 61.6834127573979
2014-02-07 29.2165108395701 11.9517303458739 5.25018666136083 61.68412505395
2014-02-10 29.1786327928249 11.8812677520737 5.26883218995606 61.6848373587274
2014-02-11 29.7719798783975 12.0290144809564 5.26883218995606 61.6855496717302
2014-02-12 29.964299386225 11.9820970237866 5.29012693273405 61.6862619929586
2014-02-13 30.1426074808686 12.0687478229347 5.20422623637933 61.6869669788099
2014-02-14 30.3487482290883 12.1428229563819 5.13182911525943 61.6876695248227
2014-02-17 30.331031522985 12.1428229563819 5.15906043737732 61.6883720788368
2014-02-18 30.340518669321 12.0655204083816 5.31659089322093 61.6890770888034
2014-02-19 30.3413652455833 11.9808369642452 5.25371335133716 61.689779658848
2014-02-20 30.2119590602882 12.0237741262059 5.13495456748 61.690479788887
2014-02-21 30.3316296436944 12.0294510029299 5.30068623496572 61.6911823749068
2014-02-24 30.4949263907279 12.0929227866603 5.26515580361881 61.6918874169911
2014-02-25 30.4648024670588 12.0741765441937 5.34410156777616 61.6925949152238
2014-02-26 30.3466440631162 12.0837709168368 5.31774097139439 61.6932999734514
2014-02-27 30.1160999026351 12.1568447080513 5.31017845079459 61.6940001434431
2014-02-28 30.44196951074 12.2291414281906 5.30326829897353 61.6947003213812
2014-03-03 32.3054286769052 13.1744153207369 2.49453524026201 61.6954054036706
2014-03-04 33.1002528804011 13.3911230335842 2.52158122326368 61.6961080457877
2014-03-05 32.9375644960438 13.3882140590561 2.54646470596604 61.6968082476489
2014-03-06 32.9405005863697 13.4494789603909 2.5768673799762 61.6975109057428
2014-03-07 32.2773318804038 13.4394980940179 2.58293723329526 61.6982429516063
2014-03-10 31.9830621648404 13.3053952184917 2.5237185900018 61.6989945928994
2014-03-11 32.1290407894468 13.2497967778155 2.54231433496991 61.699738898231
2014-03-12 31.7179274983718 13.2550701747421 2.47864251601744 61.7004832125416
2014-03-13 31.1280059799056 13.0590516916528 2.48404518857963 61.7012275358311
2014-03-14 31.2613166056489 12.9828408224246 2.40318420618929 61.7019694196384
2014-03-17 31.6910004144972 13.1361599511701 2.42214613531995 61.7027162093476
2014-03-18 31.9038416680102 13.2090438526754 2.4389292191993 61.7034728021774
2014-03-19 32.0229302919039 13.107426635685 2.44578036123089 61.7042367499359
2014-03-20 32.088758037217 13.2039380283938 2.406764288264 61.7050031557336
2014-03-21 32.2503744617226 13.2832443924521 2.406764288264 61.705774468273
2014-03-24 31.7182005426976 13.2735344036615 2.45497670991958 61.7065580336631
2014-03-25 32.2347029545651 13.3440287271886 2.44302099602382 61.7073367116573
2014-03-26 32.6150260648801 13.2384589922894 2.4497337243464 61.7081080533662
2014-03-27 32.6241040111836 13.2508834302719 2.47719719328362 61.708874507248
2014-03-28 33.0934874004482 13.3335836631297 2.50021249863691 61.709633624355
2014-03-31 32.9855127689793 13.4591728855752 2.50800728210381 61.7104000971853
2014-04-01 32.1054134820955 13.6225743587454 3.22470509581733 61.7111665795357
2014-04-02 32.1711051711097 13.6370362426694 3.24280424439732 61.7119477645413
2014-04-03 32.1893579373956 13.6356775800873 3.25793140580331 61.7127289594356
2014-04-04 32.4131706480071 13.5434540062768 3.26028040371072 61.7135248577257
2014-04-07 31.7949792843574 13.4478413489598 3.23499416243587 61.7143256641792
2014-04-08 31.7279197009528 13.4426101947622 3.19064847067343 61.7151264810242
2014-04-09 31.7799356854507 13.5439420038823 3.13284195169143 61.7159273082606
2014-04-10 31.6067351542045 13.2892236565841 3.1420628750343 61.7167281458888
2014-04-11 31.1412193435921 13.1124216604133 3.06081725539722 61.7175314429853
2014-04-14 31.2210503173233 13.2141670692101 3.04879784967832 61.7183347505374
2014-04-15 30.6679140310122 13.3342006806309 3.076949008315 61.719135619405
2014-04-16 31.1496781018446 13.4916453458579 3.17037130528888 61.7199364986648
2014-04-17 31.4568672181184 13.466546876475 3.15642262785493 61.7207398375209
2014-04-18 31.4568672181184 13.466546876475 3.17601590763337 61.721543186833
2014-04-22 32.093311351397 13.5661604542757 3.14123053302747 61.7223489958691
2014-04-23 31.9064383817671 13.5645523457919 3.17696025228998 61.7231621633241
2014-04-24 31.9214460699317 13.5439434903975 3.1458821372633 61.7239875881514
2014-04-25 31.4295876372562 13.4279088893804 3.1529636558596 61.7248301695693
2014-04-28 31.57939028078 13.4907564426111 3.12523876106805 61.7256752118871
2014-04-29 32.0399242030332 13.5480941913249 3.11972220602839 61.7265251646371
2014-04-30 32.1038105298007 13.5873128040852 3.11505156497477 61.7273555333684
2014-05-02 32.7435140818878 14.7658835569041 1.04751894687889 61.7281785647755
2014-05-05 32.6526454274311 14.7806098295476 1.04751894687889 61.7290016071564
2014-05-06 32.4403073695093 14.6616203525833 1.04944249321824 61.7298271100747
2014-05-07 32.6245476195953 14.7327007562034 1.01794189807288 61.7306550736288
2014-05-08 32.9195695940696 14.7446636629744 1.02841177336682 61.7314830482881
2014-05-09 32.8306517548586 14.7958150251639 1.03166780764858 61.7323061347288
2014-05-12 33.245289352052 15.0506636053902 1.03793532428728 61.7331267824492
2014-05-13 33.4233626054957 15.0675700439378 1.05644123013474 61.7339474410791
2014-05-14 33.4232254092186 15.0044538346159 1.05424871432798 61.7347509622997
2014-05-15 33.0862658599381 14.878402394777 1.05079242215334 61.735537345437
2014-05-16 32.9939215402794 14.930636376604 1.03902123201464 61.7363163891226
2014-05-19 33.0977097666764 14.9568821873887 1.03557001746781 61.7370954426389
2014-05-20 33.0281194221679 14.8149761660916 1.04088210656517 61.7378745059861
2014-05-21 33.2295623413275 14.9662506226223 1.03880952023863 61.7386560290801
2014-05-22 33.3085085844779 14.9884463116471 1.06320428634987 61.7394351121205
2014-05-23 33.4698944772425 15.0699133131078 1.07018833968006 61.7402117550145
2014-05-26 33.8975553727923 15.0699133131078 1.07995204461332 61.7409884076783
2014-05-27 34.0620264342873 15.1715862417439 1.08246656749678 61.7417626200726
2014-05-28 34.056371405221 15.123099696656 1.08399891002041 61.7425319420354
2014-05-29 34.0554478625195 15.2116977122773 1.08760944832505 61.7432914731823
2014-05-30 34.0704186353032 15.2419181761948 1.08732436301662 61.7440534638033
2014-06-02 31.802288091588 13.8914414355492 4.7059316473774 61.7448105635064
2014-06-03 31.7051887822336 13.8931383616488 4.72600785143738 61.7455627721113
2014-06-04 31.7273372519575 13.9078009691254 4.72267436773277 61.7463002885556
2014-06-05 31.7949687347197 13.9876595740071 4.7150894194035 61.7470157615589
2014-06-06 31.9207711611197 14.0671115380596 4.72084221530118 61.7476699858926
2014-06-09 31.9892953249303 14.0486884074108 4.72532484105248 61.7483168662448
2014-06-10 32.0537618502271 14.0706238919718 4.69133131918049 61.7489613030438
2014-06-11 31.8012955301874 14.0436273601756 4.74083426847939 61.7495934947905
2014-06-12 31.7657880649394 13.9851581737023 4.73142876033131 61.7501864869185
2014-06-13 31.6832307116286 14.0136709522491 4.77831104048665 61.7507598815073
2014-06-16 31.5908944485728 14.0160027158038 4.72212830547876 61.7513063267237
2014-06-17 31.7070428108739 14.0337740359407 4.74145757461457 61.7518380740838
2014-06-18 31.7390357374233 14.1042523575936 4.77465752205218 61.752367375553
2014-06-19 31.9744974258834 14.1155929939329 4.84515476860936 61.752886879596
2014-06-20 31.9209303432339 14.0860630764887 4.83726149020777 61.7534063880094
2014-06-23 31.7089592671315 14.0872168936753 4.83758892895387 61.7539234502613
2014-06-24 31.7638060647974 13.9922492468234 4.84746181545141 61.7544405168426
2014-06-25 31.5390190897901 14.0240478681115 4.80977703548528 61.7549502360342
2014-06-26 31.3381409749173 13.99392989022 4.82192834842544 61.7554624100262
2014-06-27 31.3709641548977 13.9955888848882 4.76051632253121 61.7559696870389
2014-06-30 31.4281768672105 13.9459565645804 4.78616836482813 61.7564769682184
2014-07-01 24.3678593707069 19.7812426753364 6.01119975057582 61.7569818029111
2014-07-02 24.3896605282748 19.7657077296298 6.00883656869437 61.7574841910567
2014-07-03 24.680429143555 19.9048395390008 6.00122507684647 61.7579890339831
2014-07-04 24.6303528058839 19.9048395390008 6.0268485304115 61.7584889796086
2014-07-07 24.3768662857183 19.9586232196946 6.01817166538952 61.7589864785476
2014-07-08 24.0485944920532 19.8207624766271 5.99791112273514 61.7594839814942
2014-07-09 24.1360274182022 19.8972675395139 6.00543320676711 61.7599814884485
2014-07-10 23.769195067094 19.7928144454544 5.96945506035094 61.7604765486175
2014-07-11 23.7869373452817 19.8191684687766 5.95921918963116 61.7609740635675
2014-07-14 24.0740387890009 19.9761083654846 6.02404238958776 61.7614715825252
2014-07-15 23.9175328143849 19.9705275245058 6.05179746660507 61.7619666546387
2014-07-16 24.2616988838554 20.0804420812542 6.04293810217463 61.7624592798489
2014-07-17 24.0023559480312 19.9721042718716 6.05735647889719 61.7629519089884
2014-07-18 23.9190323649055 20.1469838065493 6.01872605098653 61.763446992968
2014-07-21 23.6533403709349 20.0943587057906 6.02838692747286 61.763946982777
2014-07-22 23.9542477711874 20.1627234710765 6.07937319210973 61.7644518785341
2014-07-23 24.0015677215272 20.1742717539663 6.07664422083199 61.7649616803591
2014-07-24 24.101230156123 20.2203651494523 6.076446542428 61.7654739373826
2014-07-28 23.6191847429921 20.1529562274908 6.16526450551319 61.7659861986545
2014-07-29 23.7556606623958 20.0633425509146 6.1995604915724 61.766498464175
2014-07-30 23.6081351713292 20.0361167119525 6.20484219289599 61.767010733944
2014-07-31 23.1499359741592 19.7008677119294 6.18390646292788 61.7675230079616
2014-08-01 18.1032266235232 23.3243962843515 7.60708724114178 61.7680328351356
2014-08-04 17.993270762865 23.3619671300937 7.57721281287608 61.7685426665178
2014-08-05 18.0632468619684 23.1821019206293 7.50879548969324 61.7690500509754
2014-08-06 17.9459008508153 23.2414981152834 7.43984830560704 61.769554988448
2014-08-07 17.766894101379 23.1942470029723 7.50987673687693 61.7700574788755
2014-08-08 17.7086155549979 23.4432994333686 7.29670749607051 61.7705550710052
2014-08-11 18.0455565663106 23.3960502247596 7.46129768254349 61.7710502159307
2014-08-12 17.8268445477749 23.4158888464859 7.47921397487426 61.7715429135932
2014-08-13 18.0812116500815 23.5960178702657 7.51216334187078 61.7720307126821
2014-08-14 18.1327488395267 23.6800170915638 7.55261038670111 61.772516064352
2014-08-15 17.8723083756759 23.6046955021333 7.54509522893372 61.772998968545
2014-08-18 18.1725136148495 23.796816577944 7.54003860807638 61.7734794252036
2014-08-19 18.3473530868904 23.9450240961534 7.60429084801204 61.7739476289564
2014-08-20 18.3086114160578 24.0995227677856 7.61102570074846 61.7744060308694
2014-08-21 18.4795389072222 24.2688614476344 7.66248871621353 61.7748619848187
2014-08-22 18.3569641242763 24.2745990397386 7.61496726991286 61.7753105879831
2014-08-25 18.6930202355508 24.4212755839251 7.65403934472906 61.7757395831955
2014-08-26 18.8463572475679 24.5454875864898 7.62443280312622 61.7761587757141
2014-08-27 18.8101109521504 24.5767659576965 7.64224027491703 61.7765755196423
2014-08-28 18.5994973858574 24.5437520897111 7.61369010119315 61.7769849120277
2014-08-29 18.6144562055174 24.5466682616106 7.60353401932194 61.7773845012555
2014-09-01 16.3816010399949 27.5295925507572 6.85346489569789 61.7777742871339
2014-09-02 16.4299719012282 27.6075173831685 6.93037556248415 61.7781469149788
2014-09-03 16.6364404255548 27.639589803742 6.91938781292325 61.7785146420438
2014-09-04 16.8054051214112 27.5939725638881 6.87644552984411 61.7788799197693
2014-09-05 16.8447384054346 27.8306319369669 6.90769659807579 61.7791348802261
2014-09-08 16.8637671011348 28.0631520460302 6.98429134257646 61.7793653262054
2014-09-09 16.7819715553187 27.9268861993191 6.9941132985135 61.7795835152337
2014-09-10 16.7637732031497 28.1103159663264 6.97741434835374 61.7797968018911
2014-09-11 16.7484101671524 28.0126932369795 6.99234296523852 61.7800027345471
2014-09-12 16.6790225133907 27.9202998790583 6.98770601031716 61.7802037647147
2014-09-15 16.6937121604146 27.9056355053631 6.93699040906378 61.7804023439411
2014-09-16 16.6475690498239 28.1098787117425 6.93795211803907 61.7806009238058
2014-09-17 16.6969440849586 28.144177239932 6.9334782906935 61.7808019559199
2014-09-18 16.9330669972171 28.3210247478266 6.99389926748465 61.7810029886882
2014-09-19 16.9350196539757 28.4932069649563 7.05809846253623 61.7812064737377
2014-09-22 16.8490943316512 28.4292312668978 7.01275926224643 61.7814075078223
2014-09-23 16.582071517028 28.2028793894515 7.01275926224643 61.781608542561
2014-09-24 16.6977558642324 28.4202305333949 6.99912295385171 61.781812029605
2014-09-25 16.4351396067186 28.0580088981791 7.10486239852665 61.78201306566
2014-09-26 16.4015090234021 28.5084421365672 7.0650490070478 61.7822141023692
2014-09-29 16.2846146035626 28.5843163048495 7.12172432566272 61.7824175914077
2014-09-30 16.3734258746798 28.5346468564243 7.05168010459153 61.7826210811164
2014-10-01 14.735644732618 29.6065346226309 7.61757348044678 61.7828221198041
2014-10-02 14.4429579754479 29.6892571813421 7.43406986303212 61.7830207074466
2014-10-03 14.4429579754479 29.9842551631701 7.50397194500664 61.7832192957274
2014-10-06 14.4646798320293 30.2664696225449 7.59381937570853 61.7834129812165
2014-10-07 14.2710221620781 29.6908908179435 7.54537658098497 61.7836066673128
2014-10-08 14.1282840094328 29.9854431741192 7.46264193419536 61.7838028057466
2014-10-09 14.1435024997709 29.3178201160249 7.41041504696382 61.7839964930649
2014-10-10 13.8039178810645 28.9710718837976 7.31061980824941 61.7841901809904
2014-10-13 13.8410162123705 28.8022631901693 7.38480655238783 61.7843912247839
2014-10-14 13.8610892197083 28.6919386257615 7.20910271823802 61.7845922692315
2014-10-15 13.4633132769487 28.3555888529233 7.28272792427895 61.7847908625638
2014-10-16 13.480511920879 28.2991693466533 7.13551314351267 61.7849894565344
2014-10-17 13.9004483893046 28.5253194274815 7.02910184704051 61.7851880511434
2014-10-20 13.6923253323729 28.6506304911438 7.27310820766158 61.7853866463907
2014-10-22 14.0416005789326 28.7223169857589 7.31540658084818 61.7855925976795
2014-10-23 14.2099242626836 29.2859013871902 7.31273039777632 61.7858010014641
2014-10-24 14.1164567796714 29.6171301247112 7.37454092649783 61.7860094059516
2014-10-27 13.9826561546631 29.5854110549992 7.37045332361841 61.7862251666194
2014-10-28 14.2427202488101 29.8592434020828 7.34550244956037 61.7864409280406
2014-10-29 14.2656814253431 29.7524809681808 7.43708957833099 61.7866566902153
2014-10-30 14.3159889520317 30.1163583333464 7.46303405275655 61.7868675494405
2014-10-31 14.6490088511978 30.7430977336873 7.83452824935595 61.7870784093853
2014-11-03 16.4682275180352 28.7835310356661 7.97487628053983 61.7872868181815
2014-11-04 16.3165154317258 28.8888156082037 7.96749798461068 61.7874927758043
2014-11-05 16.581757792607 28.9934773543252 7.95952041559457 61.7876913784596
2014-11-06 16.6919939820793 29.116434055988 7.84729715257885 61.7878899817533
2014-11-07 16.5396595823679 29.2515431860979 7.88286025368393 61.788086133785
2014-11-10 16.6465321573113 29.3578235210834 7.85434776602619 61.7882822864394
2014-11-11 16.6770776081254 29.3385571393645 8.02528510483884 61.7884759878005
2014-11-12 16.3957090156509 29.409564134466 8.01002480070416 61.7886696897689
2014-11-13 16.4625484850418 29.4063813545756 8.07585998814802 61.7888609404132
2014-11-14 16.4704351633031 29.3904656842305 8.11348847509131 61.7890546435883
2014-11-17 16.5655046632637 29.2501170656486 7.78714774701771 61.7892507993174
2014-11-18 16.832829510744 29.3610710208355 7.9739875891205 61.7894494076235
2014-11-19 16.8617896314721 29.3810955649496 7.92293370497561 61.789648016568
2014-11-20 16.8816723355133 29.3447808212793 7.85413840038039 61.7898466261509
2014-11-21 17.3241502795313 29.4838273645049 7.82192389556029 61.7900452363722
2014-11-24 17.4184740482822 29.8515007714699 7.94245898743763 61.7902438472319
2014-11-25 17.5531681548251 29.8152594802231 7.94037216564749 61.79044245873
2014-11-26 17.6499116406345 29.747963877405 7.90888817950254 61.7906435228682
2014-11-27 17.7554857039557 29.747963877405 7.83995747009194 61.7908445876606
2014-11-28 17.766129329735 29.629701031998 7.94304710955006 61.7910456531072
2014-12-01 16.670511214192 31.0726327980174 7.59573345907365 61.7912467192082
2014-12-02 16.6212707401667 31.2271527395684 7.62524331047102 61.7914453339298
2014-12-03 16.6843654068555 31.3427587588318 7.64994052948363 61.7916439492898
2014-12-04 16.4828497174939 31.5440295259007 7.73450565208566 61.7918450173375
2014-12-05 16.8773306775068 31.6833700049307 7.73001028041177 61.7920460860396
2014-12-08 16.7566460942957 31.6214214725318 7.66296547484166 61.7922471553959
2014-12-09 16.3864095652852 31.5305889396127 7.62912969719931 61.7924482254065
2014-12-10 16.3964828174309 30.8998839120116 7.49623675763398 61.7926517481526
2014-12-11 16.5015567182368 30.8961589271489 7.45812754779347 61.7928528194797
2014-12-12 16.0534857331533 30.2494405249982 7.52021263906874 61.7930538914611
2014-12-15 15.6172591919835 30.0068338726262 7.36588574720029 61.7932549640968
2014-12-16 16.0018842127644 29.8519995841216 7.25146291197757 61.7934560373868
2014-12-17 15.9693246540319 30.2681225936643 7.33659361039835 61.7936546592098
2014-12-18 16.4154381765064 31.0425804879123 7.51764484012857 61.7938483774128
2014-12-19 16.3751157588516 31.467819464423 7.68627379333789 61.7940470004969
2014-12-22 16.5069601654694 31.9643610699559 7.69384579877842 61.7942456242194
2014-12-23 16.6012435152027 32.0324161794166 7.69384579877842 61.7944393442751
2014-12-24 16.6012435152027 32.1297340675427 7.7507242483896 61.7946355170984
2014-12-29 16.6096419761659 32.2284685334525 7.71194823311879 61.7948292383765
2014-12-30 16.4062194773354 32.1220040457191 7.58125379486991 61.795020508086
2014-12-31 16.4062194773354 31.912162712343 7.63325142034913 61.7952117783876
2015-01-02 15.4806228703764 33.4385059791254 7.0325047605257 61.7953981448993
2015-01-05 15.0183786671104 33.0879100215875 7.03787179015569 61.7955820597747
2015-01-06 15.0128299036071 33.0098911516829 6.88061098196322 61.7957610707862
2015-01-07 15.0897508774244 33.4480206066512 6.95322103547831 61.7959327256781
2015-01-08 15.5961637946387 34.2728070391178 7.10981565426682 61.7961043810468
2015-01-09 15.2963556177013 34.0873779114598 7.11796330333718 61.7962760368923
2015-01-12 15.5078433951047 33.8016697813083 7.11796330333718 61.7964501454478
2015-01-13 15.7600737104802 33.7638841082207 7.12082374898166 61.7966242544938
2015-01-14 15.5636158989002 33.4825808994439 7.03031502133735 61.7967934595364
2015-01-15 15.9053091898247 33.3629448621846 7.24630427383426 61.7969626650423
2015-01-16 16.1195852811322 33.9119385498561 7.18070761946697 61.7971098006677
2015-01-19 16.2378216282415 33.9119385498561 7.31764864279999 61.7972471275784
2015-01-20 16.2612536982245 34.296620189827 7.46574939652519 61.7973820025225
2015-01-21 16.3279983253862 34.3908886171308 7.37301153371773 61.797516877761
2015-01-22 16.5442251542592 34.9177626029355 7.41971383503293 61.7976517532939
2015-01-23 16.8834289321941 34.7186163041277 7.51391193259872 61.7977817245456
2015-01-26 17.119251381086 35.7935595143919 7.73786304487313 61.7979141483636
2015-01-27 16.8501363511741 35.1626032387276 7.84331736378389 61.7980490247635
2015-01-28 16.980753687581 34.5418100758332 7.80298915355231 61.7981789968507
2015-01-29 17.0234005167974 34.8252488923083 7.69507655019013 61.7983065169026
2015-01-30 16.9543583543513 34.4734625686314 7.75618363440696 61.7984389418452
2015-02-02 11.088733362672 40.6934243850583 7.40184680965927 61.7985738193905
2015-02-03 11.1531893107175 41.2775096714756 7.28840253541688 61.7987086972302
2015-02-04 11.1740499121448 41.0861293706997 7.40251335106826 61.7988435753642
2015-02-05 11.1679974477093 41.320839284343 7.27243570903767 61.7989686444524
2015-02-06 11.1075558069752 41.3941466656017 7.38487508007528 61.7990986184738
2015-02-09 10.9202724287073 41.4425681784135 7.34710346535958 61.7992236880781
2015-02-10 11.0127675297134 41.7355770034683 7.3410377637146 61.7993463055854
2015-02-11 11.0110063950743 41.7459177936287 7.33667361850321 61.799466470981
2015-02-12 11.182580568001 42.0332702669432 7.42130801119459 61.7995841842505
2015-02-13 11.2273840078852 42.0205239200192 7.37649620736007 61.7997018977442
2015-02-16 11.1862468493599 42.0205239200192 7.43823452971469 61.7998196114621
2015-02-17 11.1579716780224 41.8832904110336 7.4446783391758 61.7999348730304
2015-02-18 11.2249258187682 41.9230542823889 7.53580220631064 61.8000525871921
2015-02-19 11.2668520380674 41.7801634748318 7.52841635220146 61.800170301578
2015-02-20 11.3167238663205 42.1024840829785 7.57186821981841 61.8002880161881
2015-02-23 11.3989371790073 42.1179201614741 7.62747053660854 61.8003983738452
2015-02-24 11.4755590613116 42.4370376562756 7.70150611335324 61.8005062793027
2015-02-25 11.4801974175598 42.5516060967288 7.7007780742029 61.8006092801465
2015-02-26 11.5999336111497 42.4417493506243 7.78850858040307 61.8007073763517
2015-02-27 11.6761964658248 42.3932262252058 7.80743625674801 61.8008030203036
2015-03-02 12.4630218272935 41.0302967360533 8.38354038443168 61.8008986644035
2015-03-03 12.3210286923209 40.8609088588589 8.36458215087293 61.8009918562348
2015-03-04 12.4411980624356 40.6400770719286 8.32553576515591 61.8010850482067
2015-03-05 12.5653108571567 40.9101185999686 8.39273397008435 61.801173335471
2015-03-06 12.6166031039304 40.594387670668 8.53566004117308 61.8012616228615
2015-03-09 12.6506166036901 41.6874065045954 8.55514934918009 61.8013474579471
2015-03-10 12.5613460997201 40.8750497592702 8.47862044684019 61.8014259358486
2015-03-11 12.8951504983246 41.118120456891 8.5344029102808 61.8014970565372
2015-03-12 12.8879409760262 42.2811930139323 8.77915422599293 61.8015632724269
2015-03-16 13.2902513038872 43.0257731219385 9.00873118445081 61.8016245835016
2015-03-17 13.0861415047524 42.540282440912 9.06679748726626 61.8016858946371
2015-03-18 13.0227032558703 42.8822019800825 9.07223272529423 61.8017472058334
2015-03-19 12.9971781985609 42.4239737003953 9.01964621390398 61.8018060646403
2015-03-20 13.1500608154532 42.4431309461478 9.01986993532939 61.8018575661453
2015-03-23 12.993289173709 42.0514388872895 8.97822054360092 61.8019115201479
2015-03-24 13.1132740128223 41.6578205955339 9.02979021374623 61.8019630217409
2015-03-25 12.9599540658122 40.6888513597944 8.99780190646043 61.8020145233767
2015-03-26 12.9363169885467 40.5629138042894 8.86906746742493 61.8020660250555
2015-03-27 12.9632414974267 40.5900077571151 8.81284568727639 61.8021175267772
2015-03-30 13.2010031998804 41.4665424090453 8.92433430656244 61.8021616711468
2015-03-31 13.0701075449251 41.152131135373 8.82491531758484 61.8022082680148
2015-04-01 14.3054211139056 39.933706323048 8.8080265609293 61.8022524124492
2015-04-02 14.2649053873661 40.1214741063497 8.96367284408785 61.8022965569153
2015-04-07 14.4510092976293 39.548025709247 8.98410311978343 61.8023357964686
2015-04-08 14.346521190235 39.9644279592226 9.07110431624565 61.8023701310996
2015-04-09 14.5021702091885 40.2971719768012 9.17897591363721 61.8023995607997
2015-04-10 14.7504480531344 40.8852273581173 9.22687692847069 61.8024289905138
2015-04-13 14.7075367241771 41.2171578680248 9.34602612462141 61.8024559677645
2015-04-14 14.5750708105448 41.4360194351476 9.35708094157313 61.8024755875918
2015-04-15 14.5795291009465 41.5358244469191 9.37264876878678 61.8024853975086
2015-04-16 14.3024178799178 41.3951727616721 9.37428952686698 61.8024903024677
2015-04-17 13.9327127541827 40.4631781346991 9.21803281882893 61.8024927549475
2015-04-20 14.1749352398456 40.5692678176095 9.14418846993891 61.8024952074274
2015-04-21 14.2317568982986 40.5197877511395 9.29812441174689 61.8024927549474
2015-04-22 14.1456839707858 40.8984882614791 9.40678799224999 61.8024878499876
2015-04-23 13.974288924555 40.8685465362446 9.39888088193483 61.8024829450283
2015-04-24 14.0783125787963 40.8904439501233 9.30130758654927 61.8024804925488
2015-04-27 14.3504544950944 40.3186601164311 9.24263074896276 61.80247558759
2015-04-28 14.0792787357117 40.5172323033845 9.27832750680512 61.8024633251941
2015-04-29 13.627588807822 40.1581096712193 9.27832750680512 61.8024510628006
2015-04-30 13.653407310027 39.3205007514159 8.90378904147865 61.8024388004095
2015-05-04 8.91404705078872 42.6024616832562 10.4450440444564 61.8024216330654
2015-05-05 8.68991192767989 42.3807508165816 10.3469612042714 61.802402013249
2015-05-06 8.70715009431254 42.2563947259101 10.3693722786552 61.8023823934388
2015-05-07 8.75150559794575 42.035974354577 10.1760242128753 61.8023603211594
2015-05-08 8.98299821986278 42.4285810107858 10.1849859737247 61.8023382488878
2015-05-11 8.95508902063037 42.6615752276586 10.3903854678599 61.8023161766242
2015-05-12 8.80094040436821 42.7347320849776 10.4211920888735 61.8022941043684
2015-05-13 8.70815471734891 42.5562955821776 10.4463070904657 61.8022720321205
2015-05-14 8.86799619850666 42.7448750092209 10.3189652217146 61.8022499598805
2015-05-15 8.78147049048652 42.3789367047648 10.3395500860131 61.8022254351781
2015-05-18 8.89443180000398 42.1990127773936 10.3487641119504 61.8021984580162
2015-05-19 9.09315916980394 42.4340348403114 10.4394490556866 61.8021690283979
2015-05-20 9.08943060196914 43.0056490947786 10.6397395270475 61.8021395987936
2015-05-21 9.1017969824506 43.4164387998446 10.6770891033835 61.8021101692033
2015-05-22 9.06376214009502 43.2733206124678 10.6937117121705 61.8020807396271
2015-05-25 9.06376214009502 43.2733206124678 10.8417497825977 61.8020513100648
2015-05-26 8.91809775819551 43.3670600729591 10.8803566608103 61.8020194280542
2015-05-27 9.03010014318397 43.9189189624825 10.8876267088181 61.8019875460601
2015-05-28 8.95832688913947 43.958603034409 10.876682502969 61.8019556640824
2015-05-29 8.7559938135182 43.5546145301673 10.801641600516 61.8019262345797
2015-06-01 8.82413920652783 42.8683772430129 11.4197334946607 61.8018943526336
2015-06-02 8.7413843264742 43.0082123459453 11.4468670656991 61.801862470704
2015-06-03 8.81146193977017 42.844537320112 11.3041046269586 61.8018281363359
2015-06-04 8.75048914106326 41.8213202817161 11.1769781102831 61.8017962544405
2015-06-05 8.63980268111568 41.3353716177066 11.0546177941515 61.8017643725615
2015-06-08 8.53777268949302 41.7542453790662 11.1001135121658 61.8017324906989
2015-06-10 8.69245658813651 41.6701344718457 10.8221591333014 61.8016981564031
2015-06-11 8.74445568453385 41.6827582893589 11.0796826815512 61.8016638221263
2015-06-12 8.63929329917301 41.4644284594678 11.1175183615776 61.8016294878686
2015-06-15 8.47608253753508 41.2332873555235 11.1102048923807 61.80159515363
2015-06-16 8.5216382610391 41.6251811051595 11.0657133451971 61.8015608194105
2015-06-17 8.4707121810061 41.6015724900293 11.0167861370509 61.80152648521
2015-06-18 8.56507206454176 41.9969312786228 10.8672991527242 61.8014921510286
2015-06-19 8.51862115545845 41.3687841599396 10.9223319531274 61.8014578168663
2015-06-22 8.84300515482165 41.6988559161256 11.1130342536827 61.8014234827231
2015-06-23 8.90630784560991 41.6996420563027 11.2742758409341 61.801389148599
2015-06-24 8.85130746852548 41.738644991534 11.3670026970787 61.8013548144939
2015-06-25 8.85275046440446 41.7558962659839 11.3445505901979 61.8013180279731
2015-06-26 8.86764233431433 41.842475951108 11.3211570172652 61.8012812414743
2015-06-29 8.5518778810964 41.1284882902305 11.0110767650407 61.8012420025656
2015-06-30 8.44521824660599 41.4721169516414 11.2565041616942 61.8012076685423
