time value.DAX value.Dow.Jones value.Nikkei value.VXX.Adjusted value.mixed
2013-01-02 0.0303061248905466 0.124999300599151 0.102937419339116 -0.00824424363051074 0.750001398801697
2013-01-03 0.030239068680168 0.124525773723031 0.103005478007877 -0.00827322298076855 0.750502902569693
2013-01-04 0.0302013413197977 0.125424489712997 0.104794821222955 -0.00807179143800073 0.747651139182251
2013-01-07 0.0300804215525898 0.125755580583936 0.103367420553698 -0.00807611442784564 0.748872691737621
2013-01-08 0.0299685698585509 0.125433288857851 0.102918502708226 -0.0079847079582431 0.749664346533616
2013-01-09 0.0300291905674181 0.125452506127269 0.103722171866811 -0.00799292991887727 0.74878906135738
2013-01-10 0.0299173745553684 0.12628132577993 0.104412853278262 -0.00777939569225933 0.747167842078699
2013-01-11 0.0299410134420975 0.125983377982897 0.104742020207408 -0.00774621593390674 0.747079804301504
2013-01-14 0.0300491852200835 0.124226960748051 0.104930169953612 -0.00763402163854226 0.748427705716796
2013-01-15 0.0299282745458845 0.124612070669334 0.10249065935723 -0.00765934839953533 0.750628343827087
2013-01-16 0.0300419900173393 0.124778468450264 0.100695317139119 -0.0075111669459906 0.751995391339269
2013-01-17 0.0301324801621901 0.125792682638996 0.10166251818285 -0.00753175807860117 0.749944077094565
2013-01-18 0.0299318677425823 0.125649443876612 0.10327749236502 -0.00703016530441398 0.748171361320199
2013-01-22 0.0299616690361523 0.126553827232825 0.100819172716366 -0.00684296051293021 0.749508291527587
2013-01-23 0.0300256481891739 0.127190653372807 0.0994351863844825 -0.00666234554872574 0.750010857602262
2013-01-24 0.030106919496159 0.127347686171621 0.101121375504996 -0.00668348985972364 0.748107508686947
2013-01-25 0.0304518464090554 0.127502026852672 0.102647841652044 -0.00670942014184667 0.746107705228075
2013-01-28 0.0305155704860933 0.126810110762483 0.0995423001150885 -0.00692710828409365 0.750059126920429
2013-01-29 0.0305300373268732 0.127374348299261 0.0998711327853977 -0.00670829382040956 0.748932775408878
2013-01-30 0.03033988683591 0.126746095126473 0.102200321980579 -0.00711146204885049 0.747825158105888
2013-01-31 0.0302612358891639 0.125908889040854 0.101699968519799 -0.00714574044800616 0.749275646998189
2013-02-01 0.0605997323709695 0.125361304292162 0.0883490386121543 -0.0235874666909617 0.749277391415676
2013-02-04 0.0594812886721301 0.12434495008288 0.0873059003991908 -0.0253786906070932 0.754246551452893
2013-02-05 0.0596065476330192 0.125515647053235 0.0859495586803346 -0.0243072448660912 0.753235491499503
2013-02-06 0.0587358309241704 0.125719117197179 0.089225764450585 -0.0240931513752664 0.750412438803332
2013-02-07 0.058942512029021 0.125395689180596 0.0876160226512996 -0.0240548485993335 0.752100624738417
2013-02-08 0.0593720879036489 0.126249935110858 0.0864116604342584 -0.0235545486311182 0.751520865182353
2013-02-11 0.0591533650086286 0.127107252760776 0.0863008396332892 -0.023125276775062 0.750563819372369
2013-02-12 0.0591428313590646 0.126905120062769 0.0889131554417078 -0.0228068331247972 0.747845726261256
2013-02-13 0.0596850085701765 0.126573073211501 0.0870775140477268 -0.0229842475257834 0.749648651696379
2013-02-14 0.0590612231117062 0.126103218135559 0.0878175592302305 -0.0226472950109768 0.749665294533481
2013-02-15 0.0587659901073106 0.126811754613585 0.0872480432693006 -0.0224517375492891 0.749625949559093
2013-02-19 0.0597364751726964 0.127158338591738 0.0881036552365873 -0.0213879787060797 0.746389509705058
2013-02-20 0.0596811135095386 0.126351230393061 0.0892699928808669 -0.0232788519965131 0.747976515213046
2013-02-21 0.0587708945612101 0.126107643519554 0.0882439986719828 -0.0238134005482673 0.75069086379552
2013-02-22 0.0590324787567411 0.127938652698578 0.0895710809178611 -0.0228710800818288 0.746328867708649
2013-02-25 0.0599800318394991 0.126533365889311 0.0920714500975544 -0.0260438188484077 0.747458971022043
2013-02-26 0.0587615600573357 0.127738396316943 0.0897097185369885 -0.0254626503418467 0.74925297543058
2013-02-27 0.0589678282606497 0.129828120006414 0.0906318230726157 -0.0236060100029358 0.744178238663257
2013-02-28 0.0593531904829834 0.129243951574758 0.0929951473576233 -0.0242667800407339 0.742674490625369
2013-03-01 0.0407335512671167 0.128661973571564 0.100797136508318 -0.0128687142038704 0.742676052856872
2013-03-04 0.0405744917494809 0.129781004178802 0.100452927876911 -0.0121753839631154 0.741366960157921
2013-03-05 0.0413879968400229 0.130642193899636 0.100623818588572 -0.0117270632635411 0.739073053935311
2013-03-06 0.0415421945508828 0.130444830760989 0.102528028132191 -0.0117556480746132 0.73724059463055
2013-03-07 0.0416177254914271 0.13063871155894 0.10256344326655 -0.0115053691274816 0.736685488810564
2013-03-08 0.0417400868950313 0.1309412840004 0.104096492032362 -0.0113147894991318 0.734536926571339
2013-03-11 0.0417283162087117 0.131639332709288 0.102940086207147 -0.0108438961390769 0.73453616101393
2013-03-12 0.0416625647014947 0.131736684442835 0.102562389662668 -0.0110190140552065 0.735057375248209
2013-03-13 0.04172789263813 0.1316989723596 0.101766446141539 -0.0109667835934423 0.735773472454174
2013-03-14 0.0420430867015042 0.132248518478882 0.10313798926614 -0.0107208161891033 0.733291221742577
2013-03-15 0.0418906960461934 0.132202778541515 0.104549551942722 -0.0106921432734318 0.732049116743002
2013-03-18 0.0419417633373741 0.131203711119843 0.102274284020234 -0.0113088683722783 0.735889109894828
2013-03-19 0.0414124656049022 0.132071896229457 0.105410473942551 -0.0112545372975781 0.732359701520668
2013-03-20 0.0416371694817133 0.132389291041626 0.105264839145195 -0.010645269768915 0.731353970100381
2013-03-21 0.0412805677438374 0.13182607174655 0.106396367071355 -0.0109486171593121 0.73144561059757
2013-03-22 0.0412626502602372 0.132786163328757 0.103797919766474 -0.0109365932407828 0.733089859885315
2013-03-25 0.041006587324235 0.131402085402848 0.10608423694052 -0.0107837864715843 0.732290876803981
2013-03-26 0.0410110657324489 0.132521559102974 0.105397118607454 -0.0104916546617208 0.731561911218843
2013-03-27 0.0404767136216643 0.133058361279155 0.106611568468857 -0.0105793987515553 0.730432755381879
2013-03-28 0.0405159397049632 0.134050716173714 0.105404398028285 -0.0105343817279609 0.730563327820999
2013-04-02 0.0300572625531831 0.135415556762295 0.118265648757959 -0.013452447792169 0.729713979718732
2013-04-03 0.0297369738933529 0.133837312173459 0.122047917475112 -0.0139032236678837 0.72828102012596
2013-04-04 0.029418990253786 0.134087195636289 0.124318657624739 -0.0136108497346181 0.725786006219804
2013-04-05 0.0288655598187876 0.133664097535278 0.124266832646709 -0.0136858718982003 0.726889381897426
2013-04-08 0.0289431752622124 0.132919619331506 0.122991030374185 -0.0133337647132195 0.728479939745316
2013-04-09 0.0288775656030651 0.133477490581041 0.121588505583329 -0.0131698051235583 0.729226243356124
2013-04-10 0.0294870840056331 0.133928542483841 0.121273356753254 -0.0128088715218517 0.728119888279124
2013-04-11 0.0296459659553835 0.133877024789385 0.122817537799925 -0.0127168884473365 0.726376359902643
2013-04-12 0.0292055737213186 0.133976203237899 0.121999675636981 -0.0124948657555107 0.727313413159312
2013-04-15 0.0292260908233868 0.131989269746406 0.121961740612317 -0.0140405429962491 0.730863441814139
2013-04-16 0.0290214847337791 0.133333680107444 0.121945023267958 -0.0128917721741846 0.728591584065003
2013-04-17 0.0283908753551088 0.132105139930318 0.124077415456392 -0.0143961028567957 0.729822672114977
2013-04-18 0.0283992753687322 0.131621681171203 0.122194732661972 -0.0151223666495261 0.732906677447619
2013-04-19 0.0282527815870513 0.132062601178739 0.123184610939235 -0.0139779639344716 0.730477970229446
2013-04-22 0.0282894982076035 0.132081437772347 0.123625758988911 -0.013654773151051 0.729658078182189
2013-04-23 0.028907374234594 0.133139413686741 0.122823374499682 -0.0129364725244864 0.72806631010347
2013-04-24 0.0291659441381706 0.132531089535606 0.126186675153151 -0.012923313668043 0.725039604841115
2013-04-25 0.0294141846193858 0.132824296025686 0.126489970674302 -0.0130528542622884 0.724324402942914
2013-04-26 0.0293692134267161 0.132708022152634 0.126081046892405 -0.0130562976827613 0.724898015211005
2013-04-29 0.0295522462257009 0.133526281620622 0.125920310991323 -0.0129786562418792 0.723979817404234
2013-04-30 0.0296630986330089 0.133096370318859 0.127070775031831 -0.012839319265268 0.723009075281569
2013-05-02 0.0228457335870718 0.138984597328534 0.124635803336085 -0.0097036282600395 0.723237494008348
2013-05-03 0.0232482656000783 0.140458221821862 0.124324329787113 -0.00946664463587437 0.721435827426821
2013-05-06 0.0232113296943301 0.14061018321758 0.124283035796876 -0.00930653419191098 0.721201985483125
2013-05-07 0.0233174686338997 0.140995725278925 0.126526769469594 -0.00917362583966464 0.718333662457246
2013-05-08 0.02346282978892 0.14134702372891 0.127539627857928 -0.00921519944406873 0.716865718068311
2013-05-09 0.0235384496733615 0.140972733164092 0.126821362058252 -0.00939689465128517 0.71806434975558
2013-05-10 0.0234967739884111 0.140698733004522 0.129666225253204 -0.00927167592053588 0.715409943674399
2013-05-13 0.0234735503027647 0.141821411119224 0.129278468271757 -0.00922159127655965 0.714648161582814
2013-05-14 0.0236125472589749 0.142962632421928 0.128815492713622 -0.00911946208001659 0.713728789685492
2013-05-15 0.0235979880568876 0.142965069542466 0.131294073330406 -0.00916333959960046 0.711306208669841
2013-05-16 0.0236172283247227 0.143485241997462 0.13088187125323 -0.00924253983174685 0.711258198256332
2013-05-17 0.0236307886663809 0.144415337044308 0.131643315182841 -0.00897785914587399 0.709288418252345
2013-05-20 0.0237578503515025 0.14449043722535 0.1326045797038 -0.00908372862470111 0.708230861344048
2013-05-21 0.0237778532145043 0.144644647838844 0.133267666799395 -0.00915327414999009 0.707463106297247
2013-05-22 0.0239223022966043 0.143432253375522 0.135020389243117 -0.00924477155877712 0.706869826643534
2013-05-23 0.0236908483500077 0.14470887287352 0.12599520175783 -0.00942673817097271 0.715031815189615
2013-05-24 0.0235001595301738 0.144734458251488 0.127876803281933 -0.00937835971358319 0.713266938649988
2013-05-28 0.0240103042405237 0.145223708383008 0.126247640949159 -0.00915314847050195 0.713671494897811
2013-05-29 0.0236465383774838 0.144828449254753 0.125806168692751 -0.00931104102470083 0.715029884699713
2013-05-30 0.0239619959247246 0.14594633438894 0.120363568767531 -0.00935874908236843 0.719086850001173
2013-05-31 0.0238604580477496 0.1432064554232 0.122162551275179 -0.00967986421600592 0.720450399469877
2013-06-03 0.0473438914818214 0.139774001056848 0.0866349903514407 0.00579511922358573 0.720451997886304
2013-06-04 0.0473530665292273 0.138631072829566 0.0884422276982038 0.00585881921292717 0.719714813730076
2013-06-05 0.0470822396812098 0.137038037219656 0.085417514515329 0.00614622317181552 0.724315985411989
2013-06-06 0.0465468803601809 0.137747260932355 0.0849286169786399 0.00608228394577385 0.72469495778305
2013-06-07 0.0473411572190457 0.138691309918414 0.0850228310360276 0.005795324669185 0.723149377157327
2013-06-10 0.0474530450450529 0.137252027281545 0.0893627335011173 0.00569313584656228 0.720239058325722
2013-06-11 0.0471185125430693 0.136685120896712 0.0875271650900581 0.00608872064868875 0.722580480821472
2013-06-12 0.0467388026012155 0.135150883015911 0.0879188542963711 0.00645783260045211 0.72373362748605
2013-06-13 0.0466515619361155 0.136951294301928 0.0835517003603114 0.00618417400828818 0.726661269393357
2013-06-14 0.0467495731832352 0.135430022460321 0.0861980767609651 0.00634633166872876 0.72527599592675
2013-06-17 0.0470549246852493 0.135788833466994 0.0887409673866147 0.00619491317195611 0.722220361289186
2013-06-18 0.0471072929989371 0.137011103024253 0.0879617854831192 0.0061002839744256 0.721819534519265
2013-06-19 0.0469836570475557 0.135002729155517 0.0891319951664427 0.00610226014748618 0.722779358482998
2013-06-20 0.0457161117514594 0.132541418792272 0.0877728208990348 0.00685793498942072 0.727111713567813
2013-06-21 0.044851648753424 0.13419201508654 0.0882468545286192 0.00658876807752906 0.726120713553888
2013-06-24 0.0443432447588119 0.13423707315275 0.0875120424244504 0.00697846993770619 0.726929169726282
2013-06-25 0.0449849667468487 0.135214880335963 0.0867888191981558 0.00677613345143417 0.726235200267598
2013-06-26 0.0456717485558217 0.136324702006188 0.0860987097904196 0.00661765954317091 0.7252871801044
2013-06-27 0.0457435910116892 0.137431783755326 0.0885914014222105 0.00632247239430912 0.721910751416465
2013-06-28 0.0454798318789091 0.136309263131152 0.0913325911179742 0.00628059180290867 0.720597722069056
2013-07-01 0.0404654238605679 0.139700252131118 0.0980979142245827 0.00113691404596686 0.720599495737765
2013-07-02 0.0400893292645239 0.139006940543339 0.0992436005618821 0.001150362843583 0.720509766786672
2013-07-03 0.0397015480503983 0.139626443347329 0.0985613268904089 0.00114088059213992 0.720969801119724
2013-07-05 0.0394149958609002 0.141093464606924 0.100504794461098 0.00107617925457097 0.717910565816507
2013-07-08 0.0401730714441952 0.143258034203337 0.0987432535881978 0.00102658518514774 0.716799055579122
2013-07-09 0.0404821304744139 0.143326026647779 0.10086688929579 0.00100224343517871 0.714322710146839
2013-07-10 0.0405407521416741 0.143296898846324 0.100580789312578 0.000992492485527625 0.714589067213896
2013-07-11 0.040862461125067 0.144673199186979 0.101386365420976 0.000962166433926629 0.71211580783305
2013-07-12 0.0412467036340084 0.142307702897241 0.101376555421752 0.000974378953815555 0.714094659093183
2013-07-15 0.0413453986783075 0.142460951704519 0.101347150768726 0.000952761587256514 0.713893737261191
2013-07-16 0.0411786482981315 0.142324739189708 0.101571445986465 0.000977530225642302 0.713947636300053
2013-07-17 0.0414600474655605 0.142037153641322 0.101399581780667 0.000944112952659136 0.714159104159792
2013-07-18 0.0417949851886377 0.142072802696934 0.10238372782771 0.000926640675541939 0.712821843611176
2013-07-19 0.0418357481829401 0.142630766770488 0.100629548631703 0.000907944890646246 0.713995991524222
2013-07-22 0.0418644674252496 0.142330444170089 0.100379368634256 0.000889518609720442 0.714536201160684
2013-07-23 0.0417300375708905 0.142082434726764 0.101613771991981 0.000883967031050434 0.713689788679314
2013-07-24 0.0420757100146921 0.141616168185535 0.101375812616951 0.000896179949138661 0.714036129233684
2013-07-25 0.0417617590867941 0.141823795052626 0.0999813322533225 0.000875573160672271 0.715557540446585
2013-07-26 0.0416198265572629 0.142308926130426 0.0973869886303966 0.000875497551807273 0.717808761130107
2013-07-29 0.0418186045063769 0.141730341832961 0.0955511218067446 0.000889498983177174 0.72001043287074
2013-07-30 0.0417992307738328 0.141500034978151 0.0971903228329263 0.000870279478105607 0.718640131936985
2013-07-31 0.0418897099804992 0.141646678806061 0.0958397693855937 0.000852397641032887 0.719771444186814
2013-08-01 0.0496362007231082 0.140113365457837 0.0947952203686347 -0.0043180556339063 0.719773269084327
2013-08-02 0.0494599931750184 0.140108483815514 0.097085077043661 -0.0042014721857386 0.717547918151545
2013-08-05 0.0495362429017424 0.139757522740812 0.0954662208575834 -0.00415311950046264 0.719393133000325
2013-08-06 0.0489586310356469 0.139059227382095 0.0968005994031941 -0.00428059726835959 0.719462139447424
2013-08-07 0.0489321982697299 0.139117620229364 0.0937993777141588 -0.00434611334832444 0.722496917135072
2013-08-08 0.0492927892432827 0.139102796163227 0.0931169238165056 -0.00427939400160386 0.722766884778589
2013-08-09 0.0494492933932362 0.138037290850476 0.0935225708420732 -0.00433915828200982 0.723330003196224
2013-08-12 0.0495791871095953 0.138166504316234 0.0931503942710323 -0.00431587905467757 0.723419793357816
2013-08-13 0.0497523416212913 0.138308865870836 0.0951239363135732 -0.00426335546337975 0.721078211657679
2013-08-14 0.0499003755651262 0.137627309743728 0.0954529577621302 -0.00429434602314922 0.721313702952164
2013-08-15 0.0497652687122713 0.136492113737305 0.0936089880834994 -0.00454359626356313 0.724677225730488
2013-08-16 0.0499037681305131 0.136082416542253 0.0931298224793132 -0.00446131923933886 0.72534531208726
2013-08-19 0.0497815733781002 0.135089526609762 0.093924041734337 -0.00458928338128745 0.725794141659089
2013-08-20 0.0495473676989041 0.135345646122291 0.0915044589276764 -0.00455030670864826 0.728152833959777
2013-08-21 0.0495233546055406 0.134163989249151 0.0918619924991001 -0.00464000020832555 0.729090663854534
2013-08-22 0.0501681837018384 0.134505332356114 0.0911551860173864 -0.0045266878976236 0.728697985822285
2013-08-23 0.0501431163878246 0.135086739589283 0.0925011967197296 -0.00441862115731298 0.726687568460476
2013-08-26 0.0503431426326614 0.134353388300147 0.0918545593872136 -0.00457325612150696 0.728022165801485
2013-08-27 0.049364112840285 0.13334215836538 0.0917045184454616 -0.00496126770316061 0.730550478052034
2013-08-28 0.048885894934884 0.13391767954675 0.0911579128292644 -0.00494917645893351 0.730987689148035
2013-08-29 0.0490263524177414 0.133930191170339 0.0922828486278589 -0.00505513331332886 0.72981574109739
2013-08-30 0.0485078440389271 0.134547312020047 0.0918083825904674 -0.00511208730142066 0.730248548651979
2013-09-03 0.0508526531196593 0.134874846279718 0.0907826542451719 -0.00676046108511327 0.730250307440564
2013-09-04 0.0508713990471819 0.13584203903284 0.0908378535595476 -0.00672160761238047 0.729170315972811
2013-09-05 0.05109474069009 0.135820464440472 0.0907638980777395 -0.00658339762872842 0.728904294420427
2013-09-06 0.0514159281863823 0.135958699857446 0.089376459232782 -0.00663750253141013 0.7298864152548
2013-09-09 0.0511997789186489 0.136548526983414 0.0918473860967466 -0.00636308387905972 0.726767391880251
2013-09-10 0.0520961788900861 0.137056368787841 0.092363119992827 -0.00611101475853898 0.724595347087785
2013-09-11 0.0523757244337839 0.137663725398904 0.0916006707753703 -0.00591211642542476 0.724271995817366
2013-09-12 0.052424221158767 0.137378575020579 0.0911133147425547 -0.00601287506037648 0.725096764138476
2013-09-13 0.0524576101224036 0.137603146366069 0.0916049603944108 -0.00591591893436426 0.724250202051481
2013-09-16 0.0529974352347213 0.138501496597039 0.0914346594246713 -0.00584375120896761 0.722910159952536
2013-09-17 0.0529400514383522 0.138277676187706 0.0910874324364694 -0.00578710428858859 0.723481944226061
2013-09-18 0.0530253224942663 0.139294824942482 0.0918623874268107 -0.00555450608298343 0.721371971219424
2013-09-19 0.0533048999545229 0.138465077714765 0.0934140605976118 -0.00551802181163145 0.720333983544731
2013-09-20 0.0534360658708653 0.13582606107517 0.0927389496730296 -0.00564949521787935 0.723648418598814
2013-09-23 0.0532474489611075 0.135623166906062 0.0923814027850974 -0.00572947762928532 0.724477458977019
2013-09-24 0.0534256968093178 0.135118657875414 0.0927020160715927 -0.00569651934679453 0.72445014859047
2013-09-25 0.053464023885753 0.13492832679583 0.092397107236244 -0.0056794840182233 0.724890026100396
2013-09-26 0.053358028450064 0.135109871206589 0.0935041100741142 -0.00555902423391158 0.723587014503145
2013-09-27 0.0534182964237754 0.134584777008104 0.0931736104314783 -0.00580403326854371 0.724627349405186
2013-09-30 0.0531891530732389 0.133737605465988 0.0919431255319477 -0.00602934232237888 0.727159458251205
2013-10-01 0.052751002191445 0.136419385172199 0.0828268137068319 0.00084156927392249 0.727161229655601
2013-10-02 0.0525586465685482 0.136053009106942 0.0809871304788437 0.000871097145749141 0.729530116699917
2013-10-03 0.0524275480292447 0.134911203280959 0.0813731034699389 0.000904298726628159 0.730383846493229
2013-10-04 0.0526232016933431 0.135097847873532 0.0803949147084023 0.000898473116715816 0.730985562608007
2013-10-07 0.0525129343219959 0.134548194804384 0.0798448215595088 0.00096858095784876 0.732125468356263
2013-10-08 0.0523587356032223 0.133144601985175 0.0804547125387291 0.00101463418984828 0.733027315683025
2013-10-09 0.0520763875040214 0.133234987901389 0.0812733795930969 0.000978539547110561 0.732436705454382
2013-10-10 0.0528435582492922 0.135799477536596 0.081713048682873 0.000878463975025265 0.728765451556214
2013-10-11 0.0529581377796155 0.13671144349319 0.0823857794532082 0.000862186123555787 0.727082453150431
2013-10-14 0.0529765518672124 0.137097264957832 0.0816277883082677 0.000871491725529307 0.727426903141158
2013-10-15 0.0534959878711636 0.135748553240041 0.0819924526892039 0.0009242484976277 0.727838757701964
2013-10-16 0.0536130372698037 0.137598794645795 0.0819615074814517 0.000815862791120144 0.72601079781183
2013-10-17 0.053380279642593 0.137571829836861 0.0826214540506238 0.00077044974890958 0.725655986721013
2013-10-18 0.053735304185211 0.137106896564016 0.0822840919497524 0.00076203820692433 0.726111669094096
2013-10-21 0.0537570682417925 0.136242073099787 0.0829942603487294 0.000768091220660918 0.72623850708903
2013-10-22 0.0541818085946179 0.136854232686517 0.0827756768526055 0.000769585330488268 0.725418696535772
2013-10-23 0.0541718999759435 0.136451202229317 0.0810637176171557 0.000776575081775337 0.727536605095809
2013-10-24 0.0544825764634783 0.13648592807129 0.0815033684126158 0.000763882210485562 0.72676424484213
2013-10-25 0.0546139032448622 0.137076514494881 0.0794383396325235 0.000762911363266618 0.728108331264467
2013-10-28 0.0544872443371595 0.13677540917322 0.0809715143928666 0.00076589584075043 0.726999936256004
2013-10-29 0.0547127775040961 0.137679147555314 0.080342577602026 0.000760624592657447 0.726504872745906
2013-10-30 0.0546007876649216 0.137334978083017 0.0813255623412012 0.000767168177303419 0.725971503733557
2013-10-31 0.054825928160056 0.137126339336647 0.080217396092622 0.000767128263270143 0.727063208147405
2013-11-01 0.0623307910944576 0.13646750609163 0.0672230564190596 0.00691365857811224 0.727064987816741
2013-11-04 0.0624023815351385 0.138256110682981 0.0670813211570406 0.00672163055066546 0.725538556074175
2013-11-05 0.0621947517920119 0.137908540854335 0.0678045468424434 0.00670404796821024 0.725388112543
2013-11-06 0.0622859745463747 0.138831366777531 0.0683930171123907 0.00658299359816893 0.723906647965534
2013-11-07 0.0626653440217905 0.137586642649811 0.0678217002256042 0.00682487710777276 0.725101435995021
2013-11-08 0.0625868422765909 0.139254664369564 0.067213998835053 0.00652579199191818 0.724418702526874
2013-11-11 0.0626288743722685 0.140175846791351 0.0681425542997888 0.00649557890127112 0.722557145635321
2013-11-12 0.0623656993601269 0.139645805427962 0.0695072384379043 0.00646656716310013 0.722014689610907
2013-11-13 0.0622393772285315 0.140042977132694 0.0689928157227934 0.00644347384946523 0.722281356066516
2013-11-14 0.062756285470761 0.139942923789944 0.0702011476898111 0.00636154842305338 0.720738094626431
2013-11-15 0.0627873794079927 0.14019222292736 0.07114549448025 0.00627016319110889 0.719604739993288
2013-11-18 0.0631971149190314 0.140021824858976 0.070656532186309 0.00627226567838248 0.719852262357301
2013-11-19 0.0630041961126949 0.139931008739656 0.0705424811329822 0.00635236626255506 0.720169947752112
2013-11-20 0.0631229645662836 0.13936670307765 0.0704349296635929 0.00623006150024842 0.720845341192225
2013-11-21 0.0629611458489227 0.140003195694786 0.071549496539457 0.006014198907572 0.719471963009262
2013-11-22 0.0630306830664675 0.141090733712003 0.0714827992691665 0.0059166641060283 0.718479119846335
2013-11-25 0.0636166388229101 0.140023379284404 0.07156571341132 0.00593835827799825 0.718855910203368
2013-11-26 0.0635687542451689 0.140369291989448 0.0710031439831705 0.00597350361408945 0.719085306168123
2013-11-27 0.0639689441039197 0.140409891576165 0.0707554503713555 0.00597185870966017 0.718893855238899
2013-11-29 0.0643345250331696 0.139818508632415 0.0709574747609178 0.00604464020694967 0.718844851366548
2013-12-02 0.0607483747504902 0.140576627949373 0.0693930903729724 0.0104351628259099 0.718846744101255
2013-12-03 0.0596647055095454 0.140130649336654 0.0698191937102938 0.0106869434571604 0.719698507986346
2013-12-04 0.0592659411973138 0.140317929298761 0.0684180124857136 0.0106293356675725 0.721368781350639
2013-12-05 0.0590232613008681 0.139789690629571 0.0676611168626366 0.0107010897183712 0.722824841488553
2013-12-06 0.0594565039002793 0.140892691109271 0.0681402919133443 0.0103157008840419 0.721194812193063
2013-12-09 0.059620823999367 0.140033028026742 0.0687068850574456 0.0102340083905348 0.721405254525911
2013-12-10 0.0591773299219632 0.139672263325166 0.0684589402729572 0.0103028022544838 0.72238866422543
2013-12-11 0.0590457779153904 0.138416046468737 0.0679772958829524 0.0108061711666933 0.723754708566227
2013-12-12 0.058769168735095 0.137614690826706 0.0675685994319092 0.0108732138804178 0.725174327125872
2013-12-13 0.0586891785856712 0.137677480780038 0.0677009250770996 0.0108895041185793 0.725042911438612
2013-12-16 0.0596387284029977 0.13895697826949 0.0663638222468883 0.0108897494816009 0.724150721599023
2013-12-17 0.0591368435834604 0.138734254740979 0.0670186314190058 0.0108454299877056 0.72426484026885
2013-12-18 0.0595404069668596 0.140728655328477 0.0681553692627015 0.010033915963619 0.721541652478343
2013-12-19 0.0603979735570176 0.140497355123251 0.0691220377646803 0.0101132060308847 0.719869427524167
2013-12-20 0.0607197766833219 0.141578517077578 0.0687860971779079 0.0101634478227596 0.718752161238433
2013-12-23 0.0612411498041392 0.142069805752828 0.068733472969619 0.00979537082137955 0.718160200652034
2013-12-24 0.0612240604606105 0.142443343700567 0.0687720056121419 0.0095924159889198 0.71796817423776
2013-12-27 0.0617187754130458 0.143159149770659 0.0694024838086561 0.00953219944288903 0.71618739156475
2013-12-30 0.0615217222600751 0.142804956606448 0.0693136743672474 0.0096682536322989 0.716691393133931
2013-12-31 0.061493883757073 0.143189218131626 0.0692823100155831 0.00965933830288645 0.716375249792832
2014-01-02 0.0626171104838331 0.141811230199785 0.0676867480911892 0.0115073716247624 0.716377539600431
2014-01-03 0.0627781446228299 0.142638456274201 0.0676082943283714 0.0114199472504086 0.715555157524189
2014-01-06 0.0627199872127279 0.143554898409851 0.0669784417035837 0.0113042640326512 0.715442408641186
2014-01-07 0.0631919753769662 0.144199940171744 0.0666748324342257 0.0110286485772763 0.714904603439787
2014-01-08 0.0631119923389085 0.143328285117075 0.0678859298583536 0.011037597074043 0.71463619561162
2014-01-09 0.0627046832109717 0.143630563591596 0.0668169127434496 0.0110709716042462 0.715776868849737
2014-01-10 0.0630242760254896 0.143677508703455 0.0669812610611306 0.010804833049189 0.715512121160735
2014-01-13 0.0633801097016841 0.141505343117562 0.0671355572079125 0.0112132307177805 0.71676575925506
2014-01-14 0.0636309148780814 0.142675416391909 0.0655983713633142 0.0107735667829761 0.717321730583719
2014-01-15 0.0646757553843029 0.143003295041281 0.0669080324643573 0.0107832154433033 0.714629701666755
2014-01-16 0.0646169476817807 0.143006426264723 0.066369119136944 0.0108362115078637 0.715171295408689
2014-01-17 0.0647426196259573 0.143453874062617 0.066220992541683 0.0108687871255876 0.714713726644155
2014-01-21 0.0645952300622863 0.143617825996153 0.0670375981926984 0.0107131534230424 0.71403619232582
2014-01-22 0.06457307619463 0.143356569925453 0.0669760975226391 0.0105593564987689 0.714534899858509
2014-01-23 0.0641383838054558 0.142058863338057 0.066623827668268 0.0108818811344127 0.716297044053807
2014-01-24 0.0628821657082588 0.139490105032358 0.0655805502733426 0.0118987642860823 0.720148414699958
2014-01-27 0.0627249438030472 0.138691701162076 0.064828273498818 0.0121101103329553 0.721644971203104
2014-01-28 0.0630798931247107 0.139404637905568 0.0646156636591529 0.0116132858170703 0.721286519493498
2014-01-29 0.0625853821549679 0.137832269724466 0.0661807801506949 0.0123818867342 0.721019681235671
2014-01-30 0.062865116860826 0.138928788017507 0.0646168983036294 0.0121777700240528 0.721411426793985
2014-01-31 0.062427257874523 0.13812672006846 0.0646863019163984 0.0132070161855455 0.721552703955073
2014-02-03 0.0974537108451675 0.129821024642656 0.0385044214626377 0.0126658270035129 0.721555016046026
2014-02-04 0.0970253525732053 0.130567407608846 0.0369966142341713 0.0124062791471081 0.723004346436669
2014-02-05 0.0968264186456785 0.130258995941886 0.0375826121468806 0.0128845041700615 0.722447469095493
2014-02-06 0.0981531920684955 0.131590079834872 0.0374152276097981 0.0115832804792019 0.721258220007633
2014-02-07 0.0984831776145616 0.132506274086465 0.0380081876048773 0.0108384038355754 0.720163956858521
2014-02-10 0.0984292112772888 0.131823792648985 0.0381717566528596 0.0108632283980666 0.7207120110228
2014-02-11 0.100106546794268 0.133032197228576 0.0380485265976859 0.0104191005713044 0.718393628808166
2014-02-12 0.1007458107443 0.13250359249177 0.0381994996607565 0.0102019310559378 0.718349166047235
2014-02-13 0.101257027275794 0.133345547998855 0.0375464807002545 0.0101193868418945 0.717731557183202
2014-02-14 0.101863462893983 0.134050756466305 0.0369929148649564 0.00995891056332715 0.717133955211428
2014-02-18 0.101801675922955 0.133152688046401 0.0383119170068458 0.00983216285890372 0.716901556164895
2014-02-19 0.101878520049348 0.132314250203222 0.0378863350611583 0.0104900387368611 0.717430855949411
2014-02-20 0.101565449332703 0.13294740618086 0.0370742543749125 0.0101150213963783 0.718297868715146
2014-02-21 0.101786412092691 0.132773627833496 0.0382027716408259 0.0102085882433323 0.717028600189654
2014-02-24 0.10223961506243 0.133350561573339 0.0379115513893466 0.0101256218626415 0.716372650112243
2014-02-25 0.102111398837489 0.133108360297183 0.0384697422056263 0.0101205521507533 0.716189946508949
2014-02-26 0.101751065763623 0.133260896950376 0.0382934229153572 0.0102450541017189 0.716449560268925
2014-02-27 0.100981815477568 0.13407174654639 0.0382403866155583 0.0102217180740148 0.716484333286469
2014-02-28 0.101867592906935 0.134595710000839 0.0381132172016889 0.0103832455644504 0.715040234326087
2014-03-03 0.0968068585384019 0.138661888883057 0.034904442452132 0.0145842471599501 0.715042562966459
2014-03-04 0.0987844885321296 0.140368476671356 0.0351391173578818 0.0135707298509458 0.712137187587687
2014-03-05 0.0983160415071626 0.140362369655002 0.0354920435096681 0.0135605315704007 0.712269013757767
2014-03-06 0.0982255263187123 0.14086229908359 0.0358795246338962 0.0134747150397767 0.711557934924025
2014-03-07 0.0964116726199067 0.140997100699205 0.0360251904226081 0.0137897561248054 0.712776280133475
2014-03-10 0.095835505639761 0.140032653473927 0.035310816982378 0.0137767448614947 0.715044279042439
2014-03-11 0.0962427697609197 0.139403832337899 0.035559859969686 0.0139645890555973 0.714828948875898
2014-03-12 0.0952078123762363 0.139747793131366 0.0347409845327541 0.0139871618437029 0.716316248115941
2014-03-13 0.0937358709209579 0.138121504829455 0.0349280590366637 0.0145987435698756 0.718615821643048
2014-03-14 0.0942429826969553 0.137469588585483 0.033829007913848 0.0150272729117684 0.719431147891945
2014-03-17 0.0953009859356244 0.138747451638516 0.0340112214537068 0.0142878777972506 0.717652463174902
2014-03-18 0.0958364426291438 0.13936516332533 0.0342095485343592 0.0137100017067238 0.716878843804443
2014-03-19 0.0962269803290347 0.138340189383624 0.0343173452320085 0.0139832820783632 0.71713220297697
2014-03-20 0.0963676847710495 0.139276273044275 0.0337499021640325 0.0138897298099287 0.716716410210714
2014-03-21 0.0967151681643895 0.139913343654724 0.0337018569724861 0.0139645674490869 0.715705063759314
2014-03-24 0.0952130832146301 0.13994900358138 0.0344108901533375 0.0140067559938758 0.716420267056777
2014-03-25 0.0965744121192226 0.140417265604241 0.0341763786560346 0.0138029437988689 0.715028999821633
2014-03-26 0.0976763981717694 0.139252975532213 0.0342571500811982 0.0140496076274429 0.714763868587376
2014-03-27 0.0976663999870251 0.139330617842542 0.034628015938941 0.0138742556686607 0.714500710562831
2014-03-28 0.098830286428365 0.139858720710669 0.0348646157417725 0.013677153583594 0.712769223535599
2014-03-31 0.0984416050365368 0.141081140165595 0.0349497989830048 0.0132285761557126 0.712298879659151
2014-04-01 0.0938355484974307 0.143849287506384 0.0354798589096889 0.0145338800992647 0.712301424987232
2014-04-02 0.0939655410182224 0.143907037050443 0.0356554664053131 0.0146312489044134 0.711840706621608
2014-04-03 0.094000383845132 0.143864431899658 0.0358147562621578 0.0146105528664903 0.711709875126562
2014-04-04 0.0946522131757278 0.142888768508499 0.0358399142521331 0.0149132511245398 0.7117058529391
2014-04-07 0.0931021343792433 0.142269913162362 0.0356596719144876 0.0152973515556469 0.71367092898826
2014-04-08 0.0929997052538218 0.142358360670941 0.0352064052528597 0.0150337533291226 0.714401775493255
2014-04-09 0.0931312263279245 0.143399220870436 0.0345607807021579 0.0146583693137928 0.714250402785688
2014-04-10 0.0928291410611871 0.141014477923473 0.0347394002855574 0.015572771058713 0.71584420967107
2014-04-11 0.0917981417980046 0.139649884805456 0.0339655325670752 0.0161013657015438 0.71848507512792
2014-04-14 0.0919358520231619 0.140584224001964 0.0337962704132776 0.0159513006769128 0.717732352884683
2014-04-15 0.0903247259834417 0.141889023921963 0.0341150070615326 0.0157890545392957 0.717882188493767
2014-04-16 0.0914168282581622 0.143052977327509 0.0350255904783959 0.0151704120837095 0.715334191852224
2014-04-17 0.0922942328732145 0.142749547747255 0.0348623769336249 0.0149372507789778 0.715156591666927
2014-04-22 0.0939294428677101 0.143450994994286 0.0346090579421148 0.0146074939313067 0.713403010264583
2014-04-23 0.0933938655098889 0.143451431827462 0.035006972639718 0.0146485715734787 0.713499158449453
2014-04-24 0.0934668089784388 0.143277960349401 0.0346752864190139 0.0148496861236712 0.713730258129475
2014-04-25 0.0922554103661881 0.142403592738551 0.0348397377672797 0.0149869219302966 0.715514337197684
2014-04-28 0.0926493237413324 0.142999399395548 0.0345163183547958 0.0146643841000646 0.715170574408259
2014-04-29 0.0938466249281497 0.143372145503864 0.034399002844154 0.0143722459283049 0.714009980795527
2014-04-30 0.0939794184053275 0.143704094258011 0.0343276568664745 0.0143818068497833 0.713607023620403
2014-05-02 0.095532293519062 0.14259499774491 0.0328480662123187 0.0143662478698492 0.71465839465386
2014-05-05 0.0952930386477083 0.142775960326398 0.032856983761796 0.0142120767310355 0.714861940533062
2014-05-06 0.0948252823633405 0.141853837028851 0.032970143115152 0.0143320382545768 0.71601869923808
2014-05-07 0.0953671149109835 0.142546463618581 0.0319815964515113 0.01405185369852 0.716052971320404
2014-05-08 0.0961005588802045 0.14247103165957 0.0322672391324617 0.0140581782722803 0.715102992055484
2014-05-09 0.0958370637089581 0.14295943454172 0.0323680753585393 0.0137521595820867 0.715083266808696
2014-05-12 0.0967119273671724 0.14491905853683 0.0324521307212889 0.0132963772469636 0.712620506127745
2014-05-13 0.0971029118800004 0.144892286438324 0.0329875801214063 0.0133183448233679 0.711698876736901
2014-05-14 0.0971745816083566 0.144392437209792 0.0329435505680699 0.0132530692797915 0.71223636133399
2014-05-15 0.0964023698165999 0.14348820047044 0.0329063634381024 0.0134215341664896 0.713781532108368
2014-05-16 0.0961753353598847 0.14405489641776 0.0325519640480271 0.0131152202354187 0.71410258393891
2014-05-19 0.0964490562461925 0.14426502179261 0.0324341491812634 0.0129534658929063 0.713898306887028
2014-05-20 0.0963919072764401 0.143112516441109 0.0326498562130431 0.0128581025232077 0.7149876175462
2014-05-21 0.0968066781244749 0.144315721115533 0.0325266712605705 0.0126307316053618 0.71372019789406
2014-05-22 0.0969180387764777 0.144353055301677 0.033249808751886 0.0126224541179412 0.712856643052018
2014-05-23 0.0972536384992977 0.144937979608889 0.0334221768444823 0.0125013569025943 0.711884848144737
2014-05-27 0.0987072464685241 0.145522276241914 0.0337144477372545 0.0120823715164298 0.709973658035878
2014-05-28 0.0987359804734615 0.145123524996848 0.0337776100882763 0.0120557754012192 0.710307109040195
2014-05-29 0.098642670010855 0.145839727182558 0.0338590054703757 0.0119947898515271 0.709663807484684
2014-05-30 0.0986574036399668 0.146087067626999 0.0338403100937389 0.0119485352286189 0.709466683410677
2014-06-02 0.0957759287328554 0.145265394571014 0.0358372589754897 0.0136522068626687 0.709469210857973
2014-06-03 0.095489622053225 0.145292448626066 0.0359924521103279 0.0137021635925713 0.709523313617809
2014-06-04 0.095550597865624 0.145437065094963 0.0359649077877789 0.0135581942885496 0.709489234963084
2014-06-05 0.0957065736384523 0.146199292679622 0.0358892568216561 0.013060889423328 0.709143987436941
2014-06-06 0.0960270278506372 0.146940629004827 0.0359112699306415 0.0123993042910199 0.708721768922874
2014-06-09 0.0962125257758365 0.146716708043079 0.0359376585116522 0.01255594243897 0.708577165230463
2014-06-10 0.0964107225677958 0.146952350683673 0.0356807194796307 0.0123400111775003 0.708616196091401
2014-06-11 0.0956877004198143 0.146726126764822 0.0360709220555676 0.0126225677241256 0.70889268303567
2014-06-12 0.0955978489920959 0.146141217226582 0.0360057579507944 0.0132296904546284 0.7090254853759
2014-06-13 0.0953314673773226 0.14641163318961 0.0363556907201307 0.0130024593210515 0.708898749391885
2014-06-16 0.0951197543386797 0.146537852155972 0.0359532162046611 0.0129910580280737 0.709398119272614
2014-06-17 0.0954466639372955 0.14668859374494 0.0360917590339228 0.0125382608499524 0.709234722433889
2014-06-18 0.0955031233892645 0.147363785086134 0.0363293174482092 0.0118587732576876 0.708945000818704
2014-06-19 0.0960741813737038 0.147271579388482 0.0368130487226806 0.0119030403307049 0.707938150184428
2014-06-20 0.0959481452723665 0.147016988882782 0.0367664564111765 0.0120665736746065 0.708201835759068
2014-06-23 0.0953982594267829 0.147163637965338 0.0368026075246276 0.0117793578487658 0.708856137234485
2014-06-24 0.0955943562974185 0.146219098273603 0.0368897132868057 0.0122041642973542 0.709092667844819
2014-06-25 0.0950203607344118 0.146709666377707 0.0366424583610617 0.0117631829675016 0.709864331559318
2014-06-26 0.0944788855762635 0.146493406144539 0.0367598262874036 0.0119185181647949 0.710349363826999
2014-06-27 0.0946202667010364 0.146576493936029 0.0363079330217194 0.0118214609913826 0.710673845349832
2014-06-30 0.0948167481935573 0.14609354507318 0.036512788866301 0.011717916844247 0.710859001022715
2014-07-01 0.0938719819254746 0.144550016183669 0.0399692800630553 0.0107480406193246 0.710860681208476
2014-07-02 0.0939701957347037 0.144458370382611 0.0399596178585456 0.0106376922963578 0.710974123727782
2014-07-03 0.0949058395716385 0.145192731463039 0.0398315037246358 0.0104705941787354 0.709599331061951
2014-07-07 0.0937784328376342 0.145647032829851 0.0399609887828654 0.0107063746336375 0.709907170916012
2014-07-08 0.0927228714781608 0.144965112374051 0.0399157007202251 0.0108926544097419 0.711503661017821
2014-07-09 0.0929908165782875 0.145416496331262 0.0399360557855894 0.010676056586657 0.710980574718204
2014-07-10 0.0917657195699694 0.144950433659541 0.0397783940014374 0.0110578242882539 0.712447628480798
2014-07-11 0.0918258890636297 0.145130271833098 0.0397065845096547 0.0109484967542038 0.712388757839414
2014-07-14 0.0927137311251517 0.145932477123418 0.0400432833849936 0.0106060407624376 0.710704467603999
2014-07-15 0.0921360497039879 0.145931387847511 0.0402387196253643 0.0107903740023957 0.710903468820741
2014-07-16 0.093292697983502 0.146468987857428 0.0401070896462022 0.0105087979730074 0.70962242653986
2014-07-17 0.0923565080183939 0.145775125159027 0.0402293785085291 0.0115414881340105 0.710097500180039
2014-07-18 0.0920434150240785 0.147063575524297 0.0399760842713152 0.0107557098093687 0.71016121537094
2014-07-21 0.0911210077949818 0.146840599803271 0.0400842452703563 0.0110068921444751 0.710947254986916
2014-07-22 0.0921159156429103 0.147077857908456 0.0403512969820218 0.0107676272742157 0.709687302192396
2014-07-23 0.0922659192324669 0.147111131555518 0.040319215319503 0.010856357908561 0.709447375983951
2014-07-24 0.092588798866917 0.147351377526014 0.0402916896422836 0.010776149282425 0.708991984682361
2014-07-28 0.0908727221707538 0.147079912401528 0.0409417975897574 0.0110467549870066 0.710058812850954
2014-07-29 0.0913892897042869 0.146412259600703 0.0411657137003965 0.0110341604303496 0.709998576564264
2014-07-30 0.0908715408470439 0.146293735019218 0.0412233714899029 0.0112176548098061 0.710393697834029
2014-07-31 0.0894114772771204 0.144336043766318 0.041224267399727 0.0122080595622204 0.712820151994614
2014-08-01 0.0875411722876272 0.143589079182718 0.0457474663935699 0.010300440501521 0.712821841634564
2014-08-04 0.0870904364902326 0.14395421627479 0.045610214721078 0.00985402436158377 0.713491108152316
2014-08-05 0.0874707655574567 0.142913926068677 0.0452199071392527 0.0105586706833995 0.713836730551214
2014-08-06 0.0869524281868047 0.143362378608024 0.0448304203359071 0.0106022531592932 0.714252519709971
2014-08-07 0.0861289371320718 0.143143779806819 0.0452754382450645 0.0108297530854124 0.714622091730632
2014-08-08 0.0858864381553106 0.144748258110932 0.0440107935575196 0.0103935228435074 0.71496098733273
2014-08-11 0.0873532908211214 0.144180379178331 0.0449175062168263 0.00994883792537135 0.71359998585835
2014-08-12 0.0863710414250589 0.144430513593833 0.0450652637217993 0.00989512587034275 0.714238055388966
2014-08-13 0.0874288214283214 0.145251437619657 0.0451735682264864 0.00932624724069181 0.712819925484844
2014-08-14 0.087616692741799 0.145666555317798 0.0453850241826057 0.00900480501997447 0.712326922737822
2014-08-15 0.0865106320984259 0.145459425290949 0.0454198652374251 0.00902069376584676 0.713589383607353
2014-08-18 0.087764123363308 0.146310504701259 0.0452864070504974 0.00866364655749642 0.711975318327439
2014-08-19 0.0884269321744093 0.146920042965818 0.0455787214625848 0.00855259216597667 0.710521711231211
2014-08-20 0.0881633174096485 0.147739147157158 0.045579334997308 0.00861039264260662 0.709907807793279
2014-08-21 0.0887905567363996 0.148449821471866 0.0457865347606717 0.0086224473570717 0.708350639673991
2014-08-22 0.0882781260265035 0.148613731968552 0.045542049091853 0.00859579324452535 0.708970299668567
2014-08-25 0.0896557648059426 0.149115131890961 0.0456543026763351 0.00848014418011264 0.707094656446649
2014-08-26 0.0902654393565229 0.149665042621679 0.0454144336062708 0.00853942994762151 0.706115654467905
2014-08-27 0.0900747435015098 0.149827329763049 0.0455118662714338 0.00859961112852937 0.705986449335478
2014-08-28 0.0891766997279334 0.149811713702708 0.0453980985310266 0.00874641189568088 0.706867076142652
2014-08-29 0.0892498458979512 0.149831905855267 0.0453382648073526 0.00869704890902671 0.706882934530403
2014-09-02 0.0892189056636189 0.146557907850229 0.0467603860291409 0.0105786161574689 0.706884184299542
2014-09-03 0.0902409914317205 0.146567227742164 0.0466350415137767 0.0104437061558021 0.706113033156537
2014-09-04 0.0911199839146893 0.146265098301636 0.0463265439063702 0.0104618171276602 0.705826556749644
2014-09-05 0.0911990067251101 0.147302709825014 0.0464686802212584 0.0102375861504337 0.704792017078184
2014-09-08 0.0911312519956355 0.14825557089197 0.0468960576359244 0.0102407720409399 0.70347634743553
2014-09-09 0.0907641522641015 0.14765757153464 0.0470008037518374 0.0105174782015609 0.70405999424786
2014-09-10 0.0906021227907547 0.148523151162249 0.0468556920910718 0.0104505314509011 0.703568502505023
2014-09-11 0.0905663934798071 0.14808469732718 0.0469804804408906 0.0104299177645135 0.703938510987609
2014-09-12 0.0902508878374523 0.147693981310901 0.0469804053345218 0.0106679236800257 0.704406801837099
2014-09-15 0.090335881673859 0.147625409422859 0.0466422730693502 0.0109444212349139 0.704452014599018
2014-09-16 0.0900602631624396 0.148663101679417 0.046635316820472 0.010389735894024 0.704251582443648
2014-09-17 0.0902977952548702 0.148795755209258 0.0465899838964837 0.010293199501986 0.704023266137402
2014-09-18 0.0913500331154649 0.149363292018512 0.0468806583443249 0.0101081428262072 0.702297873695491
2014-09-19 0.0912362664201043 0.150066918070392 0.0472466215329165 0.0101055233159284 0.701344670660659
2014-09-22 0.0908420206250311 0.149843245709766 0.0469786357733321 0.010458568419523 0.701877529472347
2014-09-23 0.0896024490478321 0.148982884147376 0.0470837747335917 0.0108802601344625 0.703450631936737
2014-09-24 0.0901073419048708 0.149931021215304 0.0469296095452371 0.010516334746279 0.702515692588309
2014-09-25 0.0888556316700751 0.148296274504682 0.0477274772026214 0.0112919806541023 0.703828635968519
2014-09-26 0.0885339343008372 0.150439289451622 0.0473851633353556 0.0109209215011574 0.702720691411027
2014-09-29 0.0878425753611773 0.150736079368874 0.0477324778961213 0.0114485010053098 0.702240366368518
2014-09-30 0.0883315810492974 0.150491087014409 0.0472683339335845 0.0115872912750048 0.702321706727705
2014-10-01 0.0872509328207919 0.14883880648998 0.0479332454065864 0.013654628262602 0.702322387020039
2014-10-02 0.0857417731320813 0.149645378784153 0.0469010101997384 0.0135487033164151 0.704163134567613
2014-10-03 0.0856477889003961 0.15096662229407 0.0472901243278326 0.0127019241831216 0.70339354029458
2014-10-06 0.0855784519572665 0.15203550907859 0.0477457929063867 0.0128693873336292 0.701770858724128
2014-10-07 0.0847209581356154 0.149653428684913 0.0476031776378437 0.0138534895928099 0.704168945948818
2014-10-08 0.0839617547122335 0.151296968724953 0.0471307054151592 0.012699130889994 0.70491144025766
2014-10-09 0.0842596989534404 0.148293553681787 0.0469164032632209 0.0138764406387903 0.706653903462762
2014-10-10 0.0824707152657607 0.146956778528439 0.0464163342720644 0.0154885573869996 0.708667614546736
2014-10-13 0.0825733239073711 0.145890183159232 0.0468198652107424 0.0170668166500283 0.707649811072626
2014-10-14 0.0828440615961766 0.145596717004391 0.0457893505302044 0.0168256893723755 0.708944181496852
2014-10-15 0.0807417332466554 0.144381800170042 0.04641511683807 0.017091374509518 0.711369975235715
2014-10-16 0.080903216285749 0.144198504314783 0.0455096880851855 0.0175029835743785 0.711885607739904
2014-10-17 0.0832372848661171 0.14502647041578 0.0447309557742344 0.01670612708949 0.710299161854379
2014-10-20 0.0820192803478885 0.145713769672479 0.046299685384845 0.0154210220344924 0.710546242560295
2014-10-22 0.0838855267876073 0.145685912050775 0.046443841662911 0.0153450326706578 0.708639686828049
2014-10-23 0.0846398680800264 0.148104916466273 0.0462894502575405 0.0144209245019771 0.706544840694183
2014-10-24 0.0839673919205074 0.149573824994988 0.0466164499935846 0.0142677288009759 0.705574604289945
2014-10-27 0.0832709878083586 0.149592324728877 0.0466463304641381 0.0140694650692492 0.706420891929377
2014-10-28 0.0846636820184953 0.150699104694626 0.0464028827731158 0.0131107786883754 0.705123551825388
2014-10-29 0.0847660762858655 0.15009990268301 0.0469625659493521 0.0133289454966441 0.704842509585128
2014-10-30 0.08486535848129 0.15157906248385 0.0470157929166931 0.0133491043837925 0.703190681734375
2014-10-31 0.0862255932419958 0.153639625752066 0.0490072176631973 0.0129057006054901 0.698221862737251
2014-11-03 0.0858896682130147 0.15088871327134 0.051236598789273 0.0137624462690524 0.69822257345732
2014-11-04 0.0851298536171675 0.151496578869747 0.0512081049637366 0.0136826291657385 0.69848283338361
2014-11-05 0.0863657076740996 0.151785292835348 0.0510693042592489 0.013489704649442 0.697289990581862
2014-11-06 0.0869270353085164 0.15240648670178 0.0503418322765838 0.0131353560071923 0.697189289705927
2014-11-07 0.0861374323800819 0.153120294591796 0.0505721542981267 0.0129485843906541 0.697221534339341
2014-11-10 0.0866572986493951 0.153611541127805 0.0503678914929329 0.0124348272679075 0.696928441461959
2014-11-11 0.0867156311136663 0.153332709190534 0.05140438657877 0.0124248606951843 0.696122412421845
2014-11-12 0.0853394995617428 0.153860484610791 0.0513589364880866 0.0126069257713661 0.696834153568013
2014-11-13 0.0856116485271708 0.153707831642472 0.051735284926851 0.012724945140668 0.696220289762838
2014-11-14 0.0856320126160347 0.153587603237467 0.0519638083970019 0.0127619532452878 0.696054622504209
2014-11-17 0.0863294893912839 0.153214803265359 0.0499913871223968 0.0127652821899565 0.697699038031004
2014-11-18 0.0874643565095377 0.153343189511053 0.0510401341829381 0.0125051868706834 0.695647132925788
2014-11-19 0.0875944144442584 0.153412006784002 0.0507015271399567 0.012804818802254 0.695487232829529
2014-11-20 0.0877554287664938 0.153323249188517 0.0502943670861054 0.012679683009701 0.695947271949183
2014-11-21 0.0898244061957226 0.153654360793062 0.0499595214961755 0.0123984590497099 0.69416325246533
2014-11-24 0.0900517411408883 0.155119643012901 0.0505823801186203 0.012092429893058 0.692153805834533
2014-11-25 0.0907106471837003 0.154867384468324 0.0505482217485477 0.0120033463858575 0.691870400213571
2014-11-26 0.0912319128409638 0.154553949926676 0.0503595629003941 0.011820215877193 0.692034358454773
2014-11-28 0.0917852824543385 0.153860137787162 0.0505509869724566 0.012123853441764 0.691679739344279
2014-12-01 0.0909053422404849 0.154159783359833 0.0465690595092456 0.0166853816101026 0.691680433280334
2014-12-02 0.0906597839068582 0.154965632699305 0.0467618219842244 0.0157549417380969 0.691857819671515
2014-12-03 0.0909303993255787 0.155413655576055 0.0468753719587816 0.0154795503265486 0.691301022813036
2014-12-04 0.0897933553187468 0.156344145139846 0.0473730912543532 0.0154845379716596 0.691004870315394
2014-12-05 0.0917078081060811 0.156634156794187 0.0472247739647451 0.0151889753242805 0.689244285810706
2014-12-08 0.0911264412515533 0.156455650293508 0.0468534358644545 0.015754694330402 0.689809778260082
2014-12-09 0.0893310088312324 0.156387870571379 0.0467606665945224 0.0160209391609398 0.691499514841926
2014-12-10 0.0895828465277758 0.153597291727948 0.0460473579737276 0.0177472875303303 0.693025216240218
2014-12-11 0.0900324232044589 0.153366696693663 0.045749999278153 0.0187804198477089 0.692070460976016
2014-12-12 0.0879615218413848 0.150797202612753 0.0463277033839055 0.0198875076377544 0.695026064524202
2014-12-15 0.0860048674714124 0.15034567425922 0.0456068895165607 0.0194928382372139 0.698549730515593
2014-12-16 0.0879850471321962 0.149335728431825 0.0448281317807279 0.0203927439724534 0.697458348682798
2014-12-17 0.0877756031989723 0.151364944923029 0.0453386931926185 0.0183017833417001 0.69721897534368
2014-12-18 0.0896089713924666 0.154173374620862 0.0461389895353205 0.0176384223599831 0.692440242091368
2014-12-19 0.0891418318144798 0.155853434029078 0.0470435718176005 0.0174322633883601 0.690528898950482
2014-12-22 0.0896440986757036 0.157933107234517 0.0469770068362682 0.0165703799329314 0.68887540732058
2014-12-23 0.0900784679376817 0.158133039899569 0.0469365442739157 0.0165677298170355 0.688284218071798
2014-12-24 0.0900142540914303 0.158500394805884 0.0472498262082365 0.0164397775325173 0.687795747361931
2014-12-29 0.0900224755481804 0.158921589230424 0.0469939605956731 0.0165490593258858 0.687512915299837
2014-12-30 0.0891000428656773 0.158717413943238 0.0462911205723929 0.0169839099087828 0.688907512709909
2014-12-31 0.0890442676489583 0.157581865440791 0.0465794417127967 0.0183160266897448 0.68847839850771
2015-01-02 0.089210144261084 0.155760477330787 0.0483014935843729 0.0182488394853304 0.688479045338426
2015-01-05 0.0868024994291552 0.154583490647642 0.0484814104243559 0.0196139880756238 0.690518611423223
2015-01-06 0.0868608364937916 0.15437967740308 0.0474474811761236 0.0200719283871909 0.691240076539814
2015-01-07 0.0870999709111549 0.156059767512844 0.0478351004134982 0.0193934746213137 0.689611686541189
2015-01-08 0.0894322611586963 0.158858586159945 0.0485914074544526 0.0180298363182674 0.685087908908639
2015-01-09 0.0878723174873147 0.158285924624579 0.0487354036876936 0.0187728595965641 0.686333494603848
2015-01-12 0.0890181141301951 0.156837434944899 0.0486975869764853 0.0196440042881795 0.685802859660241
2015-01-13 0.0903014429511542 0.156377202670842 0.0486285585850739 0.0201352243494932 0.684557571443437
2015-01-14 0.0894098002444512 0.155481291969074 0.0481364569027256 0.0206165968899373 0.686355853993811
2015-01-15 0.0910557870095139 0.154388307986181 0.0494432166578083 0.0211359257239754 0.683976762622521
2015-01-16 0.0920124197897265 0.156469537167377 0.0488522472110458 0.020689102567977 0.681976693263874
2015-01-20 0.0924218048804997 0.157563760520087 0.0505729796850191 0.0203968348233819 0.679044620091012
2015-01-21 0.0928739825985888 0.158120840102741 0.0499839703089976 0.019442187234686 0.679579019754986
2015-01-22 0.0938485435459373 0.160107658662599 0.0501640942804739 0.0181431751408351 0.677736528370155
2015-01-23 0.0955707618111031 0.158858843092769 0.050693842228787 0.0185676637701418 0.676308889097199
2015-01-26 0.0962401156615081 0.162652540024755 0.0518462226182156 0.0175956864237839 0.671665435271737
2015-01-27 0.0950012998698102 0.160247676719298 0.0527048559676591 0.0184358841534027 0.67361028328983
2015-01-28 0.0958166821430263 0.157548347159742 0.052477106861425 0.0199906007992192 0.674167263036587
2015-01-29 0.0960444091138501 0.158819781540677 0.0517444089949454 0.0193133870024778 0.67407801334805
2015-01-30 0.0956203249537413 0.157158674465999 0.0521364737427866 0.0212485767929251 0.673835950044548
2015-02-02 0.092855771268748 0.163081785137634 0.0374437168244178 0.0327822970444679 0.673836429724733
2015-02-03 0.0933256331165479 0.165298768080201 0.0368422478686282 0.0311996613848331 0.67333368954979
2015-02-04 0.0934216574010701 0.164394183812045 0.0373876405656736 0.0320268822250569 0.672769635996155
2015-02-05 0.0934579717767232 0.165487211431174 0.0367648530891703 0.0308927020875637 0.673397261615369
2015-02-06 0.0927979037747867 0.165505661448696 0.0372713148495115 0.0321440605718508 0.672281059355155
2015-02-09 0.0913612455642244 0.165931736315564 0.0371327055135906 0.032348697839024 0.673225614767597
2015-02-10 0.0920725683533436 0.166991538680552 0.0370768767183097 0.0310888253746917 0.672770190873103
2015-02-11 0.0920434884490211 0.167006866226255 0.0370490565426473 0.0312340045523852 0.672666584229691
2015-02-12 0.0933680435672523 0.167959147320249 0.0374324780135909 0.0293616688566151 0.671878662242292
2015-02-13 0.0937662707908954 0.167951461721804 0.0372160339231299 0.0290132397339585 0.672052993830213
2015-02-17 0.0932525933285849 0.167521562378824 0.0375866396324007 0.0291087946529318 0.672530410007258
2015-02-18 0.0937226598822736 0.167520630713394 0.0380104066093797 0.0288562424644235 0.671890060330529
2015-02-19 0.0941577602933137 0.167100566236178 0.038007478318264 0.0282354997454307 0.672498695406814
2015-02-20 0.0944872828919143 0.168234328825008 0.0381915765929001 0.0272073179277381 0.671879493762439
2015-02-23 0.0950678003048622 0.168108727252466 0.0384292158113842 0.0272612387258705 0.671133017905417
2015-02-24 0.0955937426833907 0.169182302455024 0.0387563773709938 0.0261264096919501 0.670341167798642
2015-02-25 0.0955727764117873 0.169533317777 0.0387285602761619 0.0262408642397125 0.669924481295339
2015-02-26 0.0965017829294148 0.168976911474256 0.0391422723892035 0.0259238236806423 0.669455209526483
2015-02-27 0.097098541934325 0.168718241915653 0.0392221738423568 0.0257645150754829 0.669196527232183
2015-03-02 0.0955759453550707 0.16540156508391 0.0376379606701848 0.0321876590586545 0.66919686983218
2015-03-03 0.0945964483726253 0.164909469484405 0.037596333177997 0.0329249490970776 0.669972799867895
2015-03-04 0.0955396585482264 0.164053580629542 0.0374288986559046 0.0328596137196044 0.670118248446722
2015-03-05 0.0963063275474598 0.16482460119564 0.0376581012567405 0.0323864765010228 0.668824493499137
2015-03-06 0.0965884832083507 0.163364846829842 0.0382554567222077 0.0337333044828101 0.66805790875679
2015-03-09 0.096434015704208 0.167044870962286 0.0381785587993107 0.0331454257562353 0.66519712877796
2015-03-10 0.0960664821750557 0.164325026262303 0.0379607056292828 0.0342756572532436 0.667372128680115
2015-03-11 0.0981632626060477 0.164537742294086 0.0380337447909379 0.0349787473644721 0.664286502944457
2015-03-12 0.0977567956726112 0.168585555832555 0.0389842761036361 0.0327667234442266 0.661906648946971
2015-03-16 0.100111891978498 0.170369115572091 0.0397273393953094 0.0324574487216532 0.657334204332448
2015-03-17 0.0989040786722059 0.169010103858291 0.0401171323972006 0.0324353126692137 0.659533372403089
2015-03-18 0.0984725157913657 0.170451440987582 0.0401607160954705 0.0310603360504045 0.659854991075177
2015-03-19 0.0985007944751925 0.169009732723513 0.0400178304421914 0.0311302724217019 0.661341369937401
2015-03-20 0.0995837554578492 0.168957650778365 0.0399884334205636 0.0306304511275259 0.660839709215697
2015-03-23 0.09874351384451 0.167988690450003 0.0399441440916284 0.030153080865925 0.663170570747934
2015-03-24 0.0997090053642245 0.16650585252263 0.0401952084297641 0.0300617393742675 0.663528194309114
2015-03-25 0.098923260429065 0.163260115603921 0.0402072864414884 0.0315215743714427 0.666087763154082
2015-03-26 0.0988935939598901 0.163003288449703 0.0396925359256328 0.0313053158851806 0.667105265779594
2015-03-27 0.0991300426688365 0.163162565645286 0.039453108214427 0.0309423355918044 0.667311947879646
2015-03-30 0.100455617372573 0.16587266603782 0.0397572647646599 0.0298582756056368 0.664056176219311
2015-03-31 0.0996483439900007 0.164927458091238 0.0393889902754391 0.03071796081183 0.665317246831493
2015-04-01 0.0951243015032222 0.167341297059217 0.0391016859016306 0.0331153096543645 0.665317405881566
2015-04-02 0.0947968792896782 0.168025309227864 0.03976831366732 0.03249851456611 0.664910983249027
2015-04-07 0.0962130443093912 0.165933189474479 0.0399334228995763 0.0317666906413323 0.666153652675221
2015-04-08 0.095439603071165 0.167543775754734 0.0402873048504162 0.0311176901910184 0.665611626132666
2015-04-09 0.0962986012030728 0.168629761840395 0.0406918321280409 0.0299852471604785 0.664394557668013
2015-04-10 0.0976529764593238 0.170576565960618 0.0407812969869383 0.0285903178328756 0.662398842760244
2015-04-13 0.0971442539388393 0.171564683973269 0.0412126176243783 0.0292075008306319 0.660870943632881
2015-04-14 0.0962847025187801 0.172503267129243 0.0412679636231176 0.0289672314272494 0.66097683530161
2015-04-15 0.09632551765643 0.172939168644051 0.0413415000129396 0.0283388915363978 0.661054922150181
2015-04-16 0.0947792225144985 0.172872556902024 0.0414732504946613 0.0278293627865614 0.663045607302255
2015-04-17 0.0928900981100019 0.170006844375863 0.0410296697469014 0.0290002099766826 0.667073177790551
2015-04-20 0.0944335959866408 0.170323781709248 0.0406702316608568 0.0280032527220233 0.666569137921231
2015-04-21 0.0947323363009295 0.169972855431281 0.0413200765548125 0.0279666918881791 0.666008039824798
2015-04-22 0.0940465709199231 0.171355854268537 0.041752876722045 0.0276347737512787 0.665209924338217
2015-04-23 0.0930521861126171 0.171497870653324 0.0417829444156562 0.0274180544201598 0.666248944398243
2015-04-24 0.0937375590554654 0.171576395378562 0.0413459596294361 0.0271430578464414 0.666197028090095
2015-04-27 0.0955610713278576 0.169197570320293 0.0410900803229951 0.0278740443833032 0.666277233645551
2015-04-28 0.0939147118815804 0.170320009269052 0.0413189193866568 0.0270362862793212 0.667410073183389
2015-04-29 0.0912586552929974 0.16947318161843 0.0414811488148971 0.0277566387411785 0.670030375532497
2015-04-30 0.0918220207673558 0.166647006600738 0.0399766773271705 0.0286626110475449 0.67289168425719
2015-05-04 0.0919191104477055 0.163199761994289 0.0435539728674314 0.0292147039882595 0.672112450702315
2015-05-05 0.0898466747799433 0.162783062909698 0.0432599550886767 0.0302070651484501 0.673903242073231
2015-05-06 0.0899940556197659 0.162249799783853 0.043338798755307 0.0307452369798812 0.673672108861193
2015-05-07 0.0905812387064347 0.161633186445449 0.0425912338938507 0.0305636423304182 0.674630698623847
2015-05-08 0.0927539477102249 0.162750950017116 0.0425263524530652 0.0289586943008346 0.673010055518759
2015-05-11 0.0922646770875535 0.163288794090781 0.0432896254368887 0.0296107472644322 0.671546156120345
2015-05-12 0.0907925302478834 0.16377814982152 0.0434735444525563 0.0295503747690591 0.672405400708981
2015-05-13 0.0900216733216518 0.163432602829109 0.0436687080456041 0.0290771137769651 0.67379990202667
2015-05-14 0.0915580263072116 0.163949052522592 0.0430817843489494 0.028464282385876 0.672946854435371
2015-05-15 0.0908912086794587 0.162951598202965 0.0432755786548248 0.0282537054935087 0.674627908969243
2015-05-18 0.0920959256022303 0.162322392230681 0.0433308596691434 0.0273628486092754 0.67488797388867
2015-05-19 0.0938769989760352 0.16274687907517 0.043582144244769 0.0268890952607553 0.672904882443271
2015-05-20 0.0935535551920259 0.164438331208179 0.0442834271266461 0.0268634690497204 0.670861217423429
2015-05-21 0.0935768907074098 0.165824845075326 0.0443895705485658 0.0260921686525387 0.67011652501616
2015-05-22 0.093262968851772 0.165415002067259 0.0444954720231491 0.0261557683730368 0.670670788684783
2015-05-26 0.0917063674105234 0.165668972857706 0.0452435843595772 0.027132819349492 0.670248256022701
2015-05-27 0.0926440728179554 0.16739043968435 0.0451694606447245 0.0260930154621042 0.668703011390866
2015-05-28 0.091941330750948 0.167602965237108 0.0451405598322312 0.0263679108066918 0.668947233373021
2015-05-29 0.0902014739758757 0.166684915273754 0.0449971037770843 0.0266629731488804 0.671453533824406
2015-06-01 0.0891817647231928 0.164273289989561 0.0473440495027183 0.0277474757636501 0.671453420020877
2015-06-02 0.0883256106828545 0.164772232207932 0.0474459115795434 0.0281535533045353 0.671302692225135
2015-06-03 0.0891225517126798 0.16430898019689 0.0469009385255394 0.0276952517472692 0.671972277817621
2015-06-04 0.0888750987191576 0.161054070318807 0.0465669601307405 0.0287284485144708 0.674775422316824
2015-06-05 0.0881001800941889 0.159816280439198 0.0462404898255988 0.0283821447453933 0.677460904895621
2015-06-08 0.0869451097555962 0.161223153391073 0.0463696389271736 0.0288938472477063 0.676568250678451
2015-06-10 0.0886492790121942 0.161132735282087 0.0452743595067458 0.0273903059764466 0.677553320222526
2015-06-11 0.0890889807364496 0.161017789092853 0.0463046124380807 0.0267240690552564 0.676864548677361
2015-06-12 0.0881397316721335 0.160396685389618 0.0465272177393043 0.0271328394892937 0.677803525709651
2015-06-15 0.086598508619805 0.159731068344302 0.0465632221759405 0.0283330232451039 0.678774177614848
2015-06-16 0.0869517304834121 0.16104137540608 0.0463169840788885 0.0277909460205629 0.677898964011057
2015-06-17 0.0865104218835449 0.161095886584068 0.0461539786954195 0.0277268292038473 0.67851288363312
2015-06-18 0.0873811055616472 0.162453948504583 0.0454793090722526 0.0268945295490717 0.677791107312446
2015-06-19 0.0871168301714276 0.160410102914265 0.0458198701248369 0.0272276512234853 0.679425545565985
2015-06-22 0.0900582098702553 0.161017756577671 0.0464260577014228 0.0258974950771108 0.67660048077354
2015-06-23 0.0906450366628317 0.160918084294744 0.0470696213661834 0.0251987255560339 0.676168532120207
2015-06-24 0.0900458893575617 0.160998196376214 0.0474360097602489 0.0256472859473399 0.675872618558636
2015-06-25 0.0900403708546954 0.161028616777697 0.0473316964343815 0.0258786810455781 0.675720634887648
2015-06-26 0.0901716080686971 0.16132631801878 0.0472235011451156 0.025709876882012 0.675568695885395
2015-06-29 0.0872163182582258 0.159039574781569 0.0460650737949342 0.030125126459834 0.677553906705436
2015-06-30 0.0860361321492553 0.160196272019805 0.0470412939087146 0.0298998022761232 0.676826499646102
