time value.DAX value.Dow.Jones value.Nikkei value.VXX value.mixed
2013-01-02 8.74591850249361 32.5 23.7540814975064 0 35.0002611111111
2013-01-03 8.72080113699636 32.3554899901144 23.7540814975064 0 35.0005236130694
2013-01-04 8.74320923953353 32.7135551420717 24.2590846493162 0 35.0007888948159
2013-01-07 8.69406480207429 32.7466578169799 23.8898037475499 0 35.0010555674932
2013-01-08 8.65265562614549 32.6284896428309 23.7611145872801 0 35.0013222422022
2013-01-09 8.68035928096649 32.6718838879021 23.9748349188612 0 35.0015889189431
2013-01-10 8.66686731629714 32.9593442380585 24.1870321263294 0 35.001852819812
2013-01-11 8.67480460538221 32.8857093755049 24.266330018605 0 35.0021236674826
2013-01-14 8.69053425174354 32.36908295 24.266330018605 0 35.0024000731417
2013-01-15 8.63025905249212 32.3744967352193 23.6328657760308 0 35.002680647936
2013-01-16 8.64737105407223 32.3590533788254 23.1768611913481 0 35.002959835984
2013-01-17 8.69721270791938 32.7115672214702 23.4636744245237 0 35.0032431932779
2013-01-18 8.65985123045143 32.7520090143446 23.8930860161397 0 35.0035334979536
2013-01-22 8.65308274014669 32.9291786352374 23.2829460559503 0 35.003823805037
2013-01-23 8.66582149115311 33.0729782858771 22.9481345502958 0 35.004114114528
2013-01-24 8.71145788625167 33.1983377580284 23.3968524954192 0 35.0044072045311
2013-01-25 8.83495470946954 33.3279457709502 23.8138968046654 0 35.0047044641796
2013-01-28 8.80687993792235 32.9727541631215 22.9719679901978 0 35.0050156171082
2013-01-29 8.82438556419869 33.1695726073633 23.0827243073742 0 35.0053295509784
2013-01-30 8.78249327811798 33.0551565331683 23.6562598470735 0 35.0056490440656
2013-01-31 8.74284910301794 32.7735490878954 23.4950886906601 0 35.0059713182949
2013-02-01 8.80731858080737 33.0213657626914 23.5240423947789 0 35.0062963737428
2013-02-04 8.5878940855482 32.5381601806001 23.0933550029488 0 35.0066200430704
2013-02-05 8.6176103356146 32.8888950656845 22.7653148287977 0 35.0069437153907
2013-02-06 8.52375125721806 33.0664447706771 23.7222049406169 0 35.0072673907036
2013-02-07 8.53462344438301 32.9076492835241 23.2421544858395 0 35.0075896798319
2013-02-08 8.60353369778063 33.1576876179134 22.9405601562309 0 35.0079050259771
2013-02-11 8.582846127681 33.4257171319431 22.9405601562309 0 35.0082203749628
2013-02-12 8.61258433704423 33.4941568740293 23.7210836301262 0 35.0085343375741
2013-02-13 8.67071243853013 33.32647480477 23.1756898457721 0 35.0088483030011
2013-02-14 8.57997875575996 33.202323413776 23.3723436776765 0 35.0091622712439
2013-02-15 8.53761378994036 33.3909279782504 23.2221950561322 0 35.0094748530498
2013-02-19 8.71631534432372 33.6276652767524 23.5518156576935 0 35.0097818805872
2013-02-20 8.68983703423131 33.3436178363422 23.8131770069092 0 35.0100889108172
2013-02-21 8.52643801108374 33.1592942050607 23.4545790416535 0 35.0103945544506
2013-02-22 8.61451842704454 33.8376572922797 23.946658759738 0 35.0106974221495
2013-02-25 8.73963367101401 33.4156664987053 24.5781191906082 0 35.0109933459015
2013-02-26 8.54166148840121 33.6534062448542 23.8905230618837 0 35.0112851041794
2013-02-27 8.63016901836322 34.4374880943018 24.3008804811913 0 35.0115768648886
2013-02-28 8.70422879264076 34.3522341013848 24.9852466703264 0 35.0118672386809
2013-03-01 8.66651870754102 34.3384598718965 24.8736282714669 0 35.0121534468019
2013-03-04 8.64798976521505 34.698556529726 24.8326586665699 0 35.012434099778
2013-03-05 8.84882877107565 35.0374949969049 24.9523078257039 0 35.0127119762391
2013-03-06 8.90394346811225 35.0717980693039 25.4879029328922 0 35.0129898549056
2013-03-07 8.92692471605456 35.1506709399739 25.5161216766123 0 35.0132677357774
2013-03-08 8.97943116447056 35.3354211270627 25.9734782351282 0 35.0135470082701
2013-03-11 8.97697992634015 35.5241148213326 25.6851710284425 0 35.0138262829903
2013-03-12 8.95655093086773 35.5254614041784 25.572987764004 0 35.014105559938
2013-03-13 8.96193651728047 35.4810118637432 25.3500348270666 0 35.0143876180106
2013-03-14 9.06027040926341 35.7499617481681 25.7788635382404 0 35.0146710678151
2013-03-15 9.0428207802621 35.7985247362008 26.176227950406 0 35.0149545199142
2013-03-18 9.00667366731216 35.342890171693 25.4731545762929 0 35.0152407532726
2013-03-19 8.93594186713752 35.7485029592624 26.3810182016946 0 35.0155283784645
2013-03-20 8.99685828550181 35.8839908768289 26.3810182016946 0 35.0158201745343
2013-03-21 8.91876179184968 35.7271533014678 26.6614793436415 0 35.0161133625524
2013-03-22 8.89497133409373 35.9069449908433 25.9522266106296 0 35.0164121111387
2013-03-25 8.84949194948536 35.5717448218747 26.5530313766254 0 35.0167094727336
2013-03-26 8.85935234948448 35.9108475843183 26.4075553293107 0 35.0170054473017
2013-03-27 8.75751041514086 36.1123531235089 26.7533574436955 0 35.0173000348079
2013-03-28 8.76450399189217 36.3754827119326 26.4459212442874 0 35.0175932352169
2013-04-02 8.93153457970997 36.5837512767776 25.9450906029337 0 35.0178850484939
2013-04-03 8.85382073166782 36.228818913797 26.8277493567553 0 35.0181768642026
2013-04-04 8.78932929458156 36.4215394297168 27.4210575010428 0 35.0184686823431
2013-04-05 8.6109653676194 36.2518058491558 27.3682482805211 0 35.0187605029155
2013-04-08 8.61533916686632 35.9714803356502 27.0283515395672 0 35.0190523259197
2013-04-09 8.58708432706133 36.0857884541292 26.6930121050661 0 35.0193455410007
2013-04-10 8.78172853557123 36.2630509663318 26.6645030196961 0 35.0196387585368
2013-04-11 8.85031268930713 36.3364151416608 27.0690684363633 0 35.0199319785279
2013-04-12 8.70768029017752 36.316786780725 26.8543919440409 0 35.0202238112944
2013-04-15 8.67154415743816 35.604701854488 26.7158648852816 0 35.0205156464929
2013-04-16 8.63775824848974 36.0798149130654 26.7957188787884 0 35.0208074841233
2013-04-17 8.43588439769569 35.6873720973886 27.2185188976243 0 35.0210993241856
2013-04-18 8.40294173653911 35.4074413233313 26.6929450940497 0 35.0213883872277
2013-04-19 8.38745968571874 35.6444647660028 26.998871005525 0 35.0216774526556
2013-04-22 8.40786617209676 35.6899016427035 27.1262294720922 0 35.0219665204695
2013-04-23 8.6103581853604 36.0547285706599 27.0093114365772 0 35.0222542009088
2013-04-24 8.72371297730863 36.0401105014447 27.8649802836742 0 35.0225404939392
2013-04-25 8.80672237763461 36.1558046924286 27.9597637791457 0 35.0228267893099
2013-04-26 8.78637188853162 36.0958654742443 27.847549598718 0 35.0231144768156
2013-04-29 8.85241531868143 36.3647877074098 27.847549598718 0 35.0234021666846
2013-04-30 8.89762459977878 36.2966707185391 28.1399392475321 0 35.0236898589166
2013-05-02 8.9515924584562 35.9738944938071 27.7038005112201 0 35.0239775535119
2013-05-03 9.13213752003774 36.4464002325866 27.7038005112201 0 35.0242569114281
2013-05-06 9.12065815061378 36.4979541978953 27.7038005112201 0 35.024537661424
2013-05-07 9.19902364930616 36.7444600338786 28.316794825038 0 35.0248184136703
2013-05-08 9.27539961052075 36.9117382267998 28.6021529731449 0 35.0251005580409
2013-05-09 9.28983583732142 36.7528391507786 28.3938273850775 0 35.0253827046842
2013-05-10 9.30787014061168 36.8178015408099 29.1387075410226 0 35.0256648536005
2013-05-13 9.30865739112849 37.1514405252776 29.0827723677861 0 35.0259470047896
2013-05-14 9.37591518692064 37.4989369437845 29.0161821792469 0 35.0262291582516
2013-05-15 9.4021228448288 37.6275961185877 29.6754563893024 0 35.0265113139864
2013-05-16 9.41049932547212 37.7673544264897 29.5845232829822 0 35.0267920820533
2013-05-17 9.44212660777121 38.1180355847509 29.8395146018015 0 35.0270700724667
2013-05-20 9.50714672187139 38.1951085724052 30.1025244346555 0 35.0273466751232
2013-05-21 9.52555214188782 38.2776683359975 30.2861208901141 0 35.0276218899899
2013-05-22 9.59153847741614 37.9889867735469 30.7104369204081 0 35.0278984970041
2013-05-23 9.39038545057518 37.8899085533506 28.3307553110886 0 35.0281751062025
2013-05-24 9.3379240180993 37.9906789323252 28.825220403817 0 35.0284531075922
2013-05-28 9.53529999866366 38.0977923577978 28.4420771535721 0 35.0287297211704
2013-05-29 9.37307032296966 37.9222216587704 28.2889989139192 0 35.0290077269618
2013-05-30 9.44460035387169 37.9996307910376 26.9126827535143 0 35.0292857349596
2013-05-31 9.38685435044687 37.2159824177169 27.2634453029649 0 35.0295637451639
2013-06-03 9.3159765188683 37.5279897522045 26.373267595963 0 35.0298417575745
2013-06-04 9.32739989101723 37.2595446805298 26.9512143529457 0 35.0301197721917
2013-06-05 9.21521389784934 36.5977096587554 25.8643407747256 0 35.0303977890152
2013-06-06 9.10573826498798 36.7681709927807 25.7030589670543 0 35.0306758080453
2013-06-07 9.28098722561245 37.0995828654755 25.7867757821407 0 35.0309579996004
2013-06-10 9.34058881379248 36.8632318167561 27.2127724437372 0 35.0312415835461
2013-06-11 9.24476160741743 36.5923125868072 26.5676526194535 0 35.0315265599162
2013-06-12 9.15572595023906 36.124226923992 26.6442438669248 0 35.0318157090243
2013-06-13 9.10189314275498 36.4582783271766 25.2189507442673 0 35.0321062506704
2013-06-14 9.13851238564624 36.1224564772938 26.0676335834791 0 35.0323967947262
2013-06-17 9.23719543505853 36.3716981677073 26.9504105568338 0 35.0326887313662
2013-06-18 9.25268791741624 36.7197740206885 26.7288318671008 0 35.032980670439
2013-06-19 9.21622623368839 36.1337743971241 27.0486823926739 0 35.0332753923399
2013-06-20 8.91423098098825 35.2639278303678 26.477734972466 0 35.0335728971388
2013-06-21 8.75767950318807 35.7521185022842 26.6572930765901 0 35.0338731849065
2013-06-24 8.64885552097694 35.7246612352872 26.406155135157 0 35.0341804264134
2013-06-25 8.78248174923417 36.0195938683047 26.2131859896294 0 35.0344932315958
2013-06-26 8.92829663973598 36.3630246647098 26.0389694908352 0 35.0348018687981
2013-06-27 8.98424305680493 36.8300995162605 26.9183841478587 0 35.0351063379095
2013-06-28 8.94879316136723 36.5961552193966 27.802098358286 0 35.035409419385
2013-07-01 8.97656379254952 36.8074391972466 27.8896621036119 0 35.0357180646585
2013-07-02 8.89431913477028 36.6296516598248 28.2191469827245 0 35.0360253223447
2013-07-03 8.80274220420826 36.7697437597084 28.0075122886921 0 35.0363339730439
2013-07-05 8.7765230174163 37.3147292162488 28.6817233206267 0 35.0366356748087
2013-07-08 8.95927172271161 37.9462657902033 28.222959711114 0 35.0369373791714
2013-07-09 9.0595731928755 38.0962146218785 28.9301347649095 0 35.0372390861322
2013-07-10 9.06938857468585 38.0746031243385 28.837572447381 0 35.037540795691
2013-07-11 9.17318655945095 38.5741332622365 29.1697502998137 0 35.0378438982265
2013-07-12 9.23386636248485 37.838606389795 29.0863563671827 0 35.0381497841653
2013-07-15 9.25864664810979 37.8903443956366 29.0863563671827 0 35.0384542823717
2013-07-16 9.22068951839097 37.8515871204182 29.1487810822825 0 35.0387587832244
2013-07-17 9.2810322426769 37.7642472857382 29.0910972178747 0 35.0390646771503
2013-07-18 9.37364346837479 37.8449197653623 29.4288061977841 0 35.0393705737467
2013-07-19 9.36743769081351 37.9314002709705 28.8772776722173 0 35.0396764730136
2013-07-22 9.36686344806192 37.8232469809167 28.7839591379662 0 35.0399837654144
2013-07-23 9.34794197838617 37.8024553088096 29.1727423829633 0 35.0402952319368
2013-07-24 9.42088840248516 37.6604609077908 29.0905683269666 0 35.0406080917156
2013-07-25 9.33079593995219 37.6358211567349 28.6296658292041 0 35.0409209542879
2013-07-26 9.27000304389744 37.6464594175348 27.7995649246881 0 35.0412352101663
2013-07-29 9.28587872053837 37.3790871601176 27.1923481887059 0 35.041549468863
2013-07-30 9.29935860765069 37.3898427688688 27.711828468214 0 35.0418651209158
2013-07-31 9.30492426344555 37.3701009240023 27.2840414393627 0 35.0421821663621
2013-08-01 9.45643986093557 37.6656713343992 27.9683909180304 0 35.0424992146769
2013-08-02 9.45217860491195 37.7815103712594 28.7330848038878 0 35.0428162658603
2013-08-05 9.44255372177242 37.5905438491629 28.1817552459426 0 35.0431319293243
2013-08-06 9.33163918774403 37.3994744622373 28.5731832779555 0 35.0434489862322
2013-08-07 9.28750921997134 37.2583558217743 27.571246187389 0 35.0437646553957
2013-08-08 9.35254031315777 37.240805867929 27.3606697145943 0 35.0440803274027
2013-08-09 9.37501484338298 36.9271096466879 27.4587155638697 0 35.0443960022533
2013-08-12 9.39855880519308 36.9574200399149 27.3462932376291 0 35.0447102892968
2013-08-13 9.46209445238854 37.1159676999742 28.0166028875815 0 35.0450231884958
2013-08-14 9.48723487452908 36.9213416250228 28.1045823831449 0 35.0453374811641
2013-08-15 9.41771743887245 36.447175411957 27.4339764223785 0 35.045651776651
2013-08-16 9.43531364907525 36.3046312367391 27.2686529711154 0 35.0459660749567
2013-08-19 9.40647413498132 36.017780056154 27.4844422232888 0 35.046280376081
2013-08-20 9.331976266492 35.9694952489008 26.6899158256562 0 35.0465932892986
2013-08-21 9.31553842465652 35.6099106873559 26.7599732711904 0 35.0469048145723
2013-08-22 9.44200253566411 35.7200659067622 26.5686216441758 0 35.0472163426151
2013-08-23 9.46347790495378 35.9740376955479 27.0357679323444 0 35.0475292641896
2013-08-26 9.48389592133994 35.7134737721897 26.7977963778459 0 35.047842188558
2013-08-27 9.26736020862541 35.3223185527757 26.6616700700344 0 35.0481551157204
2013-08-28 9.17217477116079 35.4538727609823 26.4871378699512 0 35.0484680456768
2013-08-29 9.21338137086174 35.514439856395 26.8573009385041 0 35.0487809784272
2013-08-30 9.11061768235686 35.6572536570552 26.7036172163167 0 35.0490925231471
2013-09-03 9.19782081367195 35.9224481781177 27.7749847039855 0 35.0494054614732
2013-09-04 9.21492183504148 36.2339600919515 27.8332846656038 0 35.0497184025933
2013-09-05 9.25883879504896 36.2417508336724 27.82102243455 0 35.0500313465077
2013-09-06 9.30458718357324 36.2301446387857 27.3591246740159 0 35.0503442932161
2013-09-09 9.30531843681502 36.5438087411273 28.2364164711484 0 35.0506572427187
2013-09-10 9.49670164870764 36.7899994335951 28.4803382303462 0 35.0509701950156
2013-09-11 9.55200794401018 36.969858285281 28.2580968770842 0 35.0512817591951
2013-09-12 9.55006232512606 36.8516435513514 28.0760294479182 0 35.051593326144
2013-09-13 9.56739941202841 36.9553571668798 28.2607718448889 0 35.0519035049262
2013-09-16 9.68385764143051 37.2659026913101 28.2607718448889 0 35.0522136864533
2013-09-17 9.66581235792967 37.1766034647541 28.1314478768048 0 35.0525224797643
2013-09-18 9.70978421674139 37.5599389465058 28.4540186574433 0 35.0528312757957
2013-09-19 9.77513043162763 37.3903316990637 28.976591804296 0 35.0531386835621
2013-09-20 9.75438741405052 36.5100364096914 28.6356681288594 0 35.0534460940243
2013-09-23 9.70891900965273 36.4141007386228 28.4928734158024 0 35.0537535071825
2013-09-24 9.74187264989556 36.2803285461204 28.5930876613365 0 35.0540609230367
2013-09-25 9.74303101826287 36.2075562136709 28.4819973263898 0 35.0543683415869
2013-09-26 9.74131048470101 36.3218806703499 28.875395173627 0 35.054675762833
2013-09-27 9.73839864551307 36.1290955698585 28.7322782195478 0 35.0549873599509
2013-09-30 9.66294553580619 35.7769764657559 28.2543514807394 0 35.0553003509095
2013-10-01 9.76946376149328 35.9608881660777 28.4328599679461 0 35.0556133446626
2013-10-02 9.70231905872198 35.7481721655541 27.7113045040157 0 35.0559263412104
2013-10-03 9.66689167125434 35.4070407792852 27.81107428191 0 35.0562379494445
2013-10-04 9.69506690846777 35.4271555175282 27.4543838735191 0 35.0565509515691
2013-10-07 9.65977457219348 35.2283977079568 27.2243199351886 0 35.0568639564883
2013-10-08 9.61964673714397 34.8183228083388 27.398768382133 0 35.057179746493
2013-10-09 9.5755738651171 34.8703701861234 27.7001333889998 0 35.0574969305002
2013-10-10 9.76567463653531 35.7209176202705 27.9905345036908 0 35.0578127262067
2013-10-11 9.80959159654279 36.0443668171103 28.2865548999251 0 35.0581285247578
2013-10-14 9.80844420838606 36.1292993708146 28.0132855535542 0 35.0584443261537
2013-10-15 9.89909993458438 35.753949048602 28.1227609338609 0 35.058757347978
2013-10-16 9.94582662209385 36.3328455456355 28.1831797534587 0 35.0590703725972
2013-10-17 9.90757742956717 36.3438101072105 28.4242519842888 0 35.0593820087783
2013-10-18 9.96730089291272 36.1985744863833 28.2906755662738 0 35.0596936477295
2013-10-21 9.96968460600863 35.964282272157 28.5301124247468 0 35.0600038981931
2013-10-22 10.0599011395244 36.1670227556254 28.4873817840259 0 35.0603141514022
2013-10-23 10.028870060398 35.955854409539 27.8172397427913 0 35.0606230160745
2013-10-24 10.0971950908335 36.0035477621909 27.9980798951701 0 35.0609360573514
2013-10-25 10.1029408137618 36.0929147204059 27.2385716846977 0 35.0612532753443
2013-10-28 10.0949694878229 36.0688669104855 27.8068637214997 0 35.0615718875268
2013-10-29 10.1437537876422 36.3322601857743 27.6099282542972 0 35.0618891112725
2013-10-30 10.1305198478025 36.2683916399213 27.9685195840721 0 35.0622063378883
2013-10-31 10.1571107011182 36.159247661182 27.5462404267584 0 35.062526350089
2013-11-01 10.1277770966618 36.5235060051219 27.4291928634333 0 35.06284079973
2013-11-04 10.1608328497149 37.0803809949426 27.4291928634333 0 35.0631566435738
2013-11-05 10.1292165476264 36.9951668198504 27.7309158404518 0 35.0634724902626
2013-11-06 10.164925016567 37.3192772546522 28.02908730643 0 35.0637897312041
2013-11-07 10.2100783003893 36.9240752563057 27.7493998954887 0 35.064106975016
2013-11-08 10.2069863918192 37.4072649699498 27.5269128326681 0 35.0644089159372
2013-11-11 10.2402441735513 37.7520556171447 27.9793353236495 0 35.0647122509032
2013-11-12 10.2049628174876 37.6378870668717 28.5613638678149 0 35.0650155884933
2013-11-13 10.1806206249501 37.7313253118072 28.3397596994977 0 35.0653189287075
2013-11-14 10.2872409634475 37.7854271200752 28.8980922584002 0 35.0656208800649
2013-11-15 10.3086372788188 37.9126842149428 29.33320936825 0 35.0659242255154
2013-11-18 10.3724309508439 37.8539098268447 29.1218457240229 0 35.0662275735901
2013-11-19 10.3362953667778 37.8129979429357 29.0622641162944 0 35.0665309242889
2013-11-20 10.3461672945364 37.6255489805739 28.9910184741466 0 35.066835669141
2013-11-21 10.3394322924123 37.8698625629018 29.5062440819064 0 35.0671376335593
2013-11-22 10.3652468742975 38.2171096517232 29.5197357878334 0 35.0674479498962
2013-11-25 10.4562166214761 37.9084578046666 29.538751523428 0 35.0677638352409
2013-11-26 10.4451083687783 37.9903302265508 29.2974692553164 0 35.0680838981648
2013-11-27 10.5137594999999 38.0117855085715 29.2033070074992 0 35.0684039640099
2013-11-29 10.5746643894803 37.8546181001081 29.2889581533103 0 35.0687295991895
2013-12-02 10.5709093013762 37.6635989341518 29.2047339081816 0 35.0690580206255
2013-12-03 10.3701493505583 37.5000335239924 29.3495657847769 0 35.069390620025
2013-12-04 10.2770879530916 37.4635619227947 28.69423712968 0 35.0697232225789
2013-12-05 10.2144855878168 37.2476993330322 28.3199055919623 0 35.0700572199429
2013-12-06 10.3128194797998 37.6268206435831 28.5852094227291 0 35.0704023538393
2013-12-09 10.3384089763627 37.3867080105106 28.8147818142532 0 35.0707572329108
2013-12-10 10.2476423552094 37.2400089475745 28.6720079047096 0 35.0711190740568
2013-12-11 10.2056710140861 36.8358052360976 28.4168504533469 0 35.0714906609137
2013-12-12 10.1380871186322 36.5512540227293 28.1910160917277 0 35.0718761689658
2013-12-13 10.126236632482 36.5749687037692 28.2516609245646 0 35.072268639961
2013-12-16 10.3028684969985 36.9607823103459 27.7281257262079 0 35.0726722494017
2013-12-17 10.2146766362852 36.896162616471 27.9976370236953 0 35.0730869976688
2013-12-18 10.3233205502385 37.5682671772295 28.5803162920032 0 35.0735017508404
2013-12-19 10.4964564499514 37.5940834449396 29.0533499374377 0 35.0739095498886
2013-12-20 10.5689076863414 37.9427068027195 28.9574256136219 0 35.0743159618564
2013-12-23 10.6685690336146 38.1061992734165 28.9594604267491 0 35.0747251622092
2013-12-24 10.6685690336146 38.2170547117354 28.9837833023712 0 35.0751343673361
2013-12-27 10.7816421942923 38.5050539963952 29.3225657992325 0 35.0755421853667
2013-12-30 10.7397839450654 38.3832154068971 29.2647840092315 0 35.0759430487059
2013-12-31 10.7397839450654 38.5039204627266 29.2647840092315 0 35.076342524724
2014-01-02 17.3328116757814 39.2542442085118 18.7361193856676 3.18531314706278 35.0767378295366
2014-01-03 17.3975519446059 39.529042587002 18.7361193856676 3.16478173554354 35.077127571068
2014-01-06 17.384367279424 39.7897255663152 18.5647013356262 3.13325124095865 35.0775173169299
2014-01-07 17.5285612666113 39.9990263140823 18.4946566125289 3.05919131537669 35.0779070671223
2014-01-08 17.5131455461649 39.7726172968567 18.8378805055269 3.0628575786296 35.0782982136257
2014-01-09 17.3725853545599 39.7934268661124 18.511895130038 3.06725732917863 35.0786907564867
2014-01-10 17.4677861215605 39.8216076531457 18.5645026988495 2.99466371824833 35.0790833037404
2014-01-13 17.5358810791025 39.1514132848092 18.5749307301366 3.10245408701642 35.0794758553869
2014-01-14 17.5918249687182 39.4449923801116 18.1357610442579 2.97853176397119 35.0798684114263
2014-01-15 17.9482520781557 39.6850283720185 18.5677341623314 2.99246398962728 35.0802721083246
2014-01-16 17.9185658757892 39.6563155892945 18.404450783254 3.00492946067132 35.0806897306116
2014-01-17 17.9651245599009 39.8063397963277 18.3753512966385 3.01592854373696 35.0811101420521
2014-01-21 17.9414490652142 39.8901266778085 18.6198214987211 2.97559891468768 35.0815305585308
2014-01-22 17.9229919766333 39.7902470191632 18.5899778865468 2.93086953508936 35.0819495879235
2014-01-23 17.7587544888432 39.3335211663079 18.4469287884851 3.01299540114652 35.0823672301805
2014-01-24 17.3180225946571 38.416183085822 18.06116946851 3.27697156155373 35.0827848774095
2014-01-27 17.2391036816084 38.1175409836799 17.8171754422759 3.32830027366866 35.0832025296104
2014-01-28 17.3454795414136 38.3329802095363 17.7677801361976 3.19337908753798 35.0836215789739
2014-01-29 17.2160746353505 37.9150939249767 18.2051017548935 3.40602675581045 35.0840392411356
2014-01-30 17.2838382647012 38.1964246995914 17.7654647794431 3.34809856452544 35.0844541238218
2014-01-31 17.1602964098305 37.9689183730717 17.7812729941194 3.6304063345041 35.0848662269338
2014-02-03 16.9390994427774 37.5249607481711 17.6621398022106 3.88778330904815 35.0852699813467
2014-02-04 16.8310291308324 37.6654795154048 16.9366768830047 3.80052464510623 35.0856709558608
2014-02-05 16.8096585214978 37.605903379901 17.2183988354149 3.95011095757527 35.0860705426689
2014-02-06 17.0682846656079 38.0532607631748 17.1701709795116 3.55707960291134 35.0864687417235
2014-02-07 17.1518871794483 38.3768723936817 17.46899008698 3.33343314488015 35.0868739068982
2014-02-10 17.1296504384521 38.1506177935074 17.5310295105673 3.33856601609165 35.0872790767517
2014-02-11 17.4779816380905 38.6250308865766 17.5310295105673 3.21244418440556 35.0876842512839
2014-02-12 17.5908850069691 38.4743794566386 17.6018836867114 3.14571693198288 35.0880894304949
2014-02-13 17.6955628153255 38.7526142030292 17.316065579685 3.12298549853566 35.0884904372312
2014-02-14 17.8165801016115 38.9904686275838 17.0751780317285 3.07605646364303 35.0888900561501
2014-02-18 17.8117488443324 38.7422510110159 17.6899374442683 3.03792648988806 35.0892910720364
2014-02-19 17.8122458366194 38.4703334195518 17.4807244721 3.23884158779876 35.0896907000736
2014-02-20 17.7362764540093 38.6082041661155 17.0855773751005 3.11931923528276 35.0900889402141
2014-02-21 17.8065304400705 38.6264325537487 17.6370177415381 3.15378257915116 35.0904885773382
2014-02-24 17.9023956649521 38.83023974102 17.5187970394908 3.1310515123376 35.0908896114933
2014-02-25 17.8847110706823 38.7700457662414 17.7814739423185 3.13031809836821 35.0912920427274
2014-02-26 17.8153448268877 38.8008531894317 17.6937641090151 3.16771487813398 35.091693086065
2014-02-27 17.6800012380462 39.0354923152825 17.6686012708321 3.16038198499451 35.092091348931
2014-02-28 17.8713067222677 39.267636274607 17.6456090647549 3.21684364164766 35.0924896163169
2014-03-03 17.2569341290232 38.559736381322 17.3392423590215 3.39356106478622 35.0928906733411
2014-03-04 17.6815138199805 39.1940106223988 17.5272360367756 3.17064802072442 35.0932903423738
2014-03-05 17.594608836905 39.1854964463832 17.7001984108278 3.16771487813398 35.0936886233673
2014-03-06 17.5961772394747 39.3648105477975 17.9115240816446 3.15084972986764 35.0940883014878
2014-03-07 17.2419253646663 39.3355978983684 17.9537149699849 3.21904366357564 35.0945046956307
2014-03-10 17.0847321836554 38.9430968725255 17.5420926398349 3.20584477856221 35.0949322358268
2014-03-11 17.1627111367989 38.7803677370389 17.6713496347431 3.25057415816053 35.0953556032633
2014-03-12 16.9431023814222 38.7958022584482 17.2287737663258 3.24910755020194 35.0957789758071
2014-03-13 16.6279777351195 38.2220826018428 17.2663271539991 3.38036217977279 35.0962023534582
2014-03-14 16.6991896886942 37.9990236686538 16.7042712854648 3.4756872241503 35.0966243435103
2014-03-17 16.928718454889 38.4477680753476 16.8360735865446 3.31290173336091 35.0970491240827
2014-03-18 17.0424141290293 38.6610894228281 16.9527309719441 3.18238029777926 35.0974794807565
2014-03-19 17.1060289647463 38.3636695371207 17.0003525129047 3.24470787297965 35.0979140209787
2014-03-20 17.1411928709768 38.6461453639446 16.729156045462 3.2249096554496 35.0983499593552
2014-03-21 17.2275252338671 38.8782643929109 16.729156045462 3.2469076016007 35.0987886887297
2014-03-24 16.9432482364111 38.8498445656232 17.064275329531 3.25350700744404 35.0992343876337
2014-03-25 17.219153818356 39.0561719407219 16.9811724663332 3.21244418440556 35.0996773065438
2014-03-26 17.4223150556852 38.7471835683003 17.0278319087002 3.27110556967977 35.1001160525101
2014-03-27 17.4271643187287 38.7835482221863 17.2187274856542 3.23150906129295 35.1005520182373
2014-03-28 17.6778998316609 39.0256006472873 17.3787043627279 3.19337908753798 35.1009838107423
2014-03-31 17.6202218753799 39.3931833590766 17.432885052376 3.09072188328831 35.1014197872475
2014-04-01 17.7083603316808 39.5294687424437 17.3368048089551 2.98733119174252 35.1018557691679
2014-04-02 17.7445938503834 39.5714336877966 17.4341102669166 3.00932913789362 35.1023001140882
2014-04-03 17.7546615158449 39.5674911723323 17.5154375935455 3.00566287464071 35.1027444646333
2014-04-04 17.8781097352092 39.2998803094915 17.5280663819176 3.06799044984109 35.1031971785996
2014-04-07 17.5371343595908 39.0224351328851 17.3921213524317 3.13838403884341 35.1036526843725
2014-04-08 17.5001463523414 39.00725556837 17.153708046607 3.08118926152779 35.1041081960561
2014-04-09 17.5288367723233 39.3012963624036 16.8429260350748 3.00492946067132 35.1045637136506
2014-04-10 17.4333046771315 38.5621643391537 16.8924999785529 3.18531314706278 35.1050192371559
2014-04-11 17.1765404489113 38.0491270235052 16.4557036181485 3.28137123877603 35.1054761596285
2014-04-14 17.2205727629399 38.3443679853677 16.3910843476488 3.25424042141344 35.1059330880484
2014-04-15 16.91547977057 38.6926769588221 16.5424318749199 3.22050990490057 35.106388629323
2014-04-16 17.1812060402508 39.1495439069375 17.0446930365811 3.10538693629994 35.1068441765087
2014-04-17 17.3506421250401 39.0767141219919 16.9697015285734 3.0584579014073 35.1073011227345
2014-04-22 17.7016851679639 39.3657690176598 16.8880251039588 2.99832998150124 35.1077594680547
2014-04-23 17.5986117755498 39.3611026695547 17.0801168302802 3.00639599530317 35.1082219988541
2014-04-24 17.6068895555545 39.301300675917 16.9130332682061 3.04672562435246 35.1086915016641
2014-04-25 17.3355955458121 38.9645958789267 16.9511052475056 3.06725732917863 35.1091707631672
2014-04-28 17.4182220845308 39.1469645212662 16.802049419122 3.00272973205027 35.1096514244336
2014-04-29 17.6722384560929 39.31334502218 16.7723910673972 2.9477346833557 35.1101348787607
2014-04-30 17.707476192411 39.4271481027433 16.7472805565526 2.9514009466086 35.1106071936704
2014-05-02 17.6204235528482 39.1863176499568 16.9447803082361 2.93306926371041 35.1110753350997
2014-05-05 17.5715239700117 39.2253988465128 16.9447803082361 2.90080557513633 35.1115434827708
2014-05-06 17.4572574771847 38.9096196096419 16.9758958028342 2.92060386599311 35.1120130299991
2014-05-07 17.5564035625401 39.0982557494441 16.4663387529048 2.86340879537056 35.1124839768406
2014-05-08 17.7151651461206 39.1300034103909 16.6357005933173 2.86854166658205 35.1129549299987
2014-05-09 17.6673153648057 39.265751028829 16.68837055766 2.80621401805494 35.1134231027311
2014-05-12 17.890446274494 39.9420788204512 16.7897545878368 2.72262161736592 35.113889888316
2014-05-13 17.9862736845045 39.9869458322154 17.0891081316789 2.73068763116786 35.1143566801061
2014-05-14 17.986199854417 39.8194454034183 17.0536417577499 2.71528879755318 35.1148137241137
2014-05-15 17.8048702034928 39.4849248349249 16.9977323999718 2.74388614954763 35.1152610199552
2014-05-16 17.7551765138962 39.6235455545118 16.8073203492294 2.68009196638866 35.1157041411062
2014-05-19 17.8110285676599 39.6931977818523 16.7514931277105 2.64782835114131 35.1161472678489
2014-05-20 17.7735795833401 39.3166016638103 16.8374220581616 2.62436379703162 35.1165904001835
2014-05-21 17.8819830231309 39.7180601260212 16.803895676536 2.58256756002375 35.1170349316255
2014-05-22 17.9244667418526 39.7769639713098 17.1985080638894 2.58403416798234 35.1174780751615
2014-05-23 18.0113141027942 39.9931644976733 17.3114828694466 2.56276934249371 35.1179198307389
2014-05-27 18.3299608997206 40.2629883563395 17.5100968167634 2.48357632572006 35.118360198305
2014-05-28 18.3269177319317 40.1343127406716 17.5348841559301 2.47697691987671 35.1187977842218
2014-05-29 18.3264207414886 40.3694378498406 17.5932886158674 2.46671117745373 35.1192298011786
2014-05-30 18.3344770349183 40.4496381774427 17.5886770449409 2.45791204298933 35.1196632170702
2014-06-02 18.3471088871779 40.4274902892725 17.905643432057 2.44764637389307 35.1200938510358
2014-06-03 18.2910911693185 40.4324287590296 17.9820315690516 2.45644550835747 35.1205217029729
2014-06-04 18.303868878411 40.4751005310072 17.9693479656604 2.43078129895347 35.1209411980932
2014-06-05 18.3428862653005 40.7075085923554 17.9404879246715 2.34278914771542 35.1213481550309
2014-06-06 18.415463144322 40.938733229489 17.9623767917014 2.22546630384028 35.1217202740768
2014-06-09 18.4549955292628 40.8851174158344 17.9794327764365 2.25406372916145 35.1220882159083
2014-06-10 18.4921870154789 40.9489550379555 17.8500905064571 2.21520048809056 35.1224547678607
2014-06-11 18.3465362669927 40.8703885312254 18.0384447422172 2.26506266557364 35.1228143548976
2014-06-12 18.3260515984262 40.7002289060104 18.0026576361103 2.37358622833092 35.1231516454164
2014-06-13 18.2784233036863 40.7832080614254 18.1810404632835 2.33325659928163 35.1234777889674
2014-06-16 18.2251534424851 40.7899940633608 17.9672702482721 2.329590262702 35.12378860387
2014-06-17 18.2921607799467 40.8417129490929 18.040816365573 2.24893085794996 35.1240910587163
2014-06-18 18.3106178703715 41.0468220932698 18.1671391567492 2.1279417508219 35.124392122354
2014-06-19 18.4464584496561 41.0798261171939 18.4353747909191 2.13894076056082 35.1246876132718
2014-06-20 18.4155549783301 40.9938868389516 18.4053415819481 2.16753811255526 35.1249831066756
2014-06-23 18.2932664057915 40.997244729011 18.4065874567021 2.11400967181928 35.1252772087167
2014-06-24 18.3249081595543 40.7208656621795 18.4441528950715 2.18953627868656 35.1255713132203
2014-06-25 18.1952259462808 40.8134074231839 18.3007657225729 2.10814353329186 35.1258612385708
2014-06-26 18.0793370317471 40.7257567452906 18.3470003670687 2.13454122999199 35.1261525601977
2014-06-27 18.0982731050067 40.7305848253103 18.1133331741516 2.1162095470938 35.1264410964509
2014-06-30 18.1312797823725 40.5861426407764 18.2109368703142 2.09714452355295 35.1267296350742
2014-07-01 18.2591360949726 40.8595094130357 18.404046519625 2.04141620754245 35.1270167821498
2014-07-02 18.2754719699054 40.827420920379 18.3968113401125 2.02015138205382 35.1273025376435
2014-07-03 18.4933484619591 41.1148071866491 18.3735077974147 1.9922872973753 35.1275896894023
2014-07-07 18.2658850869332 41.2259010569202 18.4253919165318 2.03628333633095 35.1278726616526
2014-07-08 18.0199070030364 40.9411402650173 18.3633617087537 2.06708063692665 35.1281556361823
2014-07-09 18.0854215676705 41.0991667039256 18.3863915181416 2.02748412853982 35.1284386129916
2014-07-10 17.8105495848251 40.8834116955072 18.2762398832256 2.09567798892109 35.1287201980948
2014-07-11 17.8238440916234 40.9378477328017 18.2449014734717 2.07514643074839 35.1290031794519
2014-07-14 18.038972727019 41.2620178212065 18.443365879423 2.01501858416905 35.1292861630887
2014-07-15 17.9217008794301 41.2504902125396 18.5283415498011 2.04948222134438 35.1295677549857
2014-07-16 18.1795887392594 41.4775262456039 18.5012174877374 1.99961997053457 35.1298479551095
2014-07-17 17.9852598945118 41.2537470920436 18.5453611673604 2.19466907657132 35.1301281574681
2014-07-18 17.9228245110393 41.6149727294108 18.4270892379885 2.04508247079535 35.1304097561145
2014-07-21 17.7237382391001 41.5062719852208 18.4566672303448 2.0905451177096 35.1306941451458
2014-07-22 17.9492118471676 41.6474840827905 18.6127681128931 2.04874895402846 35.1309813246297
2014-07-23 17.9846692667183 41.671337850786 18.6044130229892 2.06634729628399 35.1312712946343
2014-07-24 18.0593475521253 41.7665469110886 18.6038078056127 2.05241521728136 35.1315626611304
2014-07-28 17.698145007888 41.6273091732674 18.8757352065016 2.10081086013258 35.1318540300429
2014-07-29 17.800408089276 41.4422059963994 18.9807366952326 2.09861113151153 35.132145401372
2014-07-30 17.6898654282288 41.3859691642848 18.9969072902711 2.13234135471747 35.1324367751176
2014-07-31 17.3465311462774 40.693489429974 18.932809911338 2.31272518776239 35.1327281512797
2014-08-01 16.982542930511 40.5428588030659 18.7420284543154 2.42051526322356 35.1330181357025
2014-08-04 16.8793939083548 40.6081650804704 18.6684250675179 2.31345830842486 35.1333081225189
2014-08-05 16.9450381237119 40.2955203413741 18.4998612825614 2.4777103338461 35.1335967175499
2014-08-06 16.8349564397351 40.3987638081693 18.3299920481192 2.4865094683105 35.1338839207612
2014-08-07 16.6670311372256 40.3166311282335 18.5025252148709 2.53857137441463 35.1341697321185
2014-08-08 16.6123603353609 40.7495382610493 17.9773276129332 2.43518068286884 35.1344527573746
2014-08-11 16.928442949177 40.6674088901606 18.3828381402076 2.33545640122942 35.1347343906864
2014-08-12 16.723270339816 40.7018927168668 18.4269795638583 2.32079105491086 35.1350146320202
2014-08-13 16.9618907981944 41.0149960224533 18.5081588581433 2.19173593398087 35.1352920870961
2014-08-14 17.0102375681084 41.1610048848967 18.6078106224879 2.11767593507219 35.1355681501054
2014-08-15 16.7659197207894 41.0300796284453 18.5892950860874 2.11767593507219 35.1358428210151
2014-08-18 17.0475406974393 41.364027721023 18.5768367917381 2.03848306495201 35.1361160997926
2014-08-19 17.2115566986544 41.621644527523 18.7351388160155 2.01648511880091 35.136382409244
2014-08-20 17.1752133383355 41.8901967229533 18.7517318689963 2.03188365910866 35.1366431435103
2014-08-21 17.3355595305956 42.1845440708249 18.8785243283985 2.03921633226793 35.1369024854002
2014-08-22 17.2205727629399 42.1945172501395 18.7614429448775 2.03115053844619 35.1371576462396
2014-08-25 17.5358252566232 42.4494728917853 18.857707114692 2.00915244564163 35.1374016542788
2014-08-26 17.6796699116988 42.6653802884969 18.7847637360288 2.02601752058124 35.1376400866472
2014-08-27 17.6456674501046 42.7197488805911 18.828637052112 2.04068294022652 35.1378771262827
2014-08-28 17.4480919567573 42.6623636187408 18.7582963091513 2.07294670212733 35.1381099844367
2014-08-29 17.4621247478364 42.6674325578948 18.7332741726382 2.06121449839922 35.138337266656
2014-09-02 17.5300720470472 42.7882063225398 19.0351879544263 2.07368004276999 35.1385492121824
2014-09-03 17.7503650657238 42.8379145715545 19.0050086551657 2.04948222134438 35.1387583702134
2014-09-04 17.9306431154719 42.7672135431482 18.8870620269876 2.05388175191322 35.1389661350943
2014-09-05 17.9726100346439 43.1340060345886 18.9728971959771 2.012818855548 35.1391111530497
2014-09-08 17.9929128330048 43.4943831834157 19.1832747353682 2.01721838611684 35.139242227512
2014-09-09 17.9056405102094 43.2831881279942 19.2102520291174 2.07001363286362 35.1393663303913
2014-09-10 17.8862236526166 43.5674813734705 19.164386166284 2.05828135580878 35.1394876448703
2014-09-11 17.8698319552045 43.416178327018 19.2053895759462 2.05314848459729 35.1396047764958
2014-09-12 17.7957983185719 43.2729801536112 19.1926535694097 2.09861113151153 35.1397191196542
2014-09-15 17.811471538966 43.2502522046054 19.0533565005314 2.15287291289018 35.1398320687513
2014-09-16 17.7622388282837 43.566803683438 19.0559979607145 2.04434920347943 35.1399450182116
2014-09-17 17.8149198631899 43.6199621214229 19.0437100055192 2.02601752058124 35.1400593624771
2014-09-18 18.0668528359749 43.8940536867889 19.2096641647476 1.99448717264981 35.1401737071147
2014-09-19 18.0689362365959 44.160914633732 19.3859956973337 1.99668690127086 35.1402894465757
2014-09-22 17.9772576202191 44.0617602863793 19.2614656207976 2.06488076165213 35.140403791962
2014-09-23 17.6923557830954 43.7109431267178 19.2614656207976 2.14334036445638 35.1405181377204
2014-09-24 17.8157859966953 44.0478102728076 19.2240117063658 2.07441331008592 35.1406338783158
2014-09-25 17.5355857661278 43.4864119461493 19.5144389978505 2.22326650189249 35.1407482248229
2014-09-26 17.4997033828792 44.1845272482674 19.4050862819594 2.1536061802061 35.1408625717021
2014-09-29 17.37498207392 44.3021227394502 19.5607524983837 2.25919652704621 35.1409783134319
2014-09-30 17.4697398733024 44.2251412935039 19.3683668331062 2.28632749106227 35.1410940555431
2014-10-01 17.2996033191033 43.7242424361136 19.2952042565481 2.3383893971664 35.1412084035475
2014-10-02 16.955989932131 43.8464107769252 18.8303922282927 2.31419157574078 35.1413213574317
2014-10-03 16.955989932131 44.2820768702392 19.007453198314 2.17193786310429 35.1414343116789
2014-10-06 16.9814913274911 44.6988636910531 19.2350354502961 2.20566808631023 35.1415444772865
2014-10-07 16.7541377959254 43.8488234038578 19.1123305467794 2.36625362849838 35.1416546432394
2014-10-08 16.586563627026 44.2838313774593 18.9027648743252 2.16680484523934 35.1417662040478
2014-10-09 16.6044300896574 43.297856057479 18.7704749188161 2.36185395127608 35.1418763706958
2014-10-10 16.2057587519937 42.7857629009022 18.5176950119641 2.628763180947 35.1419865376892
2014-10-13 16.2493120831875 42.5364587408711 18.7056089697294 2.90080557513633 35.1421008885977
2014-10-14 16.272877734414 42.3735265347784 18.2605536804983 2.85460966090616 35.1422152398784
2014-10-15 15.8058899544771 41.8767902838676 18.447045270325 2.88980649207068 35.1423281969988
2014-10-16 15.8260811115672 41.7934674566026 18.0741523442824 2.95726723178949 35.1424411544823
2014-10-17 16.3190852830716 42.1274559185121 17.8046140581202 2.82894545150216 35.1425541123289
2014-10-20 16.0747494299882 42.312520850877 18.4226786662485 2.6104314980488 35.1426670705385
2014-10-22 16.484797536081 42.4183906431339 18.5298198382306 2.60456550617485 35.1427842127621
2014-10-23 16.6824090428009 43.2507170641585 18.5230411049329 2.45497897372562 35.1429027499311
2014-10-24 16.5726784942782 43.7398903431584 18.6796062867389 2.4322475402784 35.1430212874999
2014-10-27 16.415596956382 43.6930462152788 18.6692524473332 2.39558417448202 35.1431440091615
2014-10-28 16.720911433483 44.0974539611816 18.6060522415767 2.23646531357919 35.1432667312517
2014-10-29 16.7478677867996 43.9397824672866 18.8380411237891 2.27459521400743 35.1433894537705
2014-10-30 16.8069286742918 44.4771726865174 18.9037581050109 2.28339434847183 35.1435093875599
2014-10-31 17.1978930506377 45.4027692088413 19.8447475712638 2.22326650189249 35.1436293217586
2014-11-03 17.0592866089307 45.643453875403 19.8447475712638 2.25919652704621 35.1437478617781
2014-11-04 16.9021294431363 45.8104087748717 19.8263873591339 2.24526459469705 35.1438650076043
2014-11-05 17.1768915843654 45.9763760280102 19.8065359109374 2.21740036336507 35.1439779700275
2014-11-06 17.2910842471048 46.1713544875349 19.5272786224444 2.15947231873352 35.1440909328139
2014-11-07 17.1332824325361 46.3856036476076 19.6157741350336 2.12867509146456 35.1442025013565
2014-11-10 17.243990757679 46.5541375763241 19.5448234267978 2.04508247079535 35.1443140702534
2014-11-11 17.2756325114418 46.5235859319048 19.9701853032596 2.04581581143801 35.1444242448887
2014-11-12 16.9841653540616 46.6361851992334 19.9322114372383 2.07368004276999 35.1445344198695
2014-11-13 17.0534037504755 46.6311381093908 20.0960362578588 2.09494472160516 35.1446432005713
2014-11-14 17.0615734885184 46.6058998519861 20.1896712935145 2.10154412744851 35.1447533762384
2014-11-17 17.1600551159927 46.3833421786145 19.3776023481133 2.09714452355295 35.1448649468841
2014-11-18 17.4369744860865 46.5592872956188 19.8425361442441 2.06048115775657 35.1449779125214
2014-11-19 17.4669740108799 46.5910411952538 19.715493240035 2.11034340856637 35.1450908785218
2014-11-20 17.4875703225611 46.533455128914 19.544302439607 2.08834531576181 35.1452038448854
2014-11-21 17.9459291870393 46.7539480376676 19.4641396014889 2.04728234606987 35.145316811612
2014-11-24 18.0436383183586 47.3369857536178 19.7640801131207 2.00255296647155 35.1454297787018
2014-11-25 18.1831667142064 47.2795161643809 19.7588872486555 1.98862103412239 35.1455427461546
2014-11-26 18.2833824083461 47.1728022334375 19.6805422392027 1.95782380685343 35.145657108635
2014-11-28 18.4037712519677 46.9852670515025 19.7655436010108 2.00915244564163 35.1457714714875
2014-12-01 18.3717981718574 47.0002104717815 19.8010853886606 2.09494472160516 35.1458858347121
2014-12-02 18.3175325264277 47.2339360727691 19.8780137182912 1.97762187773001 35.1459988036309
2014-12-03 18.3870662358164 47.4088007928751 19.9423961436575 1.94462492184 35.1461117729127
2014-12-04 18.1649851294936 47.713241310534 20.1628463770112 1.94609152979859 35.1462261372447
2014-12-05 18.5997243217643 47.9240065805458 20.1511275299969 1.91382769457105 35.1463405019488
2014-12-08 18.466723433146 47.8303037366287 19.9763504756001 1.98348801625744 35.146454867025
2014-12-09 18.0587029051948 47.6929111895396 19.8881450210646 2.01208558823208 35.1465692324734
2014-12-10 18.0698041697558 46.7389119183626 19.5417104788231 2.22399976920842 35.1466849929991
2014-12-11 18.1856012484376 46.7332775366965 19.4423647445089 2.35672108006459 35.1467993591963
2014-12-12 17.6918029720169 45.7550565660231 19.6042124713056 2.48504286035192 35.1469137257656
2014-12-15 17.2110579085569 45.3880917260155 19.20190241394 2.423448405814 35.1470280927071
2014-12-16 17.6349353267621 45.1538906463945 18.903617022165 2.53930478838402 35.1471424600207
2014-12-17 17.5990529453574 45.7833149104338 19.1255416378336 2.27972808521892 35.1472554329786
2014-12-18 18.0906939929134 46.9547535930778 19.597518554734 2.21226749215358 35.1473656168349
2014-12-19 18.0462565242937 47.5979665942652 20.0371122186624 2.19246927462353 35.1474785905101
2014-12-22 18.1915561373258 48.3490313694886 20.0568514482048 2.08907858307774 35.1475915645485
2014-12-23 18.2954614495272 48.4519709719718 20.0568514482048 2.0905451177096 35.1477017494585
2014-12-24 18.2954614495272 48.5991732143543 20.2051261399899 2.07587969806431 35.1478133294641
2014-12-29 18.3047170043081 48.7485181607174 20.1040421309805 2.0905451177096 35.1479235150694
2014-12-30 18.0805344915999 48.5874808465068 19.763338794623 2.14114063583533 35.1480323062612
2014-12-31 18.0805344915999 48.2700765602829 19.8988898151622 2.31052531248788 35.1481410977898
2015-01-02 25.360902992302 44.2800130897665 13.7312802632799 5.18782983418449 35.14824710012
2015-01-05 24.603638217109 43.8157461276393 13.7417596288176 5.55946510504799 35.1483517079983
2015-01-06 24.5945480368162 43.712431805439 13.4347008630928 5.68334391927698 35.1484535266362
2015-01-07 24.7205626921301 44.2926125710844 13.576475242023 5.50422233416638 35.1485511612293
2015-01-08 25.5501862140685 45.3848131032697 13.8822332431233 5.15100109705895 35.1486487960937
2015-01-09 25.0590298726684 45.1392637295913 13.8981418925564 5.35355915124944 35.1487464312292
2015-01-12 25.4054966170426 44.7609226712061 13.8981418925564 5.60633854541782 35.1488454614275
2015-01-13 25.8187092257031 44.7108860427762 13.9037270406878 5.75700105872136 35.1489444919048
2015-01-14 25.4968651020345 44.3383780792146 13.7270046995196 5.87920550463794 35.1490407330623
2015-01-15 26.0566391160916 44.1799533786865 14.1487333809616 6.048283223521 35.1491369744834
2015-01-16 26.4076737747563 44.9069430262343 14.0206529777308 5.93779701214437 35.1492206629048
2015-01-20 26.6397599778138 45.4163470069009 14.5772098036145 5.87920550463794 35.1492973774737
2015-01-21 26.7491033827193 45.5411793543021 14.396134976282 5.59964224399165 35.14937409221
2015-01-22 27.1033338085425 46.2388776008282 14.4873233096193 5.23972470545805 35.1494508071138
2015-01-23 27.6590294145179 45.9751636441253 14.6712493106658 5.37364721851122 35.149524732546
2015-01-26 28.0453620769587 47.3986273434595 15.1085238796322 5.12756446057571 35.1496000529562
2015-01-27 27.6044883327616 46.5631010145341 15.3144281565927 5.35690721826085 35.1496767683531
2015-01-28 27.8184702652371 45.7410329055055 15.2356855213491 5.80387382947779 35.1497506942606
2015-01-29 27.8883358066784 46.1163688882645 15.0249813339843 5.60801224411683 35.1498232254922
2015-01-30 27.7752284983461 45.6505256168294 15.1442956505793 6.17216136813658 35.1498985465419
2015-02-02 28.1224459955163 46.2211235426206 15.106969114504 5.84237726972244 35.1499752625904
2015-02-03 28.2859145233195 46.8845496020121 14.875432419505 5.56448770777516 35.1500519788062
2015-02-04 28.3388196764949 46.6671726508347 15.1083295074894 5.71682475679446 35.1501286951895
2015-02-05 28.3234698526098 46.9337650076866 14.8428445587764 5.50924426728015 35.1501998323547
2015-02-06 28.170182121556 47.0170302913767 15.0723302735176 5.74193475717 35.1502737593623
2015-02-09 27.6952075217583 47.0720292687205 14.9952394296258 5.77039366157371 35.1503448968211
2015-02-10 27.9297869275226 47.4048397241342 14.9828594966489 5.5494214062238 35.1504146395689
2015-02-11 27.9253204648386 47.416585182934 14.973952394325 5.57620577491176 35.1504829875974
2015-02-12 28.36045451077 47.7429709410767 15.1466889004014 5.24809504038993 35.1505499408983
2015-02-13 28.474081764429 47.7284931603348 15.055229220959 5.18448159976973 35.1506168943268
2015-02-17 28.2980432184432 47.5726181739244 15.1943871076309 5.19787386781538 35.150682453017
2015-02-18 28.4678474824396 47.6177834761377 15.3803684555026 5.15769706367843 35.1507494066979
2015-02-19 28.5741777367143 47.45548271701 15.3652941270571 5.04218908659138 35.1508163605063
2015-02-20 28.7006590714956 47.8215865992616 15.4539782134665 4.86306716667408 35.1508833144422
2015-02-23 28.9091625470983 47.8391194783923 15.567461037962 4.87813346822544 35.1509460838767
2015-02-24 29.1034854401376 48.2015851439078 15.7185656473951 4.68059751455207 35.1510074585445
2015-02-25 29.1152489048032 48.3317162921288 15.7170797391831 4.70403415103531 35.1510660435569
2015-02-26 29.4189152053452 48.2069368637465 15.8961353291794 4.65046524625605 35.1511218388998
2015-02-27 29.6123275583994 48.1518224709782 15.9347662045954 4.62368071016475 35.1511762394455
2015-03-02 29.6349236584629 49.0777162901707 16.045089327201 4.46966962763975 35.1512306400754
2015-03-03 29.2972883904474 48.8751057598735 16.0088055452918 4.56676357097073 35.1512836458994
2015-03-04 29.5830304968791 48.6109614409441 15.9340754529912 4.55671903512979 35.1513366518033
2015-03-05 29.8781493891965 48.9339671843577 16.062684745875 4.49980189593577 35.1513868679985
2015-03-06 30.0001135354906 48.556310813215 16.3362280787208 4.69231608389872 35.1514370842655
2015-03-09 30.0809917913986 49.8637073591475 16.3735282733353 4.63037667678423 35.1514859057058
2015-03-10 29.8687218775075 48.8920201659022 16.22706114634 4.77266952476928 35.1515305425134
2015-03-11 30.6624513603397 49.1827651929984 16.3338220811902 4.89319993718015 35.1515709946715
2015-03-12 30.6453083555461 50.5739553505192 16.8022467017531 4.60024407368151 35.151608657069
2015-03-16 31.6019331627869 51.4645726309914 17.2416294251624 4.58852583914156 35.1516435296966
2015-03-17 31.1165951445176 50.8838609179317 17.3527613542582 4.57011130317544 35.1516784023589
2015-03-18 30.9657498929647 51.2928423651152 17.3631637470033 4.37424938300778 35.1517132750557
2015-03-19 30.9050556941401 50.7447401261455 17.2625194805035 4.37424938300778 35.1517467528779
2015-03-20 31.2685842783867 50.767654751355 17.26294765644 4.30728821018287 35.1517760460002
2015-03-23 30.8958082615199 50.2991387213243 17.1832357232873 4.22526056840325 35.1518067340586
2015-03-24 31.1811115849489 49.8283186594155 17.2819338777797 4.21019426685189 35.1518360272309
2015-03-25 30.8165431048543 48.6693020051747 17.2207120998325 4.39768601949102 35.1518653204276
2015-03-26 30.7603381980523 48.5186638643123 16.9743298461432 4.36085711496213 35.1518946136487
2015-03-27 30.8243600521626 48.5510718514764 16.8667281118815 4.30896224368857 35.1519239068942
2015-03-30 31.3897165121579 49.5995243947926 17.0801039380102 4.17838746284012 35.1519490154112
2015-03-31 31.0784691440974 49.2234465080791 16.8898279345775 4.29054770772245 35.1519755188649
2015-04-01 31.1699162565516 49.3624571887336 16.8005697143786 4.27213350656303 35.1520006274188
2015-04-02 31.0816370095968 49.5945588396466 17.0974519061954 4.19512779789718 35.1520257359907
2015-04-07 31.4871366626116 48.8857134917357 17.1364209384449 4.09301208885578 35.1520480547372
2015-04-08 31.259468736491 49.4004325130916 17.3023684019643 4.01265814577517 35.1520675836528
2015-04-09 31.5986105798218 49.8117407495388 17.5081243995924 3.87371336480153 35.1520843227326
2015-04-10 32.1395802963042 50.5386419379733 17.5994915558484 3.70463598072517 35.1521010618204
2015-04-13 32.0460812990076 50.9489445893825 17.8267586244131 3.79335992393097 35.1521164059915
2015-04-14 31.7574528551546 51.2194815801132 17.8478447577929 3.76155311991919 35.1521275653935
2015-04-15 31.7671669724367 51.3428515618758 17.877539078603 3.67952564554292 35.1521331450963
2015-04-16 31.163372544825 51.1689905950184 17.8806686866169 3.60252010428042 35.1521359349481
2015-04-17 30.3578263314681 50.0169426357852 17.5826221606927 3.73142085162318 35.1521373298741
2015-04-20 30.885602097973 50.1480811629348 17.4417702771343 3.60586833869519 35.1521387248002
2015-04-21 31.0094101509787 50.0869183536763 17.7353901367025 3.60419430518948 35.1521373298741
2015-04-22 30.8218668468586 50.5550338743788 17.9426567754924 3.56569119975153 35.1521345400219
2015-04-23 30.4484161671993 50.5180226058005 17.9275746277298 3.53221069704075 35.15213175017
2015-04-24 30.6750721017282 50.5450902199706 17.7414617748624 3.49705582601756 35.1521303552441
2015-04-27 31.2680389688597 49.8383024556816 17.6295406431909 3.59080203714383 35.1521275653925
2015-04-28 30.6771772498327 50.0837595389301 17.6976292058853 3.47696759135243 35.152120590764
2015-04-29 29.692995301315 49.639844430917 17.6976292058853 3.55564716612064 35.1521136161369
2015-04-30 29.7492509365175 48.6044675963647 16.9832285902757 3.65608917646303 35.1521066415112
2015-05-04 30.1790079771825 48.4877623121298 16.773443673941 3.48533775888097 35.1520968770371
2015-05-05 29.420185903468 48.235423283337 16.6159348124924 3.59414976934854 35.1520857176413
2015-05-06 29.4785466867749 48.093888068509 16.6519242149543 3.6594374108778 35.152074558249
2015-05-07 29.6287147406736 47.8430178100387 16.3414312311985 3.63265287478649 35.1520620039366
2015-05-08 30.4124460406868 48.2898609612618 16.3558227062548 3.45018322266448 35.1520494496288
2015-05-11 30.3179578759427 48.5550420743117 16.6856687874076 3.53555893145551 35.1520368953254
2015-05-12 29.7960790600309 48.6383051574537 16.7351403952013 3.52384036210887 35.1520243410265
2015-05-13 29.4819478946052 48.4352186128334 16.7754719689874 3.46022725629537 35.1520117867321
2015-05-14 30.0231002250181 48.6498492720524 16.5709767410363 3.3915918825614 35.1519992324422
2015-05-15 29.7301625708086 48.2333585617434 16.6040334768793 3.35811104504392 35.1519852832361
2015-05-18 30.1125994416953 48.0285791128584 16.6188300583405 3.25097306808206 35.1519699391156
2015-05-19 30.7854021366223 48.2960682079626 16.7644588167603 3.20409996251892 35.1519532000823
2015-05-20 30.7727788603721 48.9466478930263 17.0861004417739 3.2107962639451 35.151936461057
2015-05-21 30.8146459374777 49.4141859833743 17.1460792233139 3.12207248814265 35.1519197220396
2015-05-22 30.6858768380642 49.2512967892318 17.1727730688368 3.12709458865977 35.1519029830302
2015-05-26 30.1927218750839 49.3579858513184 17.4725016788561 3.24595080016159 35.151884849112
2015-05-27 30.5719122530089 49.9860810741719 17.484176473165 3.12876878956883 35.1518667152031
2015-05-28 30.328919862009 50.0312472869005 17.4666014376185 3.16057509137055 35.1518485813036
2015-05-29 29.643909847093 49.5714499466401 17.3460950668286 3.18401172785379 35.1518318423281
2015-06-01 29.7016441611461 49.318861403714 17.2080654194041 3.15387912475108 35.1518137084466
2015-06-02 29.4230950650334 49.4797377537051 17.2489522111763 3.20075223031421 35.1517955745745
2015-06-03 29.6589730679824 49.2914342434378 17.0338276299916 3.1455091246259 35.1517760457992
2015-06-04 29.4537414495416 48.1142518412094 16.8422643665831 3.24929903457635 35.1517579119464
2015-06-05 29.0811759482644 47.5551815812426 16.657883152633 3.19740399589945 35.1517397781031
2015-06-08 28.7377477187212 48.0370840536651 16.7264393314843 3.25934306820724 35.1517216442691
2015-06-10 29.2584065623134 47.9403168223739 16.3075979340606 3.08524375101711 35.1517021155348
2015-06-11 29.4334331141104 47.9548401691008 16.6956527049877 3.01326031027173 35.1516825868114
2015-06-12 29.0794613922212 47.7036578451314 16.7526661946096 3.05511114791439 35.1516630580989
2015-06-15 28.5301015224388 47.4377365109622 16.7416457398466 3.18568592876285 35.1516435293972
2015-06-16 28.6834399792958 47.888599239302 16.6746027169159 3.12876878956883 35.1516240007063
2015-06-17 28.5120251509187 47.8614381921054 16.6008757250415 3.11872425372789 35.1516044720263
2015-06-18 28.8296361516371 48.3162873502354 16.3756181210136 3.02832661182309 35.1515849433572
2015-06-19 28.6732845415521 47.5936217706202 16.4585454528989 3.05845921492581 35.1515654146989
2015-06-22 29.7651460699296 47.9733600355967 16.7459092223879 2.92118863486122 35.1515458860514
2015-06-23 29.9782199972816 47.974264467743 16.9888794968735 2.84418292619537 35.1515263574148
2015-06-24 29.7930912736003 48.0191362469127 17.1286069088502 2.89607779746892 35.1515068287891
2015-06-25 29.7979483309428 48.0389833525964 17.0947744797318 2.92286233356023 35.1514859052731
2015-06-26 29.8480736758183 48.1385908433771 17.0595233827069 2.90444813240081 35.1514649817696
2015-06-29 28.785225140827 47.3171681361174 16.5922724378368 3.39326591606711 35.1514426633791
2015-06-30 28.4262137476648 47.7125032389695 16.9620998685122 3.37150331308957 35.1514231347998
2015-07-01 29.0379316465118 47.7174466114693 16.9595994665664 3.14383509112019 35.1514036062314
2015-07-02 28.8271683079361 47.9644504187841 17.1759906308658 3.34304474349256 35.1513826827769
2015-07-06 28.2850826107967 47.8084463795475 16.826360211905 3.42674641877789 35.1513603644387
2015-07-07 27.7296736078171 48.3697714289652 17.1899917894127 3.24762500107064 35.1513352563242
2015-07-08 27.9128265392567 47.848924598502 16.7152017762274 3.57406153468341 35.1513101482275
2015-07-09 28.5598145402206 47.8135534204067 16.9040545761542 3.60084607077472 35.1512850401489
2015-07-10 29.3888902177702 48.2811549942672 16.8534593781709 3.32295650882744 35.1512599320881
2015-07-13 29.827166767598 48.4205772311416 16.7462931958166 2.99819400872037 35.151233429154
2015-07-14 29.9116288478639 48.9496984394343 17.0649419365812 2.97140947262907 35.15120692624
2015-07-15 29.9707403813697 49.2604988440052 17.1920154884543 2.96303947250389 35.1511804233458
2015-07-16 30.4307024912756 49.5462559266484 17.314583235541 2.76717755233622 35.1511539204717
2015-07-17 30.3181404924704 49.807367393335 17.4304379886457 2.74374074844963 35.1511274176176
2015-07-20 30.4799451952279 50.2186217441297 17.4304379886457 2.73704478183015 35.1511009147834
2015-07-21 30.1399207109739 49.6794133098485 17.6727142105377 2.71193444664791 35.1510744119692
2015-07-22 29.9214190525522 49.3535844838481 17.4130175853076 2.69854217860226 35.151047909175
2015-07-23 29.8991881855442 48.7684716496317 17.4492846923518 2.72867444689827 35.1510214064008
2015-07-24 29.4715337529276 48.1384381444452 17.2564238090384 2.82074645711548 35.1509949036466
2015-07-27 28.7156208407785 47.7139108698287 17.0843122867153 2.9663872047086 35.1509670060316
2015-07-28 29.0208165407801 47.944722360618 17.0189435016419 2.76048125091005 35.1509377135591
2015-07-29 29.1193526744879 48.2086581694498 16.959877706464 2.70691217872744 35.1509070262325
2015-07-30 29.2370076104254 48.2681301384747 17.1498612034146 2.68682360925561 35.1508749440554
2015-07-31 29.371645758773 48.5284167545185 17.2728251194071 2.68180167614184 35.1508428619077
2015-08-03 29.7215644393779 48.1363324951992 17.2404017626263 2.64162487200488 35.1508107797892
2015-08-04 29.7536413091981 48.076403894313 17.2171187860671 2.64999503953342 35.1507786977
2015-08-05 30.2217323336084 48.1361794602735 17.3275769802044 2.63158067097064 35.1507452207679
2015-08-06 30.0887554728476 48.1213296807427 17.417379321066 2.72532671469356 35.1507117438677
2015-08-07 29.8439191777332 47.8524555364164 17.3782301843767 2.70021587730126 35.1506782669993
2015-08-10 30.1398699825734 48.2662352299966 17.4359667369368 2.60144806786793 35.1506447901629
2015-08-11 29.3318052049067 47.6496809856315 17.3127177786437 2.71528217885262 35.1506113133583
2015-08-12 28.3733364935514 47.4412702955785 16.9185601599133 2.71695637976168 35.1505778365857
2015-08-13 28.607134712596 47.0598434083116 16.9769791533341 2.6834758770509 35.1505443598449
2015-08-14 28.5305428403033 47.1619163937785 16.909364113349 2.67845360913043 35.1505094882731
2015-08-17 28.4141636774063 47.4513520245227 17.0441172464593 2.646646972522 35.1504718270129
2015-08-18 28.3507657576881 47.4366864864037 17.0045137142545 2.67510554211901 35.1504327709331
2015-08-19 27.7436208480495 47.1406909790544 16.7835062236712 2.72700074819927 35.1503923200382
2015-08-20 27.0944262447775 46.180335637003 16.6495557348329 2.954669137572 35.1503504743331
2015-08-21 26.295345118282 44.3242818012221 16.0592871569305 3.46692322291485 35.1503072338226
2015-08-24 25.0588472587379 41.880259826528 15.230350751671 4.08296755301484 35.1502625985118
2015-08-25 26.3046965399675 40.9547207157947 14.7110518059084 4.43786282362798 35.150216568406
2015-08-26 25.9652680936409 42.4954316343192 15.2471739163567 4.03776898316747 35.1501705383605
2015-08-27 26.7916704842205 43.7056889328833 15.5114726838517 4.12984065857798 35.1501245083753
2015-08-28 26.7472848376107 44.2780936427994 16.0665021114359 4.3290508131604 35.1500784784504
2015-08-31 26.6458116432756 44.4007100504423 15.8414570154039 4.49143189581058 35.1500324485857
2015-09-01 26.0123828201501 43.0082320777416 15.2470925594366 5.14932706355325 35.1499864187813
2015-09-02 26.0967383764891 43.6103418777765 15.239642363508 4.60024407368151 35.1499403890372
2015-09-03 26.7974355466864 43.6804521435746 15.3491422771686 4.5734595375902 35.1498943593533
2015-09-04 26.0707410685954 43.2456511113077 15.0911457948765 4.90826623873151 35.1498469348927
2015-09-08 26.6767192717738 44.4169385257834 14.9469733886248 4.47971366127064 35.1497981156608
2015-09-09 26.7592055546037 43.6790271255183 16.0161797856377 4.57848163810732 35.1497492964968
2015-09-10 26.5184983933742 43.9051302263612 15.5054379203144 4.46129929270787 35.1496990825692
2015-09-11 26.292851912978 43.9883538336207 15.3943135361281 4.36253114846783 35.1496460790547
2015-09-14 26.3140986874563 43.3852918705518 15.0009201993038 4.36420534937689 35.1495930756202
2015-09-15 26.4605535663287 44.0268289591013 15.0980552533521 3.93397873841031 35.1495428619158
2015-09-16 26.562052124864 44.5084111359463 15.2846454167507 3.6979400141057 35.14949125346
2015-09-17 26.5682077793911 44.4372685698019 15.4947682003358 3.67785144463387 35.14943964508
2015-09-18 25.7541953227308 43.4865900876667 15.0981244486881 4.12649259156656 35.1493880367757
2015-09-21 25.8382135476734 43.8975226563074 15.0981244486881 3.85864706325017 35.1493350337303
2015-09-22 24.8568646681205 43.5545729421636 15.0981244486881 4.07627158639537 35.1492806359499
2015-09-23 24.9658428425679 43.8006828563732 15.0981244486881 3.98587360968387 35.1492262382536
2015-09-24 24.4854126100414 43.6753304430948 14.9833108998958 4.09803402196955 35.149170445831
2015-09-25 25.1629962723075 43.7142034926891 15.1796182206642 4.20015006581765 35.1491132586887
2015-09-28 24.6306221549913 42.9373895989372 14.9165417030948 4.49310592931629 35.1490560716393
2015-09-29 24.5445266836033 43.0679939452308 14.3637837807124 4.50147592944147 35.148998884683
2015-09-30 25.090041490232 43.0679939452308 14.3637837807124 4.29054770772245 35.1489430926213
2015-10-01 24.6973705567365 43.0679939452308 14.3637837807124 4.24200090346031 35.1488831162501
2015-10-02 24.811180424326 43.0679939452308 14.3637837807124 4.02270268161611 35.1488217451844
2015-10-05 25.4909174256381 43.0679939452308 14.3637837807124 3.79168589042526 35.1487575846367
2015-10-06 25.7195745192062 43.0679939452308 14.3637837807124 3.83186252715887 35.1486934242062
2015-10-07 25.895067755665 43.0679939452308 14.3637837807124 3.73979085174836 35.1486292638928
2015-10-08 25.9539459468398 43.0679939452308 14.3637837807124 3.56569119975153 35.1485623141228
2015-10-09 26.2228316540709 43.0679939452308 14.3637837807124 3.56401750105252 35.1484939696961
2015-10-12 26.283165697355 43.0679939452308 14.3637837807124 3.34639297790733 35.1484256254022
2015-10-13 26.0571844230214 43.0679939452308 14.3637837807124 3.51547036198368 35.1483572812413
2015-10-14 25.753388771811 43.0679939452308 14.3637837807124 3.58410573571765 35.1482889372133
2015-10-15 26.1402413821757 43.0679939452308 14.3637837807124 3.33467474336738 35.148216408998
2015-10-16 26.2431678911612 43.0679939452308 14.3637837807124 3.29617214013948 35.1481452757029
2015-10-19 26.398687583529 43.0679939452308 14.3637837807124 3.06682938245434 35.1480699582487
2015-10-20 26.3554965476356 43.0679939452308 14.3637837807124 3.17564139292191 35.1479960357206
2015-10-21 26.5903346573338 43.0679939452308 14.3637837807124 3.39326591606711 35.147922113348
2015-10-22 27.2496846983495 43.0679939452308 14.3637837807124 3.08691795192617 35.1478481911309
2015-10-23 28.0355186090082 43.0679939452308 14.3637837807124 3.11872425372789 35.1477631110222
2015-10-26 28.0531790242669 43.0679939452308 14.3637837807124 3.22586256549646 35.1476738468619
2015-10-27 27.7696967808083 43.0679939452308 14.3637837807124 3.15890139267155 35.1475817934304
2015-10-28 28.1327054197281 43.0679939452308 14.3637837807124 3.07017744946575 35.1474883454947
2015-10-29 28.0518804270822 43.0679939452308 14.3637837807124 3.11035425360271 35.1473935030658
2015-10-30 28.1799216004411 43.0679939452308 14.3637837807124 3.15722735916584 35.1472986608929
