time value.DAX value.Dow.Jones value.Nikkei value.VXX value.mixed
2013-01-02 0.0336379598741193 0.124999300599151 0.0913613407250321 0 0.750001398801697
2013-01-03 0.0335630632258047 0.124524036172911 0.0914204700517134 0 0.750492430549571
2013-01-04 0.0335348306493788 0.125473782174636 0.0930464172978167 0 0.747944969878169
2013-01-07 0.033395501187817 0.125785932693195 0.0917651280029186 0 0.74905343811607
2013-01-08 0.0332730938249546 0.125470242219278 0.0913714620352063 0 0.749885201920561
2013-01-09 0.0333429168219544 0.125498942109408 0.0920919170099917 0 0.749066224058646
2013-01-10 0.0332288505654258 0.126366434889509 0.0927333079895737 0 0.747671406555491
2013-01-11 0.0332573556307998 0.12607681459404 0.0930319475763617 0 0.747633882198799
2013-01-14 0.0333815663467262 0.124334207630714 0.0932103921395972 0 0.749073833882963
2013-01-15 0.0332377203037237 0.124683912836696 0.0910172658620634 0 0.751061100997517
2013-01-16 0.0333617998552378 0.12484213474579 0.089416979970376 0 0.752379085428596
2013-01-17 0.0334649089483104 0.125866717922887 0.0902829164445409 0 0.750385456684262
2013-01-18 0.0332655851051602 0.125812177858263 0.0917818869104725 0 0.749140350126104
2013-01-22 0.0332956208100368 0.126705993499635 0.0895888975639591 0 0.750409488126369
2013-01-23 0.0333673185551881 0.127345872882368 0.0883606610831707 0 0.750926147479273
2013-01-24 0.0334629802360262 0.127523467916784 0.0898734084308715 0 0.749140143416319
2013-01-25 0.0338500110842724 0.127691807243054 0.0912399324394548 0 0.747218249233219
2013-01-28 0.0339013600772885 0.126925905599163 0.0884287016524681 0 0.75074403267108
2013-01-29 0.0339260640602822 0.127523104803476 0.0887434006413933 0 0.749807430494848
2013-01-30 0.0337107009698117 0.126878832936464 0.0908021306154358 0 0.748608335478288
2013-01-31 0.0336205553578606 0.126030417361635 0.0903501731134206 0 0.749998854167083
2013-02-01 0.0604245279660755 0.124999702384147 0.0645751744180711 0 0.750000595231707
2013-02-04 0.0591860402423907 0.123728567604527 0.0636800962823626 0 0.75340529587072
2013-02-05 0.0593528003763503 0.124982161734696 0.06273531699697 0 0.752929720891983
2013-02-06 0.0585499013602763 0.125321992239138 0.0651980381737967 0 0.750930068226789
2013-02-07 0.0587326278821134 0.124950015872881 0.0639963973466149 0 0.752320958898391
2013-02-08 0.0591713463882895 0.125823919582721 0.0631280943673493 0 0.75187663966164
2013-02-11 0.0589770728410151 0.126729291737805 0.0630724904191924 0 0.751221145001988
2013-02-12 0.0590269735309816 0.12665736996319 0.0650482515380014 0 0.749267404967827
2013-02-13 0.0595280187415628 0.126240995156612 0.063662456046317 0 0.750568530055508
2013-02-14 0.058937290909351 0.125839452277757 0.0642377461255481 0 0.750985510687344
2013-02-15 0.0586452325297254 0.126552020485408 0.0638239311264182 0 0.750978815858448
2013-02-19 0.0596914425782554 0.127063333106332 0.0645338548920845 0 0.748711369423328
2013-02-20 0.0595417827359867 0.126057099014956 0.0652847305545617 0 0.749116387694496
2013-02-21 0.0585858216074834 0.125711367526086 0.0644817184056003 0 0.75122109246083
2013-02-22 0.0589237329429434 0.127703830055929 0.0655372550994897 0 0.747835181901638
2013-02-25 0.0597199449560075 0.125985534935589 0.0671983933586 0 0.747096126749804
2013-02-26 0.058503477763047 0.127178220108103 0.0654710129204405 0 0.74884728920841
2013-02-27 0.0588331607646777 0.129532495606792 0.0662840388861835 0 0.745350304742347
2013-02-28 0.0592162243002445 0.128946568235107 0.0680108386623577 0 0.74382636880229
2013-03-01 0.0438245421399048 0.128086036773579 0.0842614946336739 0 0.743827926452842
2013-03-04 0.0436820669276956 0.129284865549623 0.0840288736408142 0 0.743004193881868
2013-03-05 0.0445767032158587 0.130197747312131 0.0842073856422656 0 0.741018163829744
2013-03-06 0.0447550595981865 0.130036731406252 0.0858244759832371 0 0.739383733012324
2013-03-07 0.0448477528865737 0.130262887561189 0.0858757987937876 0 0.739013560758449
2013-03-08 0.0449993287356005 0.13062182527795 0.0871976201249421 0 0.737181225861507
2013-03-11 0.0449994993077904 0.131355710971936 0.0862535938570426 0 0.737391195863231
2013-03-12 0.0449181272832526 0.131422231066281 0.0859171025522771 0 0.737742539098189
2013-03-13 0.0449847472360044 0.13137347413677 0.0852431111175398 0 0.738398667509686
2013-03-14 0.0453451411794551 0.131981617622178 0.0864312266004879 0 0.736242014597879
2013-03-15 0.045193173718935 0.13197215662711 0.0876381682028145 0 0.73519650145114
2013-03-18 0.0452027460059025 0.130843067973645 0.0856446880777494 0 0.738309497942703
2013-03-19 0.0446599583893346 0.131790499986878 0.0883256501626155 0 0.735223891461171
2013-03-20 0.0449280112592325 0.132182913341611 0.0882541586164389 0 0.734634916782717
2013-03-21 0.0445390563064508 0.131608253709365 0.0891944844309025 0 0.734658205553282
2013-03-22 0.0445013762654851 0.1325121232167 0.0869802846020017 0 0.736006215915813
2013-03-25 0.0442492715127658 0.131202231505781 0.0889445219871544 0 0.735603974994299
2013-03-26 0.0442623263500851 0.132344587248416 0.0883848379278165 0 0.735008248473682
2013-03-27 0.0436924578060179 0.132901495599752 0.0894172718336741 0 0.733988774760556
2013-03-28 0.0437281423425197 0.133872297537982 0.0883913354145639 0 0.734008224704935
2013-04-02 0.0352263454756175 0.133714438954467 0.0977384735205589 0 0.733320742049357
2013-04-03 0.0348596220609078 0.132188809272814 0.10088928505161 0 0.732062283614669
2013-04-04 0.0345129819135726 0.132535924232097 0.102844199428867 0 0.730106894425464
2013-04-05 0.0338637364559215 0.132117772567276 0.102801366673414 0 0.731217124303389
2013-04-08 0.0339581941498731 0.131395073764582 0.101756139209366 0 0.732890592876179
2013-04-09 0.0338790160007173 0.13193797788198 0.100589233281899 0 0.733593772835404
2013-04-10 0.0346014620375822 0.132412000451738 0.100349864329459 0 0.73263667318122
2013-04-11 0.0347997706642339 0.132406227010951 0.101662300076761 0 0.731131702248054
2013-04-12 0.0342880528824576 0.132524547265701 0.101000733043176 0 0.732186666808665
2013-04-15 0.0342572913693677 0.13035043945234 0.100807924703206 0 0.734584344475086
2013-04-16 0.0340586517606095 0.131837595240271 0.100916150138658 0 0.733187602860461
2013-04-17 0.033283684676176 0.13048599843606 0.102573251546221 0 0.733657065341544
2013-04-18 0.0332577425952246 0.129868709257749 0.100908270516614 0 0.735965277630413
2013-04-19 0.033131176238449 0.13048093838295 0.101864033082184 0 0.734523852296416
2013-04-22 0.0331874403327676 0.130551505064072 0.102269528281331 0 0.73399152632183
2013-04-23 0.0339290684392458 0.131662322789878 0.101656015805739 0 0.732752592965137
2013-04-24 0.0342517579435819 0.131134262021433 0.104498268004574 0 0.730115712030411
2013-04-25 0.0345393962098184 0.131409581383883 0.104737640877435 0 0.729313381528864
2013-04-26 0.0344841366309873 0.131285209074836 0.10439161500549 0 0.729839039288686
2013-04-29 0.0347001964417388 0.132099074096035 0.104261985894305 0 0.728938743567921
2013-04-30 0.0348415070622717 0.131715901860932 0.105248245140738 0 0.728194345936058
2013-05-02 0.0274047555038366 0.136402977776592 0.107660122620284 0 0.728532144099288
2013-05-03 0.027891933032921 0.137870571458214 0.107407698562764 0 0.726829796946101
2013-05-06 0.0278522545512752 0.138042705968178 0.107389894916198 0 0.726715144564348
2013-05-07 0.0279920893193656 0.138482920640912 0.109377391719406 0 0.724147598320316
2013-05-08 0.028168978235316 0.138839719268885 0.110262307970588 0 0.722728994525211
2013-05-09 0.0282509909218049 0.138429071096025 0.109607298196772 0 0.723712639785398
2013-05-10 0.0282160853094604 0.138234059251605 0.112126074389617 0 0.721423781049318
2013-05-13 0.0281889967895381 0.139341023620705 0.111793941114564 0 0.720676038475193
2013-05-14 0.0283570305001509 0.140467806609046 0.11139796011946 0 0.719777202771343
2013-05-15 0.0283484687785567 0.140514429053638 0.113577153517112 0 0.717559948650694
2013-05-16 0.028367912673134 0.141007444561618 0.11320593023986 0 0.717418712525388
2013-05-17 0.0283954995928236 0.141977972655067 0.113909865105438 0 0.715716662646671
2013-05-20 0.0285484336616022 0.142053062974045 0.114742655147042 0 0.71465584821731
2013-05-21 0.0285731930075263 0.142208270918716 0.115319342203377 0 0.713899193870381
2013-05-22 0.0287496600120108 0.141030457558589 0.116847741850817 0 0.713372140578583
2013-05-23 0.0284315913637296 0.142086256149371 0.108884432316439 0 0.720597720170461
2013-05-24 0.0282127954234772 0.142162025817096 0.110549888624684 0 0.719075290134743
2013-05-28 0.0288225784248634 0.142629396108478 0.109131385061177 0 0.719416640405481
2013-05-29 0.0283812832073825 0.142218040015866 0.108732060910913 0 0.720668615865839
2013-05-30 0.0287351531169343 0.143192434144304 0.103938587553075 0 0.724133825185687
2013-05-31 0.0286100513493071 0.140487864369589 0.105479772366082 0 0.725422311915021
2013-06-03 0.0465018577397984 0.137288053631241 0.0850941456335163 0.00569205025792668 0.725423892737517
2013-06-04 0.0465117160498036 0.136167930986024 0.0868708213220348 0.00575472204003108 0.724694809602107
2013-06-05 0.0462404487325787 0.13458791207415 0.0838903210117822 0.00603633385751499 0.729244984323974
2013-06-06 0.0457142335473591 0.135283189937634 0.0834093842889853 0.00597348193148336 0.729619710294538
2013-06-07 0.0464960759798808 0.13621554821481 0.0835050988209747 0.005691873033431 0.728091403950904
2013-06-10 0.0466093149679758 0.134811643035449 0.0877738359719254 0.00559191009925629 0.725213295925393
2013-06-11 0.0462780555968738 0.134247056681628 0.0859659355454392 0.00598011561668659 0.727528836559372
2013-06-12 0.0459038118885952 0.132736406695592 0.0863481801944253 0.00634246314413459 0.728669138077253
2013-06-13 0.0458148188575057 0.134494933938888 0.0820531158739375 0.0060732545752917 0.731563876754377
2013-06-14 0.0459126420364072 0.133005495426279 0.0846549213837992 0.00623271688510621 0.730194224268408
2013-06-17 0.0462160128050064 0.133367942001079 0.0871588619576324 0.00608446806356863 0.727172715172714
2013-06-18 0.0462679052802579 0.134569752017227 0.0863944264236782 0.00599158523326244 0.726776331045575
2013-06-19 0.0461453789867397 0.132594022956108 0.0875417103576387 0.0059933841866845 0.727725503512829
2013-06-20 0.0448956477613978 0.130162706842709 0.0861975679718984 0.00673485609033164 0.732009221333663
2013-06-21 0.0440477766470436 0.131786903550505 0.0866652140136549 0.00647067817403291 0.731029427614763
2013-06-24 0.043547615730335 0.131828523379746 0.0859418568939846 0.00685325868428999 0.731828745311644
2013-06-25 0.0441785803502634 0.132791060824605 0.0852330700615401 0.00665466660969051 0.731142622153901
2013-06-26 0.0448541007105228 0.13388412106981 0.0845573099804886 0.00649918553598938 0.730205282703189
2013-06-27 0.044928401434924 0.134982632843563 0.0870126275342586 0.00620980057556386 0.72686653761169
2013-06-28 0.0446707906280521 0.133884456086116 0.0897078746071737 0.00616886628330085 0.725568012395358
2013-07-01 0.0397455822311698 0.137215116735825 0.0963528450845856 0.00111668942007009 0.725569766528349
2013-07-02 0.039376265224379 0.136534440941812 0.0974783666686375 0.001129901479127 0.725481025686045
2013-07-03 0.0389949385759602 0.137141367258456 0.0968071291118855 0.00112057516136465 0.725935989892334
2013-07-05 0.0387164103545163 0.138592745089719 0.0987234624782052 0.00105710521401627 0.722910276863543
2013-07-08 0.0394621328028315 0.140722811763539 0.0969958045626151 0.00100841781455506 0.721810833056459
2013-07-09 0.0397681537911966 0.140798209066899 0.0990879165435687 0.000984567032399529 0.719361153565936
2013-07-10 0.0398254796481242 0.140768669231895 0.098806212666259 0.000974981646743181 0.719624656806978
2013-07-11 0.0401439640195495 0.142129366241048 0.0996036580634593 0.000945248368328805 0.717177763307615
2013-07-12 0.0405194704504399 0.139798632481758 0.0995891545231793 0.000957199381967267 0.719135543162655
2013-07-15 0.0406166268652286 0.139949873582515 0.0995607622181938 0.000935967800968969 0.718936769533094
2013-07-16 0.0404527618646909 0.139815875941628 0.0997809711235527 0.000960298578699095 0.718990092491429
2013-07-17 0.04072898794497 0.139532631341068 0.0996116163976986 0.000927465534126208 0.719199298782137
2013-07-18 0.0410593754329181 0.139572260126705 0.100581730083792 0.000910331400209056 0.717876302956376
2013-07-19 0.0410982294969119 0.14011634166123 0.0988555592636169 0.000891938810874292 0.719037930767367
2013-07-22 0.0411258939114007 0.139819448503751 0.0986084744232523 0.000873825710094087 0.719572357451502
2013-07-23 0.0409946923799518 0.139578731371221 0.0998231865308365 0.000868390220123126 0.718734999497868
2013-07-24 0.0413339201001313 0.139119491474385 0.0995885687331665 0.000880380400000441 0.719077639292317
2013-07-25 0.0410239630523096 0.139318224504989 0.0982149835153378 0.000860104597566429 0.720582724329797
2013-07-26 0.040882265712595 0.139787015290261 0.095661156604281 0.000859982525262718 0.722809579867601
2013-07-29 0.041075288384673 0.139211117452746 0.093852722490837 0.000873688342381306 0.724987183329363
2013-07-30 0.0410576479294415 0.138989606042548 0.0954660165545707 0.000854839377442487 0.723631890095998
2013-07-31 0.0411453727276891 0.139129762364738 0.0941367948200588 0.000837251407775994 0.724750818679739
2013-08-01 0.0496359171609256 0.137623688224543 0.0879877710636177 0 0.724752623550913
2013-08-02 0.0494743713654487 0.137659686034305 0.0901398993566193 0 0.722726043243627
2013-08-05 0.0495463363176022 0.13730292360744 0.0886291470148994 0 0.724521593060058
2013-08-06 0.0489664252451994 0.136610806423013 0.08986395685334 0 0.724558811478447
2013-08-07 0.0489252594721824 0.136627039994755 0.0870515933550172 0 0.727396107178045
2013-08-08 0.04928656718565 0.136614609743251 0.0864195805482634 0 0.727679242522836
2013-08-09 0.0494404087354174 0.135560917111859 0.0867914123607459 0 0.728207261791978
2013-08-12 0.0495701912903922 0.135687572105745 0.0864458695313646 0 0.728296367072498
2013-08-13 0.0497539089833536 0.135856308708954 0.0882961671420968 0 0.726093615165596
2013-08-14 0.0499008945590821 0.135183985537477 0.0885997025444285 0 0.726315417359012
2013-08-15 0.0497446389943188 0.134011972076967 0.086851202778904 0 0.72939218614981
2013-08-16 0.049884874434544 0.133614522961215 0.0864097354788682 0 0.730090867125373
2013-08-19 0.0497581659221041 0.132627484896196 0.0871386595347277 0 0.730475689646973
2013-08-20 0.0495168172241699 0.132859475523786 0.0848814420652906 0 0.732742265186753
2013-08-21 0.0494882933699215 0.131687482106903 0.0852053058644157 0 0.73361891865876
2013-08-22 0.0501362401795175 0.132031937044318 0.0845557454190873 0 0.733276077357078
2013-08-23 0.0501226579457488 0.132633002103019 0.0858239461494324 0 0.7314203938018
2013-08-26 0.0503113708675881 0.131883529318157 0.0852049651961286 0 0.732600134618126
2013-08-27 0.0493115587314965 0.130834109786812 0.0850288853078126 0 0.734825446173879
2013-08-28 0.0488328761497047 0.131396185693188 0.084520384405971 0 0.735250553751137
2013-08-29 0.0489723573886858 0.131406250958018 0.0855619701740951 0 0.734059421479201
2013-08-30 0.0484504002887117 0.132000790352092 0.0851149973533503 0 0.734433812005846
2013-09-03 0.0511692921657319 0.132782223284984 0.0816129311192523 0 0.734435553430032
2013-09-04 0.0511915082837991 0.133743171041315 0.0816679048156394 0 0.733397415859247
2013-09-05 0.0514229684596329 0.133739389166331 0.0816120693015848 0 0.733225573072451
2013-09-06 0.0517358839756503 0.13384876758701 0.0803484763341662 0 0.734066872103173
2013-09-09 0.0515468626634254 0.134503737293232 0.0826154474669161 0 0.731333952576426
2013-09-10 0.0524660803974588 0.135047065545169 0.0831058606467944 0 0.729380993410578
2013-09-11 0.0527545499010269 0.135663362579824 0.0824306718141797 0 0.729151415704969
2013-09-12 0.0527949714353788 0.135360752387328 0.0819790205574905 0 0.729865255619802
2013-09-13 0.0528367795874239 0.135603026638778 0.0824341446658833 0 0.729126049107915
2013-09-16 0.053384419477686 0.136498323744825 0.082286924276532 0 0.727830332500957
2013-09-17 0.0533274271525385 0.136279811708443 0.0819756820878613 0 0.728417079051157
2013-09-18 0.0534314131911948 0.137328761838091 0.0827011172878729 0 0.726538707682841
2013-09-19 0.0537230604303596 0.136535959450203 0.0841135900758489 0 0.725627390043588
2013-09-20 0.0538412113020728 0.133898783719108 0.0834839183622838 0 0.728776086616536
2013-09-23 0.0536445667015826 0.133682327196413 0.0831518267847875 0 0.729521279317216
2013-09-24 0.0538271921968563 0.133192580769505 0.0834451340353572 0 0.729535092998281
2013-09-25 0.0538647569175622 0.133002369203828 0.0831690504435213 0 0.729963823435089
2013-09-26 0.0537710616885479 0.133213763353703 0.084185994149254 0 0.728829180808495
2013-09-27 0.0538160110138382 0.132657127595629 0.0838638316032862 0 0.729663029787246
2013-09-30 0.0535650060861814 0.131772506438068 0.0827251670822945 0 0.731937320393456
2013-10-01 0.0518272479064455 0.134030463893463 0.0813763839349602 0.000826832052057236 0.731939072213074
2013-10-02 0.0516353150532408 0.133662878476447 0.0795643775202434 0.000855794022474923 0.734281634927593
2013-10-03 0.0515054607329687 0.132538406700786 0.0799419263924542 0.000888394065830419 0.735125812107961
2013-10-04 0.0516969242099881 0.13271984557591 0.0789797974811268 0.000882658126547344 0.735720774606428
2013-10-07 0.0515871817647981 0.132176239456341 0.0784372341014461 0.000951505806552065 0.736847838870863
2013-10-08 0.0514345844772804 0.130794550319105 0.079034656986902 0.000996725519629939 0.737739482697083
2013-10-09 0.0511579474516111 0.130885202228149 0.0798400096803454 0.000961281631267907 0.737155559008626
2013-10-10 0.0519161774774208 0.133416257547822 0.0802790212882376 0.000863047325840194 0.733525496360679
2013-10-11 0.0520308549277787 0.134317662621803 0.0809432264533258 0.000847089474750045 0.731861166522342
2013-10-14 0.0520485148415747 0.134695611141 0.0801978422811863 0.000856225035638743 0.732201806700601
2013-10-15 0.0525583301385365 0.133369203204576 0.0805553195444482 0.00090804861451204 0.732609098497927
2013-10-16 0.05267564674534 0.135192965525734 0.080528461632972 0.000801597938975882 0.730801328156978
2013-10-17 0.0524474068951273 0.135167627166266 0.0811775630977123 0.000756985383813296 0.730450417457081
2013-10-18 0.0527956476454398 0.134709340730703 0.0808452095186932 0.000748712625250428 0.730901089479914
2013-10-21 0.0528168697843233 0.133859231342222 0.0815427102900895 0.000754657486186915 0.731026531097179
2013-10-22 0.0532352325638602 0.13446333914256 0.0813295554758784 0.00075614039303863 0.730215732424663
2013-10-23 0.0532227823761456 0.134060511897116 0.0796434425090341 0.000762969114880974 0.732310294102823
2013-10-24 0.0535290112982249 0.13409712352121 0.080076879835645 0.000750512588240107 0.73154647275668
2013-10-25 0.0536563027822333 0.134673014179085 0.0780454673735767 0.000749534471467958 0.732875681193637
2013-10-28 0.0535332936184608 0.134380775319584 0.0795538828849997 0.000752486704417324 0.731779561472539
2013-10-29 0.0537555190860693 0.135270303972584 0.0789368984856668 0.00074731665386335 0.731289961801817
2013-10-30 0.0536461777067454 0.134933889320552 0.0799037112107445 0.000753755433404118 0.730762466328554
2013-10-31 0.0538659657621998 0.134725356189867 0.0788128474331255 0.000753696401525418 0.731842134213282
2013-11-01 0.0612394213432358 0.13407805289269 0.0660460264299927 0.0067926051194614 0.73184389421462
2013-11-04 0.0613120121028129 0.135840333701199 0.0659091956664699 0.0066041821407245 0.730334276388793
2013-11-05 0.061108231720065 0.135499327963957 0.0666200256571198 0.00658693064768271 0.730185484011175
2013-11-06 0.0612000443625908 0.136410899365121 0.0672006131693955 0.00646822182972553 0.728720221273167
2013-11-07 0.0615710279631167 0.135183986526862 0.0666373394462613 0.00670569524203667 0.729901950821723
2013-11-08 0.0614949082126596 0.136825129565516 0.0660413361438009 0.00641193843562891 0.729226687642395
2013-11-11 0.0615389659774822 0.137736415559423 0.0669566932617625 0.00638253861363302 0.727385386587699
2013-11-12 0.0612811715434231 0.137217391058741 0.0682985205958597 0.00635411477278108 0.726848802029195
2013-11-13 0.0611566533395165 0.137606772215772 0.0677926081840966 0.00633138238300594 0.727112583877609
2013-11-14 0.0616668615025596 0.137513570710594 0.068982483896777 0.00625111449161592 0.725585969398453
2013-11-15 0.0616990999127242 0.137762302726095 0.069912345660318 0.00616148386578571 0.724464767835077
2013-11-18 0.0621013633251187 0.137594037799893 0.0694314444926273 0.00616351316454799 0.724709641217813
2013-11-19 0.0619113157286048 0.13750374414439 0.0693188405085167 0.00624217714961907 0.725023922468869
2013-11-20 0.0620270149723156 0.136946999207591 0.0692120287257746 0.00612189431547649 0.725692062778842
2013-11-21 0.0618700523679169 0.137576991849813 0.0703095701024322 0.00590997505438372 0.724333410625454
2013-11-22 0.0619398657742883 0.138648998915364 0.0702457085421954 0.00581426953873374 0.723351157229418
2013-11-25 0.0625151135277365 0.137598867442041 0.0703265494905545 0.00583553530627181 0.723723934233397
2013-11-26 0.0624677129116162 0.137938028481502 0.0697733354511965 0.0058700396644913 0.723950883491194
2013-11-27 0.0628612611711582 0.137978561144368 0.0695302526465208 0.00586845031262915 0.723761474725324
2013-11-29 0.0632205863425249 0.137397580734781 0.0697288610968568 0.00593997854054153 0.723712993285296
2013-12-02 0.059696526771743 0.138142567078198 0.0681915605847662 0.0102544797216884 0.723714865843605
2013-12-03 0.0586304181976995 0.137701485371595 0.0686088784064445 0.0105016853564834 0.724557532667777
2013-12-04 0.058236223561882 0.137879971789825 0.0672292819498536 0.0104446559987998 0.72620986669964
2013-12-05 0.0579957262073813 0.137356093948131 0.0664832054678989 0.0105147946038378 0.727650179772751
2013-12-06 0.0584237201314121 0.138445327490756 0.0669566671981742 0.0101365129443105 0.726037772235347
2013-12-09 0.0585848889781336 0.137599899664346 0.0675130761890607 0.0100561885117041 0.726245946656756
2013-12-10 0.058147723502287 0.137242152687191 0.067267846242824 0.0101235472702548 0.727218730297443
2013-12-11 0.0580165515193155 0.136003317672614 0.0667923842817066 0.0106178088993488 0.728569937627015
2013-12-12 0.0577427896703501 0.13521130754418 0.0663885419734883 0.0106833177268129 0.729974043085169
2013-12-13 0.0576643790188523 0.135273429026986 0.0665187671330935 0.0106993573253795 0.729844067495689
2013-12-16 0.0585986074011692 0.136533518291067 0.0652064131751495 0.0106998283105134 0.728961632822101
2013-12-17 0.0581053159366187 0.136314304492411 0.0658496212559147 0.0106562524767616 0.729074505838294
2013-12-18 0.0585056770194489 0.138282985882377 0.0669709231823749 0.00985954037792414 0.726380873537875
2013-12-19 0.0593507307100501 0.138061265938375 0.0679235280241417 0.00993785275242154 0.724726622575012
2013-12-20 0.059668559813069 0.139127425625224 0.0675952313720373 0.00998749217214943 0.72362129101752
2013-12-23 0.0601817647180104 0.139612199488329 0.0675444813126249 0.00962592479049251 0.723035629690543
2013-12-24 0.0601652492847978 0.139979923223461 0.0675826599925054 0.00942652439049099 0.722845643108745
2013-12-27 0.0606540103449442 0.140689384924633 0.0682051603053234 0.00936775105710947 0.72108369336799
2013-12-30 0.0604596227111016 0.140339598446257 0.0681170560090691 0.00950134270319947 0.721582380130373
2013-12-31 0.0604327250218251 0.140718297768002 0.0680867516286446 0.00949265357603923 0.721269572005489
2014-01-02 0.061536565583592 0.139364081163279 0.0665187195779169 0.0113087960017699 0.721271837673442
2014-01-03 0.061696043045813 0.140179809249749 0.0664429358688041 0.0112231025841101 0.720458109251524
2014-01-06 0.0616390555013357 0.141080837924306 0.0658241187383783 0.011109443561381 0.720346544274599
2014-01-07 0.0621037138685145 0.141716598838073 0.0655265908531106 0.0108387185479443 0.719814377892357
2014-01-08 0.0620255093004785 0.140860865773526 0.0667172627222714 0.0108475830757275 0.719548779127997
2014-01-09 0.0616235187647329 0.141154061824957 0.065664844560239 0.0108800840936028 0.720677490756468
2014-01-10 0.0619379961132305 0.141201098002841 0.0658267789634852 0.0106186020627053 0.720415524857738
2014-01-13 0.0622858157227168 0.139062172133888 0.0659764232718398 0.0110196278521971 0.721655961019358
2014-01-14 0.062531453161856 0.140210165680522 0.0644649144878489 0.0105874131774877 0.722206053492286
2014-01-15 0.0635623618584273 0.140541492439491 0.0657562102748483 0.010597582323267 0.719542353103966
2014-01-16 0.0635037380184 0.140542736143867 0.0652257233650304 0.0106495271193593 0.720078275353343
2014-01-17 0.0636279462416664 0.140984029372753 0.0650808660177025 0.0106816592676417 0.719625499100236
2014-01-21 0.0634841304312452 0.141147462266178 0.0658844874979 0.0105288769555052 0.718955042849171
2014-01-22 0.0634615952201107 0.140889007445323 0.0658232539145758 0.0103776008113648 0.719448542608626
2014-01-23 0.0630317094476999 0.139607711749563 0.0654742682730754 0.010694119951466 0.721192190578196
2014-01-24 0.0617914341302355 0.137070559511511 0.0644430134808099 0.0116923725723093 0.725002620305134
2014-01-27 0.0616347176323358 0.136281092031167 0.0637014892231338 0.011899623747959 0.726483077365404
2014-01-28 0.0619840326924706 0.136982819808168 0.0634931229318405 0.0114115330907291 0.726128491476792
2014-01-29 0.0614985079011835 0.135438638174318 0.0650314672670083 0.0121668596233747 0.725864527034115
2014-01-30 0.0617728018051864 0.136514825960469 0.0634941451077348 0.0119661747514179 0.726252052375191
2014-01-31 0.0613423421218888 0.13572623253202 0.063562126511004 0.0129774930510552 0.726391805784033
2014-02-03 0.095760069276547 0.127564873677148 0.0378352556792186 0.0124457084371898 0.726394092929897
2014-02-04 0.0953358274613264 0.128293806863292 0.0363523835548139 0.0121902457124632 0.727827736408105
2014-02-05 0.0951416336695741 0.127992482293701 0.0369286726415941 0.0126603130933502 0.727276898301781
2014-02-06 0.0964480837162776 0.129304108900387 0.0367652536685219 0.0113820567810731 0.72610049693374
2014-02-07 0.0967748873767307 0.130207818858312 0.0373488971817232 0.0106504007683059 0.725017995814928
2014-02-10 0.096720580376197 0.129535465812914 0.0375091338184422 0.0106746538124767 0.725560166179971
2014-02-11 0.0983742923035038 0.130730193728854 0.0373901307866581 0.0102388073304291 0.723266575850555
2014-02-12 0.099002600391392 0.130210875479294 0.0375385315987341 0.0100254064768513 0.723222586053728
2014-02-13 0.0995064516224772 0.131040212003071 0.0368973607650763 0.00994443846834933 0.722611537141026
2014-02-14 0.100103843892184 0.13173512481996 0.0363538885244121 0.00978687745384327 0.722020265309601
2014-02-18 0.100043684293523 0.130853302413506 0.0376503166078849 0.00966237331616337 0.721790323368923
2014-02-19 0.100117924929368 0.130027685546621 0.0372316092505528 0.0103087570398009 0.722314023233657
2014-02-20 0.0998081800519727 0.130647171264662 0.0364328015112953 0.00994001290194862 0.723171834270122
2014-02-21 0.100028377939495 0.130480388808993 0.0375429411594235 0.0100322675889472 0.721916024503142
2014-02-24 0.100475340844165 0.131049428518101 0.0372573394906632 0.00995089141607976 0.721266999730991
2014-02-25 0.100349778795856 0.13081198244047 0.0378060644023898 0.00994595296100436 0.72108622140028
2014-02-26 0.0999950368280501 0.130961068547902 0.0376325516195449 0.0100682440475527 0.721343098956951
2014-02-27 0.0992389792067778 0.131757814065931 0.0375803991466517 0.0100453023408956 0.721377505239743
2014-02-28 0.100112951603961 0.132277335871921 0.0374567275057717 0.0102043970120659 0.71994858800628
2014-03-03 0.0951393816578072 0.136273468295683 0.0343032210955286 0.0143330367051614 0.719950892245819
2014-03-04 0.0970897425333935 0.137960316061099 0.0345362709046958 0.0133379105039353 0.717075759996877
2014-03-05 0.0966290253073872 0.137953875702063 0.0348830314761681 0.0133278448583836 0.717206222655998
2014-03-06 0.096541717081692 0.138447598452969 0.0352644678633942 0.0132437277343326 0.716502488867612
2014-03-07 0.0947561757413598 0.138576021863534 0.0354065973760088 0.013552970499163 0.717708234519935
2014-03-10 0.0941847562060581 0.137620616078404 0.0347025944791614 0.0135394428967734 0.719952590339603
2014-03-11 0.0945854959023426 0.137003336927252 0.0349475290227607 0.0137241226969804 0.719739515450665
2014-03-12 0.0935650079516261 0.137336454322545 0.0341415311719292 0.0137458143030854 0.721211192250814
2014-03-13 0.0921133623016299 0.135730708969786 0.0343234764335835 0.0143460485552482 0.723486403739753
2014-03-14 0.0926098775430169 0.135087424023156 0.0332427963403627 0.0147668703211504 0.724293031772314
2014-03-17 0.0936535593502699 0.136348984946536 0.033423284299929 0.0140408894843764 0.722533281918889
2014-03-18 0.0941815148793868 0.136958570699297 0.0336188094624255 0.0134732539555424 0.721767851003348
2014-03-19 0.0945647315531926 0.13595046656715 0.033724538880744 0.0137417313881354 0.722018531610778
2014-03-20 0.0947039539484 0.136871750938363 0.0331672301549964 0.013649931877064 0.721607133081176
2014-03-21 0.0950477537544224 0.137501172639728 0.0331208213084312 0.0137238118216554 0.720606440475763
2014-03-24 0.0935699533882351 0.137533848287643 0.0338170478151339 0.0137650358671082 0.72131411464188
2014-03-25 0.0949109700869304 0.137998654125899 0.0335877090123841 0.013565195554996 0.71993747121979
2014-03-26 0.0959945881231071 0.13685529238726 0.0336673042195216 0.0138076989194043 0.719675116350707
2014-03-27 0.0959853705690319 0.136932465894159 0.0340320001803195 0.013635452641879 0.719414710714611
2014-03-28 0.0971332757422245 0.137457212507332 0.0342659568931527 0.0134423037554073 0.717701251101884
2014-03-31 0.0967523646651729 0.138660212982243 0.0343500666707245 0.0130015761500788 0.717235779531781
2014-04-01 0.092225341578977 0.14138085073944 0.0348710287254256 0.0142844804350377 0.717238298521119
2014-04-02 0.092354128487031 0.141439179149378 0.0350440117725999 0.014380338011164 0.716782342579827
2014-04-03 0.092388664991837 0.141397750299791 0.0352006809197743 0.0143600421499513 0.716652861638647
2014-04-04 0.0930293271524991 0.140438829119778 0.0352254109672969 0.014657551801736 0.71664888095869
2014-04-07 0.0915014939073336 0.139823965145584 0.0350465998892121 0.0150343547921865 0.718593586265684
2014-04-08 0.0913992165942412 0.139908428800421 0.034600516748181 0.0147750282971613 0.719316809559996
2014-04-09 0.0915288080016436 0.140931890109773 0.033966127001661 0.0144061570263791 0.719167017860543
2014-04-10 0.0912284177785045 0.138582858332609 0.0341403624594197 0.0153042379566655 0.720744123472801
2014-04-11 0.0902094581407802 0.137233065844002 0.0333777158047602 0.0158227110790426 0.723357049131415
2014-04-14 0.0903464231816463 0.13815373997018 0.0332119851127292 0.0156755273328077 0.722612324402637
2014-04-15 0.0887628306608308 0.139435478667542 0.0335250902986518 0.0155160301800755 0.7227605701929
2014-04-16 0.0898415623198435 0.140587933562014 0.0344220405554616 0.0149090003296478 0.720239463233033
2014-04-17 0.0907042358272578 0.140290332776136 0.0342617860341303 0.0146799195907343 0.720063725771742
2014-04-22 0.0923151748705316 0.140985651399 0.0340142679280067 0.014356450070592 0.71832845573187
2014-04-23 0.0917885893230685 0.140985754170576 0.0344052643878493 0.0143967884077487 0.718423603710758
2014-04-24 0.091859767619516 0.140814480418716 0.034079089544242 0.0145943649029235 0.718652297514603
2014-04-25 0.0906653008016183 0.139949131651187 0.0342392418177092 0.0147286081055547 0.720417717623931
2014-04-28 0.0910531787049711 0.140535832773247 0.0339216777466324 0.0144117488627264 0.720077561912423
2014-04-29 0.092232431615145 0.140906096685159 0.0338073284988318 0.0141250384950265 0.718929104705837
2014-04-30 0.0923638375892561 0.141233706785801 0.0337375371909625 0.0141345721717952 0.718530346262186
2014-05-02 0.09388763960496 0.140140127119139 0.0322825642372615 0.0141189230656416 0.719570745972998
2014-05-05 0.0936520444664917 0.140317286288524 0.0322911699318397 0.0139673376026627 0.719772161710482
2014-05-06 0.0931897464045855 0.139407157772373 0.032401477741465 0.0140848408474781 0.720916777234099
2014-05-07 0.0937221561106336 0.140087722363726 0.0314299554735782 0.0138094774829432 0.720950688569119
2014-05-08 0.0944451103736567 0.140016795603761 0.031711396862087 0.0138160091267852 0.72001068803371
2014-05-09 0.094186198979733 0.140496851913859 0.0318105111772682 0.0135152684010955 0.719991169528044
2014-05-12 0.0950516314743458 0.142431169770355 0.0318950108208089 0.0130681125320149 0.717554075402476
2014-05-13 0.0954380227556877 0.142408019105682 0.0324219877790326 0.01308999361308 0.716641976746518
2014-05-14 0.0955072269776361 0.141914902500221 0.0323782938858912 0.013025668594662 0.71717390804159
2014-05-15 0.0947447382437794 0.141020931544588 0.0323405409683283 0.0131907518855936 0.718703037357711
2014-05-16 0.0945208765931289 0.141576788227332 0.0319919880199441 0.0128896053101863 0.719020741849409
2014-05-19 0.0947903552496329 0.141783996630422 0.0318763567293373 0.0127306961985028 0.718818595192105
2014-05-20 0.0947317032260978 0.140647620931065 0.0320875120800181 0.0126366412564695 0.719896522506349
2014-05-21 0.0951422350763865 0.141834432599138 0.0319674248025163 0.0124135654571155 0.718642342064844
2014-05-22 0.0952536626120469 0.141874076284561 0.032678808865207 0.0124056883637458 0.717787763874439
2014-05-23 0.0955857368257283 0.142452290615822 0.0328489859021851 0.0122869584037672 0.716826028252498
2014-05-27 0.097018882381911 0.143033152152252 0.0331377700889956 0.0118757054115662 0.714934489965276
2014-05-28 0.0970463452729737 0.142640075548352 0.0331995853528169 0.011849469023449 0.715264524802409
2014-05-29 0.0969561342622976 0.143346243242736 0.0332801036307347 0.0117897098199463 0.714627809044286
2014-05-30 0.096971076516431 0.143590036735772 0.0332618858632758 0.0117443018077184 0.714432699076803
2014-06-02 0.0941388482302083 0.142782399644127 0.0352246992361763 0.0134188521777424 0.714435200711746
2014-06-03 0.0938573129987308 0.142808805122799 0.0353771935700816 0.0134679374513698 0.714488750857019
2014-06-04 0.0939173235940209 0.142951066871372 0.0353501491166405 0.0133264401143682 0.714455020303599
2014-06-05 0.0940714156982479 0.143701460762867 0.0352760846953437 0.0128377426086968 0.714113296234844
2014-06-06 0.0943873550530417 0.144431600477822 0.0352980807718146 0.0121875847115416 0.71369537898578
2014-06-09 0.0945700150530604 0.144212005414934 0.0353241418309407 0.0123415912417193 0.713552246459345
2014-06-10 0.094764739176519 0.144443489406709 0.035071556203098 0.0121293348864679 0.713590880327206
2014-06-11 0.0940534343842462 0.144220167018166 0.0354548608216953 0.0124069848057078 0.713864552970185
2014-06-12 0.0939648168967119 0.143644787644686 0.0353906964303502 0.0130036967805847 0.713996002247667
2014-06-13 0.0937032718094954 0.14391102369732 0.0357347606523964 0.0127803863034025 0.713870557537385
2014-06-16 0.0934940498389511 0.144033354038974 0.0353387349565754 0.0127690261101055 0.714364835055394
2014-06-17 0.0938157414994836 0.144182086874602 0.0354750495838451 0.0123240162644658 0.714203105777604
2014-06-18 0.0938718914517687 0.144846752091486 0.0357087980265837 0.0116562206186643 0.713916337811498
2014-06-19 0.094435486328181 0.144759632848428 0.0361851447458796 0.0117000154083201 0.712919720669191
2014-06-20 0.0943110008063564 0.144508466710981 0.0361391175451933 0.0118606840843595 0.71318073085311
2014-06-23 0.09376901936426 0.144650333255584 0.0361740815646708 0.0115781864454999 0.713828379369986
2014-06-24 0.0939612317792657 0.143721105675903 0.036259493077478 0.011995669562837 0.714062499904516
2014-06-25 0.0933953059499938 0.144200612071611 0.0360157926463428 0.0115620069604482 0.714826282371604
2014-06-26 0.0928620060572084 0.14398636780865 0.0361307311209482 0.01171454869796 0.715306346315233
2014-06-27 0.0930002406158549 0.144066907439078 0.035686292429857 0.0116190616974606 0.715627497817749
2014-06-30 0.0931929423740504 0.143591586788363 0.0358874807833187 0.0115172389901052 0.715810751064162
2014-07-01 0.0922643521811908 0.142074486203509 0.0392847754625453 0.0105639721737886 0.715812413978966
2014-07-02 0.0923606315809078 0.141984021863214 0.0392751713912202 0.0104554850755953 0.715924690089063
2014-07-03 0.0932833389098061 0.142710531168987 0.0391505483540632 0.0102915899566406 0.714563991610503
2014-07-07 0.0921745225880479 0.143156004117715 0.0392775284439257 0.0105232614860705 0.714868683364241
2014-07-08 0.0911335094369714 0.142480266475395 0.0392315059950095 0.0107059435025984 0.716448774590025
2014-07-09 0.0913980134705485 0.142925714383155 0.0392520067998213 0.0104931906141305 0.715931074732345
2014-07-10 0.0901907130057058 0.142462599579707 0.0390956637622835 0.0108680350519019 0.717382988600402
2014-07-11 0.0902499777852145 0.142639553425103 0.039025142108234 0.0107605992049115 0.717324727476537
2014-07-14 0.0911262802626897 0.14343381124233 0.039357659540781 0.0104244434051604 0.715657805549038
2014-07-15 0.0905580557822357 0.14343205296441 0.0395495598969853 0.010605569632728 0.715854761723641
2014-07-16 0.0916977244047742 0.143964888707279 0.0394214009515021 0.0103291348753221 0.714586851061122
2014-07-17 0.0907765009672855 0.143281248651899 0.0395411465358291 0.0113440398650873 0.715057063979899
2014-07-18 0.0904686254007521 0.144547434715698 0.0392921252648483 0.0105716881692017 0.7151201264495
2014-07-21 0.0895603037983009 0.144325540800592 0.0393976896306498 0.0108183681040083 0.715898097666449
2014-07-22 0.0905409193441206 0.144563123291501 0.0396613712188734 0.0105835225732499 0.714651063572255
2014-07-23 0.0906888823901046 0.144596663848323 0.0396300671644427 0.0106707977739187 0.714413588823211
2014-07-24 0.0910072417525291 0.144834392509542 0.039603446472653 0.0105920763084595 0.713962842956816
2014-07-28 0.0893181825262694 0.144563848732764 0.0402414152753579 0.0108577805823669 0.715018772883241
2014-07-29 0.089826043609789 0.143907826162736 0.0404615596208802 0.0108454172170626 0.714959153389532
2014-07-30 0.0893163008011068 0.143789960206436 0.0405178454520254 0.0110256679036847 0.715350225636748
2014-07-31 0.087876088751837 0.141857481593626 0.0405163575311474 0.0119984207648463 0.717751651358544
2014-08-01 0.0860378974437057 0.141123338263828 0.0449618815812413 0.0101235592388808 0.717753323472344
2014-08-04 0.0855935217543662 0.1414799240756 0.0448262640914395 0.00968465290280028 0.718415637175794
2014-08-05 0.0859665979430745 0.140456344980107 0.0444422951061265 0.0103771013282935 0.718757660642398
2014-08-06 0.0854563180657021 0.140895674571191 0.0440590646993084 0.0104198299815985 0.7191691126822
2014-08-07 0.0846462424679957 0.140679584548148 0.0444960294547676 0.0106433207707028 0.719534822758386
2014-08-08 0.084407228985539 0.142255280694417 0.0432528022983934 0.0102145167672682 0.719870171254383
2014-08-11 0.0858516329542062 0.141701828014285 0.0441453461077031 0.00977781116041649 0.718523381763389
2014-08-12 0.0848849642663117 0.141945480604343 0.0442898827843356 0.00972487296733008 0.71915479937768
2014-08-13 0.0859274798627352 0.142757156932843 0.0443978405598396 0.00916609544629911 0.717751427198283
2014-08-14 0.0861131477570084 0.143166846508368 0.0446061951334946 0.00885027819405674 0.717263532407072
2014-08-15 0.0850234817792645 0.14295892303476 0.0446390806627932 0.00886562464558332 0.718512889877599
2014-08-18 0.086258779044857 0.143800963461156 0.044509647334294 0.00851504630237387 0.71691556385732
2014-08-19 0.0869132628487562 0.144405103717193 0.0447985167117932 0.00840619110808488 0.715476925614173
2014-08-20 0.0866554422101849 0.145212334390425 0.0447997823344796 0.00846312734106286 0.714869313723847
2014-08-21 0.0872752279107728 0.145916328024998 0.0450051267089756 0.00847529383638358 0.71332802351887
2014-08-22 0.0867702470753651 0.146075260340617 0.0447641452066176 0.00844896847280482 0.713941378904595
2014-08-25 0.0881283368598247 0.146574719457558 0.0448765093250732 0.00833567149354475 0.712084762864
2014-08-26 0.0887297175829479 0.147118731803988 0.0446417798085281 0.00839414523402605 0.71111562557051
2014-08-27 0.0885425417552511 0.147278716385134 0.0447376940865815 0.0084533288447718 0.710987718928262
2014-08-28 0.0876579140661501 0.147260241362589 0.0446249147136 0.00859745005901572 0.711859479798645
2014-08-29 0.0877297809488394 0.147280033344365 0.0445660830013918 0.00854892451649344 0.71187517818891
2014-09-02 0.0876993650344698 0.144061792325777 0.0459639818827611 0.0103984454085466 0.711876415348445
2014-09-03 0.0887056912029452 0.144073630378999 0.0458416239241748 0.0102660238830802 0.711113030610801
2014-09-04 0.0895703473482456 0.143777633587695 0.045538689219066 0.0102838977111286 0.710829432133865
2014-09-05 0.0896502609414768 0.144801208339949 0.0456795469275088 0.0100637309851811 0.709805252805884
2014-09-08 0.089586496826766 0.145742508090418 0.0461011280607643 0.0100671819146437 0.708502685107408
2014-09-09 0.089224364954273 0.145152603998695 0.0462034488560605 0.0103390522584745 0.709080529932497
2014-09-10 0.0890661390525093 0.14600522842588 0.0460613444656598 0.0102733629048431 0.708593925151108
2014-09-11 0.0890302216996607 0.14557290984879 0.0461836055130278 0.0102530072712999 0.708960255667222
2014-09-12 0.0887190665261831 0.145187182834572 0.0461830105628149 0.0104868578397706 0.709423882236659
2014-09-15 0.0888025210258342 0.145119616716094 0.0458505674399395 0.0107586507024735 0.709468644115659
2014-09-16 0.088532008424379 0.146140400972818 0.0458439506686399 0.0102134299123437 0.70927021002182
2014-09-17 0.0887659981118382 0.146271608167999 0.0457996389713933 0.0101185873362593 0.709044167412511
2014-09-18 0.0898041195239208 0.146835621963732 0.0460872985124416 0.00993708305920584 0.7073358769407
2014-09-19 0.0896943382806385 0.147530729196658 0.0464481353815778 0.00993473606896778 0.706392061072158
2014-09-22 0.0893056086753894 0.147308945485073 0.0461840856644354 0.0102816825534299 0.706919677621672
2014-09-23 0.0880836630184535 0.146457583494726 0.0462856918682716 0.0106958367480057 0.708477224870543
2014-09-24 0.0885819933964331 0.14739296987848 0.0461351791646697 0.0103383128983323 0.707551544662085
2014-09-25 0.0873487087973367 0.145781284246971 0.0469180560584245 0.0111004773851889 0.708851473512079
2014-09-26 0.087034790706427 0.147891903537848 0.0465827911755135 0.0107359977242711 0.707754516855941
2014-09-29 0.0863561380275098 0.148185383023926 0.0469247677751289 0.0112547739972063 0.707278937176229
2014-09-30 0.0868366987525024 0.147944246358656 0.0464683867939893 0.0113911933857896 0.707359474709063
2014-10-01 0.0857743375022896 0.146319925857197 0.047122044844257 0.0134235435106503 0.707360148285606
2014-10-02 0.0842869795441676 0.147106323087453 0.0461052336906598 0.0133188204251562 0.709182643252563
2014-10-03 0.0841961512691162 0.148407900897956 0.0464886077336095 0.0124866402701262 0.708420699829192
2014-10-06 0.0841312790471535 0.149464515270199 0.0469383885132751 0.0126517597849528 0.706814057384419
2014-10-07 0.0832834732075848 0.147114215804219 0.0467954807953313 0.0136184334398989 0.709188396752966
2014-10-08 0.082535674781973 0.148727208584192 0.0463301962628441 0.0124834377359378 0.709923482635053
2014-10-09 0.082825081088309 0.145768686111191 0.0461175977710921 0.0136401783462339 0.711648456683174
2014-10-10 0.0810626238654188 0.144447662711982 0.0456238294306395 0.0152241083108632 0.713641775681096
2014-10-13 0.0811654709078114 0.143402794711633 0.0460215990812371 0.0167758320090245 0.712634303290294
2014-10-14 0.0814290531566453 0.143109869071543 0.0450072508094456 0.0165383001255892 0.713915526836778
2014-10-15 0.0793579953902259 0.141907409856121 0.0456196625953027 0.0167984654899037 0.716316466668447
2014-10-16 0.0795157231961822 0.141725494743001 0.0447291952861908 0.0172028067721303 0.716826780002496
2014-10-17 0.081812889228229 0.142544709121297 0.0439654985829545 0.016420243971239 0.715256659096281
2014-10-20 0.0806152479029494 0.143219394454521 0.0455071124654647 0.0151570400149146 0.71550120516215
2014-10-22 0.082453334607973 0.143198591151542 0.0456508978814383 0.0150830442606333 0.713614132098413
2014-10-23 0.0831989960273523 0.145583643219508 0.0455014389252606 0.0141754289977902 0.711540492830089
2014-10-24 0.0825398973404701 0.14703098283195 0.0458239431860679 0.0140251690993227 0.71058000754219
2014-10-27 0.0818536634245928 0.147046169638819 0.0458523806945956 0.0138299939589138 0.711417792283079
2014-10-28 0.0832252545896632 0.148138742086656 0.0456145024692312 0.0128880278791845 0.710133472975265
2014-10-29 0.0833264734499398 0.14755071962485 0.0461649892997614 0.0131025767819692 0.709855240843479
2014-10-30 0.0834273900001401 0.149010689261199 0.0462191518662062 0.0131229156101988 0.708219853262256
2014-10-31 0.0847747267698713 0.151054423686041 0.0481826025306567 0.0126885441023712 0.703299702911059
2014-11-03 0.0844444527040519 0.148349796622991 0.0503744703314809 0.0135308735874585 0.703300406754018
2014-11-04 0.0836968981208332 0.148946499829984 0.0503461401846751 0.0134523151473975 0.70355814671711
2014-11-05 0.0849143905132853 0.149234643900907 0.0502111192265739 0.0132630193089371 0.702376827050297
2014-11-06 0.0854664928307349 0.149845762677001 0.0494959920361069 0.0129146565971503 0.702277095859007
2014-11-07 0.0846900909490878 0.150547460225073 0.0497224055634845 0.0127310132123234 0.702309030050031
2014-11-10 0.0852018238756694 0.151031519288338 0.0495219247178743 0.0122259749532595 0.702018757164859
2014-11-11 0.0852608327976768 0.150760299069641 0.0505419928664848 0.0122164130810273 0.70122046218517
2014-11-12 0.083906348879991 0.151276625324681 0.0504964391073902 0.0123952110981279 0.70192537558981
2014-11-13 0.0841751727899551 0.151128771729797 0.0508672198582082 0.0125114336002826 0.701317402021757
2014-11-14 0.0841955313490767 0.151011163560907 0.0510921129288971 0.0125478708454165 0.701153321315703
2014-11-17 0.0848779441419511 0.150638647407431 0.0491508312359119 0.0125506465555994 0.702781930659107
2014-11-18 0.0859979821325056 0.150772330558162 0.0501844262356901 0.0122955324887276 0.700749728584915
2014-11-19 0.0861261914958656 0.150840575370842 0.0498516881846108 0.0125901894913013 0.70059135545738
2014-11-20 0.0862835503182134 0.150751634084209 0.0494508045165359 0.0124670129513885 0.701046998129653
2014-11-21 0.0883216232279353 0.151083688009288 0.0491236872150151 0.0121910299791952 0.699279971568567
2014-11-24 0.0885494432794217 0.152531842876919 0.0497385341194496 0.0118906966301791 0.69728948309403
2014-11-25 0.0891979663422359 0.152284832885613 0.0497052851255262 0.0118031798930027 0.697008735753622
2014-11-26 0.0897101849115337 0.151976024561709 0.0495195766390843 0.0116230573164209 0.697171156571252
2014-11-28 0.0902550958732071 0.151295078205523 0.0497082326674112 0.0119217321718598 0.696819861081999
2014-12-01 0.0893898239748189 0.151589725739953 0.0457926886320045 0.0164072131331299 0.696820548520094
2014-12-02 0.0891479782876521 0.152381488945562 0.0459820408928345 0.0154922187486578 0.696996273125294
2014-12-03 0.0894152810109664 0.152824091715667 0.046094315952366 0.0152216239303635 0.696444687390637
2014-12-04 0.0882978131645593 0.153740174514324 0.0465840745760749 0.015226637159372 0.69615130058567
2014-12-05 0.0901842070394918 0.154031892349268 0.0464401982839165 0.0149366310639346 0.694407071263389
2014-12-08 0.0896112773424765 0.153854254349147 0.0460744014364327 0.015492740237604 0.69496732663434
2014-12-09 0.0878421199361301 0.153781338227584 0.0459813018685324 0.0157539165590693 0.696641323408684
2014-12-10 0.0880865209583058 0.151031716241992 0.0452782169850981 0.0174508499739268 0.698152695840677
2014-12-11 0.0885306254582735 0.150808443219674 0.044986860362655 0.0184671505698661 0.697206920389531
2014-12-12 0.0864881068470284 0.148271247458893 0.0455516830128275 0.0195543784314785 0.700134584249773
2014-12-15 0.0845570469122651 0.147814729621189 0.0448391353856357 0.0191646924847034 0.703624395596207
2014-12-16 0.0865061670846371 0.146825647044544 0.0440746465940886 0.0200499763868371 0.702543562889893
2014-12-17 0.0863007413974511 0.148821614348014 0.0445768834837282 0.0179942650773231 0.702306495693484
2014-12-18 0.0881134517657662 0.151600314088225 0.0453689576586685 0.0173440477408632 0.697573228746477
2014-12-19 0.0876581466787364 0.15325939463459 0.0462605741293399 0.0171421191368318 0.695679765420501
2014-12-22 0.0881555671825693 0.155310643431544 0.046196958231151 0.0162952303943924 0.694041600760343
2014-12-23 0.0885839861284597 0.155509472281496 0.0461578253057641 0.0162928564605215 0.693455859823758
2014-12-24 0.088521879942762 0.155872567756162 0.0464664567311022 0.0161672173780503 0.692971878191923
2014-12-29 0.0885305686650963 0.156287844586103 0.0462151482729821 0.0162747983108836 0.692691640164935
2014-12-30 0.087620477558342 0.15608180601548 0.04552242581273 0.0167018808201793 0.694073409793269
2014-12-31 0.087566534271945 0.154966716949796 0.0458064329889449 0.0180120632265334 0.69364825256278
2015-01-02 0.0877296567123377 0.153175553282238 0.0474999058229157 0.0179459907469847 0.693648893435524
2015-01-05 0.085357771530045 0.152010626004927 0.0476744930350076 0.019287535773305 0.695669573656715
2015-01-06 0.0854136523176853 0.15180756509944 0.0466569609978025 0.0197375109636613 0.69638431062141
2015-01-07 0.085652164295498 0.153465686694224 0.0470399684046721 0.0190711094062214 0.694771071199385
2015-01-08 0.0879552771043315 0.156235018382308 0.0477889147850342 0.0177320715027538 0.690288718225572
2015-01-09 0.086418501211493 0.155667140233398 0.0479290937471354 0.0184622693036753 0.691522995504298
2015-01-12 0.087546460897813 0.154244588305195 0.0478925153123256 0.0193192483360893 0.690997187148577
2015-01-13 0.0888112396771267 0.15379658145608 0.0478260637982086 0.0198029419820328 0.689763173086552
2015-01-14 0.0879304994687868 0.152908826812209 0.0473400308080553 0.0202754916902001 0.691545151220749
2015-01-15 0.0895543890359442 0.151842634609825 0.048627958806168 0.0207874202956693 0.689187597252394
2015-01-16 0.0904996116551533 0.153896967190621 0.0480490504562822 0.0203489458507276 0.687205424847216
2015-01-20 0.0909086920124177 0.154984155481053 0.0497450081209754 0.0200629015780908 0.684299242807463
2015-01-21 0.0913522897387796 0.155530110744108 0.0491650084361892 0.0191236369080357 0.684828954172887
2015-01-22 0.0923149838211323 0.15749137238174 0.0493443731456201 0.0178467012518988 0.683002569399609
2015-01-23 0.0940122957236427 0.156268342452598 0.0498671810987566 0.0182648821059512 0.681587298619051
2015-01-26 0.0946813351205252 0.160018091670352 0.0510064804547192 0.0173106928593632 0.676983399895041
2015-01-27 0.0934582010876402 0.157644786073276 0.0518487750596126 0.018136431509867 0.678911806269605
2015-01-28 0.0942590732151811 0.154987219946665 0.0516240319236722 0.0196656308922944 0.679464044022187
2015-01-29 0.0944833015602636 0.156238321954329 0.0509033544402537 0.0189994668626894 0.679375555182464
2015-01-30 0.0940666595259654 0.154605116952876 0.0512893459295367 0.0209033240533158 0.679135553538306
2015-02-02 0.0913470240155953 0.160431985432094 0.0368353205542155 0.0322496408622827 0.679136029135813
2015-02-03 0.0918103643957632 0.162614917518551 0.0362440638120677 0.0306930924024778 0.67863756187114
2015-02-04 0.0919060796325204 0.161727220099393 0.0367811015849253 0.0315073107247583 0.678078287958402
2015-02-05 0.091940413418619 0.162800051672703 0.0361678701991153 0.0303910704197012 0.678700594289861
2015-02-06 0.0912935207151035 0.162822584533841 0.0366670950084276 0.0316229606522763 0.677593839090352
2015-02-09 0.0898781055767895 0.163238034059271 0.0365299006804391 0.031823555619145 0.678530404064356
2015-02-10 0.0905788756187592 0.164282435931219 0.0364753787654919 0.0305844715435839 0.678078838140946
2015-02-11 0.0905504937036472 0.164297925290632 0.0364481009761939 0.0307273722478141 0.677976107781713
2015-02-12 0.0918553090581798 0.165237899358331 0.0368260028312073 0.0288859556679655 0.677194833084317
2015-02-13 0.0922466964728391 0.165229643676148 0.0366129116181423 0.0285430517483271 0.677367696484543
2015-02-17 0.091740287498977 0.164804813961138 0.0369770856006843 0.0286367284264047 0.677841084512795
2015-02-18 0.0922041545919731 0.164806442231203 0.0373945576397141 0.0283887103126955 0.677206135224414
2015-02-19 0.0926308459346774 0.164390770961445 0.0373911280121509 0.02777761725279 0.677809637838937
2015-02-20 0.0929564127776006 0.165508619096489 0.0375728018600986 0.0267665086608037 0.677195657605008
2015-02-23 0.0935292083174346 0.165388029603653 0.0378072714375698 0.0268200386209299 0.676455452020413
2015-02-24 0.0940484346375735 0.166447408246943 0.0381298662616162 0.0257040666601577 0.67567022419371
2015-02-25 0.0940287521368291 0.166794425302703 0.0381028817153244 0.0258169304281904 0.675257010416953
2015-02-26 0.0949438245538828 0.166248889395168 0.0385103459184696 0.0255053004471533 0.674791639685326
2015-02-27 0.0955315452273522 0.165995431415914 0.0385891981454318 0.0253487219082967 0.674535103303005
2015-03-02 0.0940335198552571 0.162732278468468 0.0370305510329273 0.0316682075802838 0.674535443063064
2015-03-03 0.0930680887029329 0.162245088456933 0.0369889031915008 0.032392992927556 0.675304926721078
2015-03-04 0.0939957300880709 0.161402461754164 0.0368240446848392 0.0323285997555362 0.67544916371739
2015-03-05 0.0947529658763439 0.162166082025878 0.0370506993072642 0.0318641026078391 0.674166150182675
2015-03-06 0.0950323274003288 0.160732844061225 0.0376391156307095 0.0331898206641289 0.673405892243608
2015-03-09 0.0948868949789246 0.164364918457655 0.0375660483780809 0.0326136634443442 0.670568474740995
2015-03-10 0.0945202996595414 0.161680227819437 0.0373497310417713 0.0337239932310704 0.67272574824818
2015-03-11 0.0965905204161336 0.161901568207476 0.0374243796019141 0.034418328422905 0.669665203351571
2015-03-12 0.0961960873212542 0.165894051031322 0.038361883717839 0.0322435956291816 0.667304382300404
2015-03-16 0.0985244500267333 0.167667627507094 0.0390973957997808 0.0319427814355823 0.662767745230809
2015-03-17 0.0973306252485024 0.166321341876718 0.0394789136284 0.031919303072305 0.664949816174074
2015-03-18 0.0969051762704228 0.167738447644064 0.0395214973548915 0.0305659636680769 0.665268915062545
2015-03-19 0.0969295296131344 0.166313723459942 0.0393794740597416 0.0306336885772454 0.666743584289937
2015-03-20 0.0979964012002272 0.16626448415608 0.0393510221303995 0.0301422050598151 0.666245887453478
2015-03-23 0.0971640901949436 0.165301675371987 0.0393052289529657 0.0296707758802839 0.66855822959982
2015-03-24 0.0981132921818686 0.16384114252137 0.0395519363027919 0.0295806402636221 0.668912988730348
2015-03-25 0.0973341132022061 0.160637432537842 0.0395613787199791 0.03101519778942 0.671451877750552
2015-03-26 0.0973025355303422 0.160380795467628 0.039053939012063 0.0308016575112218 0.672461072478745
2015-03-27 0.097534693945963 0.160536709913613 0.0388181698636634 0.0304443653071147 0.672666060969646
2015-03-30 0.0988466968762414 0.16321601089847 0.0391205031794845 0.0293800585296434 0.669436730516161
2015-03-31 0.0980493707511242 0.162281005764139 0.0387569482480963 0.0302250555077951 0.670687619728845
2015-04-01 0.0935979214134192 0.164656111254995 0.0384742538585584 0.0325839359830175 0.67068777749001
2015-04-02 0.0932766673797293 0.165330768245344 0.0391305683688603 0.0319773515355415 0.670284644470524
2015-04-07 0.0946672847634004 0.163267305513859 0.0392918522051431 0.0312563267332381 0.67151723078436
2015-04-08 0.0939074972313013 0.16485417113562 0.0396405668816124 0.03061815338103 0.670979611370436
2015-04-09 0.0947554871102468 0.165927594220981 0.0400397755162602 0.0295047556798948 0.669772387472617
2015-04-10 0.0960927848160221 0.167851281566796 0.0401297383650817 0.0281335332413607 0.667792662010739
2015-04-13 0.0955957130494396 0.168829834329184 0.0405556624163973 0.0287419147822601 0.666276875422719
2015-04-14 0.0947496214158782 0.169753022296661 0.040610022439774 0.0285054026174374 0.666381931230249
2015-04-15 0.0947896072955636 0.170181653632635 0.0406823098030295 0.0278870279161942 0.666459401352577
2015-04-16 0.0932634896528041 0.170107936044942 0.0408099999742592 0.0273843087063894 0.668434265621605
2015-04-17 0.0913956981883489 0.167271803504069 0.0403695914769592 0.0285336595865026 0.67242924724412
2015-04-20 0.0929154940125187 0.167585679166914 0.0400164224065626 0.0275530761424387 0.671929328271566
2015-04-21 0.0932106931616943 0.167242657492304 0.0406563706497604 0.0275174754273545 0.671372803268887
2015-04-22 0.0925377241517619 0.16860668729318 0.0410830097350059 0.0271914121416461 0.670581166678406
2015-04-23 0.0915569985231702 0.168742196675852 0.0411115648108264 0.0269774937368655 0.671611746253286
2015-04-24 0.0922314741912977 0.168819671022477 0.0406816525510372 0.0267069493217297 0.671560252913458
2015-04-27 0.0940255061445804 0.166478744605295 0.0404298062611276 0.0274261380185318 0.671639804970466
2015-04-28 0.0924030773823364 0.167578568692124 0.0406538574089859 0.0266011150239081 0.672763381492645
2015-04-29 0.0897840984445719 0.166734834885426 0.0408108966413451 0.0273081471256306 0.675362022903026
2015-04-30 0.0903321280225587 0.163943012896378 0.0393280207084957 0.0281975350680598 0.678199303304508
2015-05-04 0.0904293415202137 0.160554719704291 0.042848076616579 0.0287412098691846 0.677426652289732
2015-05-05 0.0883866777955606 0.160137858938168 0.042556986346331 0.0297162041997082 0.679202272720233
2015-05-06 0.0885321571344966 0.159614150852312 0.0426347864311879 0.0302457993774684 0.678973106204535
2015-05-07 0.0891077420947976 0.159003878699644 0.0418983968370356 0.0300664596460533 0.67992352272247
2015-05-08 0.0912486731773119 0.160109716233369 0.0418362057056161 0.0284887327939277 0.678316672089775
2015-05-11 0.0907705469607578 0.160644502533919 0.0425885951446396 0.0291312321242801 0.676865123236403
2015-05-12 0.089320389266202 0.161122595167432 0.0427686496089737 0.0290712349367094 0.677717131020683
2015-05-13 0.0885590533087788 0.160777244548891 0.0429592041676258 0.0286046856720707 0.679099812302634
2015-05-14 0.0900722972757656 0.161288620916153 0.0423826882640365 0.0280023872096074 0.678254006334437
2015-05-15 0.0894126757609974 0.160300854467027 0.042571612137752 0.0277941007171217 0.679920756917102
2015-05-18 0.0905972273571505 0.159680882491977 0.0426257265927419 0.0269175666608836 0.680178596897247
2015-05-19 0.0923537330169812 0.160106117402539 0.0428749721208754 0.02645278771016 0.678212389749444
2015-05-20 0.0920400732474084 0.161778096171939 0.0435670228460777 0.0264288797356843 0.676185927998891
2015-05-21 0.0920646845575437 0.163145109206482 0.0436722333826694 0.0256705182044266 0.675447454648878
2015-05-22 0.0917546092792346 0.162739714063014 0.0437758383680447 0.0257327462015547 0.675997092088152
2015-05-26 0.0902241023715575 0.162991238111011 0.0445123048941776 0.0266942671456925 0.675578087477562
2015-05-27 0.0911500480961851 0.164691017611577 0.0444410352979151 0.0256722264253083 0.674045672569015
2015-05-28 0.0904581060305417 0.16489914466781 0.0444123389799846 0.0259425358766737 0.67428787444499
2015-05-29 0.0887409534755824 0.163985993348021 0.0442685215308802 0.0262312527216385 0.676773278923878
2015-06-01 0.0877377553498351 0.161613416962003 0.0465774662054845 0.0272981954066837 0.676773166075994
2015-06-02 0.0868957797889639 0.162104869636139 0.0466778486175015 0.0276977985129589 0.676623703444437
2015-06-03 0.0876784040705775 0.161646506762641 0.0461409526579623 0.027246476081182 0.677287660427638
2015-06-04 0.0874290510066346 0.15843363024804 0.0458092895666942 0.0282610205413109 0.68006700863732
2015-06-05 0.0866611291004469 0.157205800222968 0.0454851857755559 0.0279185434955806 0.682729341405448
2015-06-08 0.0855267667517258 0.1585931063152 0.0456132070456195 0.0284224994489183 0.681844420438537
2015-06-10 0.0872010645919007 0.158500398579329 0.0445347372442996 0.0269428456413672 0.682820953943103
2015-06-11 0.0876350385004183 0.158389960573779 0.0455489159289249 0.0262879292274476 0.68213815576943
2015-06-12 0.0866993184158297 0.157775421318134 0.045766852125078 0.0266894242333121 0.683068983907646
2015-06-15 0.0851812891070158 0.157117005002287 0.0458011962692843 0.027869341894937 0.684031167726476
2015-06-16 0.0855305351838325 0.158409211048999 0.0455599493459665 0.0273367128312323 0.68316359158997
2015-06-17 0.0850951800333197 0.158460485719883 0.0453989362302228 0.0272732402811606 0.683772157735414
2015-06-18 0.0859531157996903 0.159799111697896 0.0447360821776211 0.02645501676651 0.683056673558282
2015-06-19 0.0856897823908807 0.15778244898229 0.0450693016774092 0.026781639136366 0.684676827813054
2015-06-22 0.08858901375426 0.158390937069366 0.0456686699657108 0.0254750072302381 0.681876371980425
2015-06-23 0.0891671958125884 0.158294539451376 0.0463022168637265 0.0247878954943804 0.681448152377928
2015-06-24 0.0885784487747827 0.158374475417908 0.0466629647461575 0.0252293227454017 0.68115478831575
2015-06-25 0.0885733447921475 0.158404980564447 0.0465605219979068 0.0254570401838418 0.681004112461657
2015-06-26 0.0887027687281165 0.158698412765094 0.0464542597201534 0.0252910789985694 0.680853479788066
2015-06-29 0.0857915121149766 0.15644143067627 0.0453125334281427 0.0296329884505334 0.682821535330077
2015-06-30 0.0846320903898533 0.157581995320033 0.0462736171267138 0.0294118611060028 0.682100436057397
